t;1679963425170;29845906;;0;140;;1;
t;1682647787922;29832594;;0;289;;2;
t;1679359452562;29827474;;0;1003;;1;
t;1678284206482;29949330;;0;18;;1;
t;1678015679890;29943186;;0;190;;1;
t;1679963425170;29848978;;0;153;;2;
t;1683117527442;29788562;;0;491;;1;
t;1682647787922;29831570;;0;137;;1;
t;1678822415762;29946258;;0;125;;2;
t;1680366078354;29848978;;0;168;;2;
t;1680835829138;29802898;;0;252;;2;
t;1680366078354;29845906;;0;110;;1;
t;1683117527442;29789586;;0;11;;2;
t;1681104261522;29788562;;0;52;;1;
t;1679359452562;29829522;;0;1264;;2;
t;1678822415762;29947282;;0;125;;1;
t;1682043131282;29739410;;0;169;;1;
t;1678015679890;29945234;;0;2;;2;
t;1682446461330;29831570;;0;205;;1;
t;1681104261522;29789586;;0;407;;2;
t;1678956633490;29946258;;0;166;;2;
t;1680029865362;29739410;;0;648;;1;
t;1682178024850;29827474;;0;150;;1;
t;1678956779922;29799826;;0;464;;2;
t;1680231860626;29845906;;0;573;;1;
t;1682446461330;29832594;;0;289;;2;
t;1678956633490;29947282;;0;134;;1;
t;1680365409682;29739410;;0;145;;1;
t;1679492166034;29948306;;0;48;;2;
t;1682178024850;29829522;;0;115;;2;
t;1682513556882;29824402;;0;392;;2;
t;1681641129362;29773202;;0;250;;2;
t;1682714219922;29739410;;0;109;;1;
t;1682043131282;29742482;;0;288;;2;
t;1680365409682;29742482;;0;133;;2;
t;1679962756498;29742482;;0;220;;2;
t;1681708238226;29773202;;0;337;;2;
t;1679559274898;29948306;;0;26;;2;
t;1680835840402;29845906;;0;148;;1;
t;1678352820626;29832594;;0;140;;2;
t;1679962756498;29739410;;0;73;;1;
t;94334354;29818258;;0;815;;1;
t;1682310647186;29943186;;0;0;;1;
t;1681708238226;29772178;;0;134;;1;
t;1680835840402;29848978;;0;450;;2;
t;94341522;29845906;;0;1154;;1;
t;1680231848338;29799826;;0;336;;2;
t;1682580668818;29841810;;0;105;;1;
t;1678352820626;29831570;;0;213;;1;
t;1678956780946;29801874;;0;512;;1;
t;1681506917778;29801874;;0;196;;1;
t;1677949490578;29739410;;0;1;;1;
t;1677883032978;29772178;;0;307;;1;
t;1681439807890;29799826;;0;428;;2;
t;94330258;29801874;;0;1427;;1;
t;94341522;29848978;;0;1410;;2;
t;1679492166034;29949330;;0;2;;1;
t;1682513556882;29821330;;0;0;;1;
t;1682580668818;29842834;;0;69;;2;
t;1681641141650;29824402;;0;275;;2;
t;1678688354706;29842834;;0;126;;2;
t;1681506917778;29802898;;0;47;;2;
t;1677815272850;29742482;;0;200;;2;
t;1682310647186;29945234;;0;100;;2;
t;1677883032978;29773202;;0;390;;2;
t;1679694972306;29773202;;0;260;;2;
t;1681708250514;29824402;;0;471;;2;
t;1678621239698;29814162;;0;2;;1;
t;94349714;29832594;;0;1519;;2;
t;1677883045266;29821330;;0;404;;1;
t;1680633845138;29739410;;0;641;;1;
t;1677815272850;29739410;;0;354;;1;
t;94334354;29819282;;0;995;;2;
t;94348690;29827474;;0;1467;;1;
t;1679694972306;29772178;;0;166;;1;
t;94349714;29831570;;0;1244;;1;
t;1678218602898;29831570;;0;3;;1;
t;1683049764242;29739410;;0;93;;1;
t;1680029865362;29742482;;0;302;;2;
t;1681439808914;29802898;;0;576;;2;
t;1678284206482;29948306;;0;82;;2;
t;1680500290962;29821330;;0;422;;1;
t;94326162;29781394;;0;482;;1;
t;1680835171730;29742482;;0;528;;2;
t;1681439808914;29801874;;0;197;;1;
t;1678621239698;29816210;;0;173;;2;
t;1681439820178;29848978;;0;590;;2;
t;1681035669906;29949330;;0;105;;1;
t;1678017253778;29788562;;0;144;;1;
t;1680500290962;29824402;;0;863;;2;
t;1682714219922;29742482;;0;242;;2;
t;1680835171730;29739410;;0;70;;1;
t;1677949490578;29742482;;0;277;;2;
t;1681842466194;29818258;;0;815;;1;
t;1682847609234;29948306;;0;0;;2;
t;1681035669906;29948306;;0;0;;2;
t;1678017253778;29789586;;0;245;;2;
t;93672850;29739410;;0;4787;;1;
t;94326162;29783442;;0;393;;2;
t;1678754796946;29742482;;0;198;;2;
t;1682847609234;29949330;;0;225;;1;
t;94348690;29829522;;0;1792;;2;
t;1678419906962;29788562;;0;165;;1;
t;93672850;29742482;;0;5850;;2;
t;1680164759954;29832594;;0;47;;2;
t;1679223639442;29945234;;0;249;;2;
t;1680633845138;29742482;;0;5;;2;
t;1681439820178;29845906;;0;183;;1;
t;1678688354706;29841810;;0;149;;1;
t;1678419906962;29789586;;0;0;;2;
t;1680097628562;29789586;;0;181;;2;
t;1680902957458;29831570;;0;250;;1;
t;1679223639442;29943186;;0;26;;1;
t;94329234;29797778;;0;1745;;1;
t;1678285689234;29788562;;0;2;;1;
t;1680097628562;29788562;;0;6;;1;
t;1677883045266;29824402;;0;293;;2;
t;1678754796946;29739410;;0;332;;1;
t;1680835681682;29946258;;0;0;;2;
t;1680835828114;29799826;;0;123;;2;
t;94182802;29947282;;0;796;;1;
t;1678285689234;29789586;;0;205;;2;
t;1678284115346;29943186;;0;203;;1;
t;1680835681682;29947282;;0;125;;1;
t;94329234;29799826;;0;1426;;2;
t;1681035578770;29943186;;0;0;;1;
t;1680500278674;29773202;;0;457;;2;
t;1682513544594;29773202;;0;264;;2;
t;1680565907858;29948306;;0;249;;2;
t;94182802;29946258;;0;650;;2;
t;1680970053010;29821330;;0;625;;1;
t;92844434;29949330;;0;497;;1;
t;1678084385170;29831570;;0;1;;1;
t;1680500278674;29772178;;0;828;;1;
t;1680835828114;29797778;;0;475;;1;
t;1682513544594;29772178;;0;128;;1;
t;1680565907858;29949330;;0;98;;1;
t;1678084385170;29832594;;0;181;;2;
t;92844434;29948306;;0;405;;2;
t;94339474;29842834;;0;263;;2;
t;1678284115346;29945234;;0;4;;2;
t;1681035578770;29945234;;0;125;;2;
t;1681775362450;29842834;;0;68;;2;
t;94339474;29841810;;0;323;;1;
t;1681439807890;29797778;;0;345;;1;
t;1679023232402;29739410;;0;156;;1;
t;1680835829138;29801874;;0;346;;1;
t;94324114;29773202;;0;2632;;2;
t;1682647762322;29773202;;0;221;;2;
t;1679694984594;29824402;;0;102;;2;
t;1680970053010;29824402;;0;2;;2;
t;1681641129362;29772178;;0;213;;1;
t;1680565816722;29943186;;0;65;;1;
t;1678821905810;29739410;;0;218;;1;
t;94324114;29772178;;0;2155;;1;
t;1682647762322;29772178;;0;205;;1;
t;1680701614482;29816210;;0;149;;2;
t;1683049764242;29742482;;0;185;;2;
t;1679559274898;29949330;;0;49;;1;
t;1678218602898;29832594;;0;255;;2;
t;1679292343698;29829522;;0;413;;2;
t;1680231701906;29947282;;0;227;;1;
t;1680565816722;29945234;;0;110;;2;
t;94336402;29821330;;0;1963;;1;
t;1680231701906;29946258;;0;273;;2;
t;1679292343698;29827474;;0;314;;1;
t;92753298;29943186;;0;484;;1;
t;1681641141650;29821330;;0;188;;1;
t;94336402;29824402;;0;2398;;2;
t;1679426538898;29781394;;0;482;;1;
t;1681573369234;29739410;;0;518;;1;
t;1678821905810;29742482;;0;170;;2;
t;1680231849362;29802898;;0;446;;2;
t;1680231848338;29797778;;0;286;;1;
t;94327186;29789586;;0;1049;;2;
t;1681708250514;29821330;;0;0;;1;
t;1678956780946;29802898;;0;423;;2;
t;1681573369234;29742482;;0;160;;2;
t;1679023232402;29742482;;0;2;;2;
t;1680970040722;29772178;;0;174;;1;
t;1680231860626;29848978;;0;49;;2;
t;94327186;29788562;;0;860;;1;
t;92753298;29945234;;0;590;;2;
t;1679426538898;29783442;;0;393;;2;
t;1681842466194;29819282;;0;995;;2;
t;1680231849362;29801874;;0;176;;1;
t;1678956779922;29797778;;0;471;;1;
t;94333330;29814162;;0;265;;1;
t;1681506916754;29797778;;0;168;;1;
t;1680970040722;29773202;;0;453;;2;
t;1679963266450;29947282;;0;185;;1;
t;1680164759954;29831570;;0;435;;1;
t;1681775362450;29841810;;0;69;;1;
t;1679425885586;29739410;;0;1260;;1;
t;1679963266450;29946258;;0;86;;2;
t;94333330;29816210;;0;322;;2;
t;1680701614482;29814162;;0;263;;1;
t;1679694984594;29821330;;0;324;;1;
t;94330258;29802898;;0;1744;;2;
t;1679425885586;29742482;;0;2940;;2;
t;1681506916754;29799826;;0;75;;2;
t;1680902957458;29832594;;0;318;;2;
