l;2081749299625;37161385;;0;23533;;2;
l;2081279535529;37157289;;0;63680;;2;
l;2081078208937;37157289;;0;15268;;2;
l;2081682190761;37161385;;0;12931;;2;
l;2081816372649;37120425;Oth;0;180;;4;
l;99448233;37166505;;0;16064;X;1;
l;2080876522921;37095849;Dem;0;9849;X;1;
l;2081279172009;37094825;GOP;0;22848;;2;
l;2081279156649;37062057;GOP;1;33417;X;2;
l;2081413382569;37082537;Dem;0;29934;;1;
l;2080675521961;37121449;Lib;0;759;;5;
l;2080876848553;37124521;Soc;0;122;;8;
l;2081078209961;37158313;;0;20979;X;1;
l;2080608076201;37082537;Dem;0;41630;;1;
l;2080675185065;37061033;GOP;1;10776;X;2;
l;2080474195369;37122473;LMj;0;305;;6;
l;2081145319849;37160361;;0;51358;X;1;
l;2081144938921;37135785;Lib;0;222;;3;
l;2081346288041;37146025;Lib;0;1073;;4;
l;2081749297577;37156265;;0;43661;X;1;
l;2080675185065;37134761;Oth;0;67;;3;
l;2081480828329;37075369;Dem;1;57674;X;1;
l;2080742282665;37081513;Dem;0;9716;;1;
l;2080541304233;37077417;GOP;0;113184;;2;
l;2081212392873;37077417;GOP;0;66154;;2;
l;99445161;37156265;;0;946962;X;1;
l;2080943609257;37131689;Oth;0;225;;5;
l;2081145317801;37157289;;0;29019;;2;
l;2080809739689;37075369;Dem;1;16150;X;1;
l;2081614723497;37146025;Lib;0;198;;4;
l;2081681832361;37065129;GOP;1;8224;X;2;
l;2081748928937;37064105;GOP;1;35147;X;2;
l;2081212392873;37124521;Soc;0;117;;8;
l;2081078175145;37121449;Lib;0;781;;5;
l;2081816407465;37159337;;0;11899;;2;
l;2080809391529;37129641;WTP;0;116;;3;
l;2080540977577;37069225;Dem;1;82168;X;1;
l;2081480828329;37124521;Soc;0;47;;8;
l;2080675521961;37124521;Soc;0;102;;8;
l;2080675521961;37120425;Oth;0;591;;4;
l;2081615046057;37121449;Lib;0;1087;;5;
l;2080876883369;37159337;;0;26444;;2;
l;2080540977577;37142953;Oth;0;885;;3;
l;2081480486313;37063081;GOP;1;8706;X;2;
l;2080943993257;37160361;;0;44327;X;1;
l;2081749263785;37121449;Lib;0;601;;5;
l;2081816408489;37161385;;0;9032;;2;
l;2081011100073;37156265;;0;22202;X;1;
l;2081212067241;37147049;PLC;0;110;;3;
l;99069353;37063081;GOP;1;109133;X;2;
l;2081212063145;37094825;GOP;0;22859;;2;
l;2081614705065;37067177;Dem;1;2766;X;1;
l;2080608448937;37161385;;0;34586;;2;
l;2080943991209;37157289;;0;28012;;2;
l;99446185;37159337;;0;643585;;2;
l;2081816030633;37085609;Dem;0;10258;;1;
l;2081011101097;37158313;;0;24620;X;1;
l;99085737;37149097;Oth;0;946;;4;
l;99448233;37167529;;0;10179;;2;
l;99088809;37146025;Lib;0;1710;;4;
l;2081816372649;37123497;SWP;0;82;;7;
l;2080742630825;37124521;Soc;0;16;;8;
l;2081547937193;37121449;Lib;0;159;;5;
l;2080876848553;37120425;Oth;0;181;;4;
l;2081547937193;37075369;Dem;1;9849;X;1;
l;2080809391529;37081513;Dem;0;11088;;1;
l;2081279537577;37160361;;0;105166;X;1;
l;2081279501737;37077417;GOP;0;95812;;2;
l;2080474195369;37119401;Oth;0;114;;3;
l;2080876848553;37075369;Dem;1;116952;X;1;
l;2081010739625;37069225;Dem;1;15769;X;1;
l;99063209;37081513;Dem;0;62364;;1;
l;2080943992233;37159337;;0;24465;;2;
l;2081748928937;37088681;Dem;0;35871;;1;
l;2080742282665;37129641;WTP;0;78;;3;
l;2081078208937;37156265;;0;21184;X;1;
l;2081748928937;37139881;Oth;0;937;;3;
l;99411369;37119401;Oth;0;5001;;3;
l;2081077840297;37139881;Oth;0;630;;3;
l;2081614711209;37088681;Dem;0;25094;;1;
l;2080943993257;37161385;;0;19918;;2;
l;2080876877225;37117353;PLC;0;350;;2;
l;2081682154921;37123497;SWP;0;56;;7;
l;2080943991209;37156265;;0;35857;X;1;
l;2080742630825;37119401;Oth;0;49;;3;
l;2081480828329;37121449;Lib;0;341;;5;
l;2081480486313;37137833;Oth;0;209;;3;
l;2080876848553;37121449;Lib;0;640;;5;
l;99081641;37071273;Dem;1;122810;X;1;
l;2081413755305;37161385;;0;46900;;2;
l;2081145284009;37121449;Lib;0;753;;5;
l;2081614723497;37145001;CST;0;141;;3;
l;2081413374377;37062057;GOP;1;52460;X;2;
l;2081749292457;37117353;PLC;0;190;;2;
l;99338665;37164457;Dem;1;115599;X;1;
l;99069353;37137833;Oth;0;2522;;3;
l;2081279156649;37135785;Lib;0;612;;3;
l;99445161;37157289;;0;647634;;2;
l;2080742664617;37156265;;0;16339;X;1;
l;2080809391529;37060009;GOP;1;18564;X;2;
l;99447209;37161385;;0;539402;;2;
l;2081547589033;37081513;Dem;0;6684;;1;
l;2081346610601;37075369;Dem;1;60995;X;1;
l;2080943957417;37119401;Oth;0;185;;3;
l;2081346610601;37077417;GOP;0;85088;;2;
l;2080876775849;37168553;GOP;0;31367;;2;
l;2080943609257;37133737;SPU;0;51;;6;
l;2080675521961;37075369;Dem;1;79408;X;1;
l;2081480828329;37122473;LMj;0;333;;6;
l;2080608413097;37121449;Lib;0;970;;5;
l;2081615046057;37120425;Oth;0;185;;4;
l;2081011101097;37159337;;0;13434;;2;
l;2080541304233;37119401;Oth;0;267;;3;
l;99411369;37075369;Dem;1;1165596;X;1;
l;99076521;37139881;Oth;0;3064;;3;
l;2080608064937;37130665;Oth;0;1;;4;
l;2080876525993;37065129;GOP;1;11913;X;2;
l;2080809774505;37159337;;0;9539;;2;
l;2081346610601;37124521;Soc;0;72;;8;
l;2081212392873;37125545;Oth;0;487;;9;
l;99073449;37068201;Dem;1;94682;X;1;
l;2080809739689;37077417;GOP;0;13487;;2;
l;2081011102121;37161385;;0;12376;;2;
l;2081816406441;37156265;;0;14203;X;1;
l;2080876882345;37157289;;0;25953;;2;
l;2081749263785;37119401;Oth;0;195;;3;
l;2081748928937;37140905;Lib;0;320;;4;
l;2081212067241;37149097;Oth;0;131;;4;
l;2081413382569;37061033;GOP;1;55906;X;2;
l;2081748938153;37095849;Dem;0;3859;X;1;
l;2080608413097;37123497;SWP;0;161;;7;
l;2081480828329;37123497;SWP;0;89;;7;
l;2080876883369;37158313;;0;53018;X;1;
l;99085737;37151145;Oth;0;455;;6;
l;2081279537577;37161385;;0;50043;;2;
l;2080608413097;37119401;Oth;0;189;;3;
l;99066281;37062057;GOP;1;123482;X;2;
l;99070377;37067177;Dem;1;96443;X;1;
l;2080742282665;37060009;GOP;1;22258;X;2;
l;2081279156649;37106089;Dem;0;15314;;1;
l;2080675521961;37122473;LMj;0;702;;6;
l;2081480505769;37093801;Dem;0;494;;1;
l;2081413719465;37075369;Dem;1;64507;X;1;
l;2081413719465;37077417;GOP;0;92591;;2;
l;2080608076201;37061033;GOP;1;53379;X;2;
l;2080876882345;37156265;;0;50522;X;1;
l;99440041;37117353;PLC;0;2429;;2;
l;2080742630825;37075369;Dem;1;13928;X;1;
l;2080809739689;37125545;Oth;0;84;;9;
l;2081078209961;37159337;;0;15661;;2;
l;2081077840297;37088681;Dem;0;13450;;1;
l;2080540977577;37090729;GOP;0;32146;;2;
l;2080876881321;37162409;Dem;1;24062;X;1;
l;2080474195369;37124521;Soc;0;38;;8;
l;99411369;37121449;Lib;0;14337;;5;
l;2081681832361;37146025;Lib;0;273;;4;
l;2081346288041;37093801;Dem;0;53306;;1;
l;2081615081897;37161385;;0;27032;;2;
l;2080876848553;37119401;Oth;0;260;;3;
l;2081480490409;37089705;GOP;0;22062;;2;
l;2080541304233;37121449;Lib;0;538;;5;
l;2081749292457;37112233;Dem;0;3837;X;1;
l;2081212421545;37117353;PLC;0;471;;2;
l;2081011100073;37157289;;0;13871;;2;
l;2081615046057;37124521;Soc;0;57;;8;
l;2081212067241;37150121;SWP;0;34;;5;
l;2081212067241;37098921;GOP;0;2492;;2;
l;99338665;37296553;Oth;0;3089;;3;
l;2080742664617;37157289;;0;12449;;2;
l;2080809739689;37121449;Lib;0;169;;5;
l;2081749298601;37158313;;0;45541;X;1;
l;2081614711209;37140905;Lib;0;748;;4;
l;99074473;37061033;GOP;1;120061;X;2;
l;2081413374377;37135785;Lib;0;530;;3;
l;2080675173801;37060009;GOP;1;1558;X;2;
l;2081480828329;37125545;Oth;0;166;;9;
l;2081279536553;37159337;;0;68453;;2;
l;2081212392873;37075369;Dem;1;98668;X;1;
l;2080473847209;37081513;Dem;0;23810;;1;
l;2081480828329;37077417;GOP;0;41710;;2;
l;2081212421545;37112233;Dem;0;8120;X;1;
l;2080541304233;37120425;Oth;0;535;;4;
l;2080541304233;37075369;Dem;1;132834;X;1;
l;2080876848553;37123497;SWP;0;114;;7;
l;2081145318825;37159337;;0;29953;;2;
l;99411369;37077417;GOP;0;976904;;2;
l;99063209;37129641;WTP;0;587;;3;
l;2081279501737;37125545;Oth;0;429;;9;
l;99411369;37120425;Oth;0;7710;;4;
l;2081681832361;37145001;CST;0;104;;3;
l;2081078210985;37160361;;0;22830;X;1;
l;2081212428713;37160361;;0;77527;X;1;
l;2081749297577;37157289;;0;26646;;2;
l;2080876510633;37089705;GOP;0;16052;;2;
l;2081413374377;37136809;Oth;0;283;;4;
l;2081749263785;37120425;Oth;0;204;;4;
l;2081078175145;37120425;Oth;0;92;;4;
l;2080540962217;37063081;GOP;1;64372;X;2;
l;2081615046057;37119401;Oth;0;530;;3;
l;99404201;37108137;GOP;0;92674;;2;
l;2081816030633;37137833;Oth;0;613;;3;
l;2081748938153;37151145;Oth;0;7;;6;
l;2081682190761;37160361;;0;28903;X;1;
l;2081212051881;37067177;Dem;1;37529;X;1;
l;99085737;37095849;Dem;0;72931;X;1;
l;2081614705065;37087657;GOP;0;757;;2;
l;2081212051881;37087657;GOP;0;16267;;2;
l;2080742665641;37158313;;0;16687;X;1;
l;2081748938153;37098921;GOP;0;887;;2;
l;2081212051881;37138857;Oth;0;844;;3;
l;2081413382569;37134761;Oth;0;680;;3;
l;2081279156649;37136809;Oth;0;107;;4;
l;2080608064937;37060009;GOP;1;1348;X;2;
l;2081413374377;37106089;Dem;0;23400;;1;
l;2081614705065;37138857;Oth;0;54;;3;
l;2081279501737;37075369;Dem;1;81215;X;1;
l;99066281;37135785;Lib;0;1523;;3;
l;2081547937193;37077417;GOP;0;10544;;2;
l;2081547589033;37129641;WTP;0;100;;3;
l;2081413719465;37124521;Soc;0;114;;8;
l;2081413754281;37159337;;0;66547;;2;
l;2080474195369;37120425;Oth;0;311;;4;
l;2081212427689;37159337;;0;46765;;2;
l;2081615081897;37160361;;0;47680;X;1;
l;2081816407465;37158313;;0;15172;X;1;
l;2081547937193;37119401;Oth;0;77;;3;
l;2081279501737;37124521;Soc;0;660;;8;
l;99411369;37123497;SWP;0;3352;;7;
l;2081480505769;37145001;CST;0;3;;3;
l;2081077845417;37071273;Dem;1;5878;X;1;
l;2080474231209;37160361;;0;34753;X;1;
l;2081682154921;37120425;Oth;0;223;;4;
l;2081816030633;37063081;GOP;1;16988;X;2;
l;2081212428713;37161385;;0;45350;;2;
l;2080608446889;37156265;;0;60464;X;1;
l;2080675555753;37156265;;0;59991;X;1;
l;2081011066281;37124521;Soc;0;368;;8;
l;99088809;37145001;CST;0;817;;3;
l;2081614711209;37139881;Oth;0;827;;3;
l;2080742630825;37120425;Oth;0;79;;4;
l;2081010740649;37147049;PLC;0;318;;3;
l;2081682154921;37119401;Oth;0;379;;3;
l;2081010740649;37095849;Dem;0;51171;X;1;
l;2081279160745;37067177;Dem;1;50422;X;1;
l;99073449;37089705;GOP;0;38114;;2;
l;2081749263785;37077417;GOP;0;50167;;2;
l;2080540962217;37137833;Oth;0;837;;3;
l;2081346610601;37122473;LMj;0;781;;6;
l;99338665;37168553;GOP;0;31367;;2;
l;2080474195369;37125545;Oth;0;230;;9;
l;2081279160745;37138857;Oth;0;579;;3;
l;99066281;37106089;Dem;0;62389;;1;
l;2080876522921;37147049;PLC;0;86;;3;
l;2081078175145;37075369;Dem;1;16796;X;1;
l;2080608064937;37081513;Dem;0;632;;1;
l;2081615046057;37077417;GOP;0;46446;;2;
l;2080541338025;37156265;;0;97615;X;1;
l;2081413719465;37125545;Oth;0;378;;9;
l;99063209;37060009;GOP;1;109040;X;2;
l;99338665;37297577;Oth;0;1270;;4;
l;2081480501673;37069225;Dem;1;2364;X;1;
l;2080943957417;37125545;Oth;0;241;;9;
l;2080809739689;37120425;Oth;0;155;;4;
l;2081547937193;37122473;LMj;0;325;;6;
l;2081010739625;37090729;GOP;0;4869;;2;
l;99085737;37098921;GOP;0;18205;;2;
l;99063209;37131689;Oth;0;3007;;5;
l;2080541304233;37124521;Soc;0;199;;8;
l;2080943957417;37122473;LMj;0;565;;6;
l;99411369;37122473;LMj;0;11362;;6;
l;2081480505769;37146025;Lib;0;8;;4;
l;2081547937193;37125545;Oth;0;54;;9;
l;2081346288041;37065129;GOP;1;91498;X;2;
l;2081144954281;37071273;Dem;1;39244;X;1;
l;2081682189737;37158313;;0;24565;X;1;
l;2081480486313;37085609;Dem;0;6245;;1;
l;2080675521961;37125545;Oth;0;336;;9;
l;2080541297065;37108137;GOP;0;92674;;2;
l;2080675555753;37157289;;0;40405;;2;
l;2081547937193;37124521;Soc;0;16;;8;
l;99404201;37110185;Dem;1;142594;X;1;
l;2080608413097;37075369;Dem;1;63445;X;1;
l;2081010740649;37150121;SWP;0;871;;5;
l;2081749263785;37123497;SWP;0;212;;7;
l;2081010740649;37098921;GOP;0;13456;;2;
l;2080474195369;37121449;Lib;0;338;;5;
l;2081279501737;37121449;Lib;0;1664;;5;
l;2081212058025;37139881;Oth;0;670;;3;
l;2081011066281;37119401;Oth;0;187;;3;
l;2080608447913;37158313;;0;65510;X;1;
l;2081145284009;37122473;LMj;0;568;;6;
l;2081010739625;37142953;Oth;0;362;;3;
l;2080675521961;37123497;SWP;0;79;;7;
l;2081279501737;37119401;Oth;0;427;;3;
l;2081346610601;37125545;Oth;0;322;;9;
l;2080943609257;37081513;Dem;0;8938;;1;
l;99076521;37064105;GOP;1;95830;X;2;
l;2081682154921;37121449;Lib;0;483;;5;
l;2081615080873;37158313;;0;41509;X;1;
l;2081145284009;37075369;Dem;1;55690;X;1;
l;2081682154921;37077417;GOP;0;26153;;2;
l;2080474195369;37077417;GOP;0;30333;;2;
l;2081547589033;37131689;Oth;0;249;;5;
l;2081077840297;37064105;GOP;1;19160;X;2;
l;2080675521961;37119401;Oth;0;246;;3;
l;2081078175145;37122473;LMj;0;570;;6;
l;2081346645417;37159337;;0;47843;;2;
l;99063209;37130665;Oth;0;957;;4;
l;2081212392873;37119401;Oth;0;445;;3;
l;2081212058025;37140905;Lib;0;224;;4;
l;99411369;37125545;Oth;0;6084;;9;
l;2080943957417;37121449;Lib;0;531;;5;
l;2081682154921;37125545;Oth;0;220;;9;
l;2081614723497;37093801;Dem;0;7638;;1;
l;2081212392873;37120425;Oth;0;1244;;4;
l;2081346610601;37119401;Oth;0;229;;3;
l;99085737;37147049;PLC;0;537;;3;
l;2081547973033;37160361;;0;13443;X;1;
l;2081480862121;37156265;;0;37107;X;1;
l;2081078175145;37125545;Oth;0;153;;9;
l;2081816372649;37121449;Lib;0;336;;5;
l;2081816372649;37124521;Soc;0;32;;8;
l;2081010740649;37149097;Oth;0;597;;4;
l;2080943957417;37124521;Soc;0;135;;8;
l;2080742282665;37130665;Oth;0;83;;4;
l;2081145284009;37124521;Soc;0;69;;8;
l;2081480863145;37158313;;0;38955;X;1;
l;2080541339049;37158313;;0;106392;X;1;
l;2080474195369;37075369;Dem;1;32138;X;1;
l;2081346646441;37161385;;0;39304;;2;
l;2080608413097;37122473;LMj;0;312;;6;
l;2081011066281;37125545;Oth;0;132;;9;
l;2080541340073;37161385;;0;58937;;2;
l;2081346610601;37121449;Lib;0;955;;5;
l;99446185;37158313;;0;964657;X;1;
l;2080943957417;37075369;Dem;1;42639;X;1;
l;99085737;37150121;SWP;0;993;;5;
l;99066281;37136809;Oth;0;609;;4;
l;2081078175145;37123497;SWP;0;35;;7;
l;2080943609257;37060009;GOP;1;13436;X;2;
l;2080943957417;37123497;SWP;0;69;;7;
l;2081413719465;37119401;Oth;0;395;;3;
l;2081547589033;37130665;Oth;0;134;;4;
l;2081816406441;37157289;;0;11899;;2;
l;2080474230185;37159337;;0;21832;;2;
l;2080742630825;37121449;Lib;0;266;;5;
l;2080675173801;37131689;Oth;0;18;;5;
l;2080876877225;37112233;Dem;0;9516;X;1;
l;2081749299625;37160361;;0;47991;X;1;
l;2081413719465;37120425;Oth;0;1120;;4;
l;99063209;37133737;SPU;0;368;;6;
l;2081145284009;37123497;SWP;0;132;;7;
l;99084713;37069225;Dem;1;100301;X;1;
l;99411369;37124521;Soc;0;2410;;8;
l;2081681832361;37093801;Dem;0;4047;;1;
l;2080474231209;37161385;;0;17780;;2;
l;99444137;37153193;Oth;0;1514;;2;
l;2081480864169;37160361;;0;43810;X;1;
l;2081011066281;37122473;LMj;0;257;;6;
l;2081480862121;37157289;;0;26804;;2;
l;2080742282665;37133737;SPU;0;71;;6;
l;2080474229161;37156265;;0;28112;X;1;
l;2081077840297;37140905;Lib;0;697;;4;
l;2081413719465;37123497;SWP;0;383;;7;
l;2081748938153;37147049;PLC;0;23;;3;
l;2081212067241;37095849;Dem;0;8052;X;1;
l;99081641;37094825;GOP;0;64455;;2;
l;2081279501737;37120425;Oth;0;398;;4;
l;2081011066281;37123497;SWP;0;330;;7;
l;2081413754281;37158313;;0;67028;X;1;
l;2080675185065;37082537;Dem;0;12746;;1;
l;2081279501737;37122473;LMj;0;1104;;6;
l;2080474230185;37158313;;0;30291;X;1;
l;2081749263785;37125545;Oth;0;853;;9;
l;99074473;37082537;Dem;0;84310;;1;
l;99070377;37087657;GOP;0;42814;;2;
l;2080675173801;37130665;Oth;0;9;;4;
l;2081413756329;37166505;;0;16064;X;1;
l;2081144938921;37106089;Dem;0;15222;;1;
l;2081279501737;37123497;SWP;0;178;;7;
l;2080809739689;37124521;Soc;0;23;;8;
l;2081011066281;37075369;Dem;1;83179;X;1;
l;99069353;37085609;Dem;0;86426;;1;
l;2081816372649;37077417;GOP;0;16970;;2;
l;2080608448937;37160361;;0;73278;X;1;
l;2080608413097;37077417;GOP;0;56279;;2;
l;2081547589033;37133737;SPU;0;56;;6;
l;2080742282665;37131689;Oth;0;1421;;5;
l;2080541339049;37159337;;0;58693;;2;
l;2080541304233;37123497;SWP;0;769;;7;
l;2081615046057;37123497;SWP;0;65;;7;
l;2081480863145;37159337;;0;24925;;2;
l;2081212058025;37088681;Dem;0;18176;;1;
l;2080608064937;37129641;WTP;0;5;;3;
l;2081480828329;37119401;Oth;0;257;;3;
l;2081078175145;37124521;Soc;0;52;;8;
l;2081212392873;37121449;Lib;0;1446;;5;
l;2081682188713;37157289;;0;18647;;2;
l;2081547972009;37158313;;0;11580;X;1;
l;2081212058025;37064105;GOP;1;13210;X;2;
l;2080876525993;37146025;Lib;0;158;;4;
l;2080742666665;37160361;;0;19128;X;1;
l;2081681812905;37085609;Dem;0;9973;;1;
l;2081480864169;37161385;;0;21095;;2;
l;2081547970985;37157289;;0;10306;;2;
l;2080608446889;37157289;;0;40669;;2;
l;2081010740649;37151145;Oth;0;383;;6;
l;2081615046057;37125545;Oth;0;215;;9;
l;2080876522921;37151145;Oth;0;47;;6;
l;2080541340073;37160361;;0;106794;X;1;
l;99070377;37138857;Oth;0;1573;;3;
l;2081279160745;37087657;GOP;0;25060;;2;
l;2081346645417;37158313;;0;78608;X;1;
l;2081413755305;37160361;;0;92363;X;1;
l;2080541338025;37157289;;0;64898;;2;
l;2081547937193;37123497;SWP;0;33;;7;
l;2081748938153;37149097;Oth;0;87;;4;
l;2081346610601;37120425;Oth;0;225;;4;
l;2080541304233;37125545;Oth;0;466;;9;
l;2081682188713;37156265;;0;23245;X;1;
l;2080943957417;37120425;Oth;0;373;;4;
l;2081749263785;37075369;Dem;1;72071;X;1;
l;2081614716329;37094825;GOP;0;3516;;2;
l;2080809773481;37156265;;0;12121;X;1;
l;2080943957417;37077417;GOP;0;36430;;2;
l;2081547937193;37120425;Oth;0;137;;4;
l;2080675521961;37077417;GOP;0;46593;;2;
l;2080742630825;37123497;SWP;0;36;;7;
l;2080608064937;37131689;Oth;0;6;;5;
l;2080943992233;37158313;;0;38816;X;1;
l;2080809391529;37133737;SPU;0;37;;6;
l;2081816372649;37125545;Oth;0;182;;9;
l;2081749263785;37124521;Soc;0;57;;8;
l;2081480828329;37120425;Oth;0;387;;4;
l;2080608413097;37120425;Oth;0;481;;4;
l;2080809391529;37130665;Oth;0;330;;4;
l;2081346610601;37123497;SWP;0;132;;7;
l;2081480501673;37142953;Oth;0;35;;3;
l;2080876525993;37093801;Dem;0;8008;;1;
l;2080876525993;37145001;CST;0;130;;3;
l;2080675557801;37160361;;0;72358;X;1;
l;2080541297065;37110185;Dem;1;142594;X;1;
l;2081547973033;37161385;;0;7492;;2;
l;2080540962217;37085609;Dem;0;59950;;1;
l;2080809739689;37122473;LMj;0;234;;6;
l;99444137;37162409;Dem;1;24062;X;1;
l;99084713;37142953;Oth;0;1282;;3;
l;2080809774505;37158313;;0;12849;X;1;
l;2081212392873;37123497;SWP;0;192;;7;
l;2081614711209;37064105;GOP;1;28313;X;2;
l;2080742630825;37122473;LMj;0;204;;6;
l;2080876522921;37098921;GOP;0;1370;;2;
l;2080876522921;37150121;SWP;0;45;;5;
l;2080809773481;37157289;;0;10105;;2;
l;2080809739689;37123497;SWP;0;113;;7;
l;2081748922793;37087657;GOP;0;730;;2;
l;2081279536553;37158313;;0;86616;X;1;
l;2081748922793;37138857;Oth;0;96;;3;
l;2081145319849;37161385;;0;27309;;2;
l;2080876884393;37161385;;0;23570;;2;
l;2080474195369;37123497;SWP;0;92;;7;
l;99076521;37140905;Lib;0;1989;;4;
l;2081011094953;37112233;Dem;0;49829;X;1;
l;2080809391529;37131689;Oth;0;313;;5;
l;2080675556777;37158313;;0;63045;X;1;
l;2080608413097;37125545;Oth;0;300;;9;
l;2080876775849;37164457;Dem;1;115599;X;1;
l;2081816372649;37075369;Dem;1;10753;X;1;
l;2081547970985;37156265;;0;10579;X;1;
l;2081011066281;37077417;GOP;0;25939;;2;
l;2080608413097;37124521;Soc;0;83;;8;
l;2081145284009;37125545;Oth;0;232;;9;
l;2080742630825;37077417;GOP;0;19427;;2;
l;2080809775529;37161385;;0;8058;;2;
l;2081279535529;37156265;;0;90578;X;1;
l;2081480505769;37065129;GOP;1;742;X;2;
l;2081816408489;37160361;;0;17338;X;1;
l;2080473847209;37060009;GOP;1;37964;X;2;
l;2081212392873;37122473;LMj;0;1382;;6;
l;2081615080873;37159337;;0;32659;;2;
l;2081816372649;37119401;Oth;0;140;;3;
l;2080473847209;37129641;WTP;0;170;;3;
l;2080541304233;37122473;LMj;0;480;;6;
l;2080876881321;37153193;Oth;0;1514;;2;
l;2080876775849;37297577;Oth;0;1270;;4;
l;99088809;37065129;GOP;1;124716;X;2;
l;2081011066281;37120425;Oth;0;160;;4;
l;2081011066281;37121449;Lib;0;301;;5;
l;2081614716329;37071273;Dem;1;7234;X;1;
l;99076521;37088681;Dem;0;92591;;1;
l;2081212063145;37071273;Dem;1;41290;X;1;
l;2080675557801;37161385;;0;30240;;2;
l;99088809;37093801;Dem;0;73493;;1;
l;2080809739689;37119401;Oth;0;78;;3;
l;2080876884393;37160361;;0;58251;X;1;
l;2081212426665;37156265;;0;73475;X;1;
l;2080473847209;37131689;Oth;0;775;;5;
l;2080474229161;37157289;;0;23254;;2;
l;2080876510633;37068201;Dem;1;40433;X;1;
l;2081615079849;37156265;;0;44568;X;1;
l;2081748938153;37150121;SWP;0;43;;5;
l;2081144954281;37094825;GOP;0;11542;;2;
l;2081144938921;37062057;GOP;1;25034;X;2;
l;2080809775529;37160361;;0;14984;X;1;
l;2081816372649;37122473;LMj;0;254;;6;
l;2080876510633;37141929;Lib;0;568;;3;
l;2081413753257;37157289;;0;62053;;2;
l;2081212427689;37158313;;0;74669;X;1;
l;2081346644393;37157289;;0;45861;;2;
l;99447209;37160361;;0;1086123;X;1;
l;2080608068009;37062057;GOP;1;12571;X;2;
l;2081682154921;37122473;LMj;0;374;;6;
l;2081078210985;37161385;;0;13753;;2;
l;2080876522921;37149097;Oth;0;131;;4;
l;2080608068009;37135785;Lib;0;159;;3;
l;2080876848553;37122473;LMj;0;357;;6;
l;99074473;37134761;Oth;0;1161;;3;
l;2081615046057;37075369;Dem;1;41894;X;1;
l;2080608447913;37159337;;0;39836;;2;
l;2081078175145;37077417;GOP;0;25444;;2;
l;2080742666665;37161385;;0;10163;;2;
l;2080943609257;37129641;WTP;0;106;;3;
l;2080473847209;37130665;Oth;0;287;;4;
l;2080742665641;37159337;;0;12279;;2;
l;2081682189737;37159337;;0;17143;;2;
l;2080675173801;37133737;SPU;0;4;;6;
l;2081413719465;37121449;Lib;0;1219;;5;
l;2080876775849;37296553;Oth;0;3089;;3;
l;2081413753257;37156265;;0;76337;X;1;
l;2081413719465;37122473;LMj;0;1106;;6;
l;2081145284009;37120425;Oth;0;449;;4;
l;2081279172009;37071273;Dem;1;29164;X;1;
l;2081480490409;37068201;Dem;1;54249;X;1;
l;2081615046057;37122473;LMj;0;664;;6;
l;2081749263785;37122473;LMj;0;485;;6;
l;2081212426665;37157289;;0;48147;;2;
l;2081681812905;37137833;Oth;0;863;;3;
l;2081480490409;37141929;Lib;0;402;;3;
l;2080675556777;37159337;;0;38073;;2;
l;2081212067241;37151145;Oth;0;18;;6;
l;2081547972009;37159337;;0;9256;;2;
l;2081077845417;37094825;GOP;0;3690;;2;
l;2081748922793;37067177;Dem;1;5726;X;1;
l;2081011094953;37117353;PLC;0;1418;;2;
l;2080473847209;37133737;SPU;0;148;;6;
l;2081413756329;37167529;;0;10179;;2;
l;2081145318825;37158313;;0;48207;X;1;
l;2081145284009;37119401;Oth;0;218;;3;
l;99073449;37141929;Lib;0;970;;3;
l;2081144938921;37136809;Oth;0;198;;4;
l;2080608068009;37106089;Dem;0;8453;;1;
l;2081145317801;37156265;;0;48197;X;1;
l;2081346644393;37156265;;0;80605;X;1;
l;2081682154921;37075369;Dem;1;14811;X;1;
l;2080608076201;37134761;Oth;0;414;;3;
l;2080608068009;37136809;Oth;0;21;;4;
l;2080742630825;37125545;Oth;0;100;;9;
l;2080675173801;37081513;Dem;0;1496;;1;
l;2081145284009;37077417;GOP;0;34812;;2;
l;2081547589033;37060009;GOP;1;13912;X;2;
l;2081682154921;37124521;Soc;0;31;;8;
l;2080943609257;37130665;Oth;0;113;;4;
l;2080876848553;37077417;GOP;0;43341;;2;
l;2080876848553;37125545;Oth;0;504;;9;
l;2081614723497;37065129;GOP;1;12339;X;2;
l;2081480501673;37090729;GOP;0;2142;;2;
l;2081346646441;37160361;;0;87912;X;1;
l;2081749298601;37159337;;0;27886;;2;
l;2080608064937;37133737;SPU;0;1;;6;
l;2081346288041;37145001;CST;0;439;;3;
l;99440041;37112233;Dem;0;71302;X;1;
l;2081615079849;37157289;;0;29688;;2;
l;2080675173801;37129641;WTP;0;12;;3;
l;2081078175145;37119401;Oth;0;134;;3;
l;99084713;37090729;GOP;0;39157;;2;
l;2081681812905;37063081;GOP;1;19067;X;2;
l;2081011102121;37160361;;0;25929;X;1;
