l;67123637;2174389;IAP;0;383;;1;
l;1946322031029;92237237;Una;0;1715;;2;
l;1946859408821;91260341;;0;949;X;1;
l;98453941;100752821;;0;4998;;1;
l;1946322542005;91220405;;0;4330;X;2;
l;97989045;2170293;GOP;1;35813;X;1;
l;1947395598773;92162485;Una;0;4838;;3;
l;97988021;2159029;Dem;0;98210;;1;
l;1946456074677;58805;IAP;0;306;;4;
l;1946657400245;2094517;GOP;0;398;;2;
l;1947059872181;2130357;IAP;0;1042;;3;
l;98401717;2262453;Oth;1;543;;2;
l;1947328486837;2090421;IAP;0;290;;3;
l;1946993621429;91280821;;0;1041;X;1;
l;98398645;2254261;Oth;0;215;;2;
l;1947194416565;2107829;Oth;1;531;;1;
l;1947127158197;2084277;GOP;0;976;X;2;
l;1947262125493;2713013;Oth;1;27550;;1;
l;97837493;2264501;Oth;0;217417;;2;
l;1946791617973;2093493;IAP;0;131;;3;
l;1946559713717;2081205;IAP;0;22;;3;
l;1946254892469;92241333;Una;0;2487;;3;
l;67113397;2082229;Ind;0;5467;;4;
l;67123637;632245;Dem;1;6639;X;2;
l;1947395906997;2232757;GOP;0;137920;;2;
l;1946858722741;92166581;Una;0;92;;3;
l;98458037;100733365;;0;18472;;2;
l;1946992942517;2091445;Dem;0;950;X;1;
l;1946724515253;2096565;IAP;0;270;;3;
l;1947060228533;92237237;Una;0;3307;;2;
l;1946559713717;2080181;GOP;0;269;X;2;
l;1946693931445;2081205;IAP;0;119;;3;
l;98400693;2259381;Oth;0;1253;;2;
l;1946792304053;91219381;;0;688;;1;
l;1947328488885;2094517;GOP;0;1410;;2;
l;1946925685173;2484661;Dem;0;1478;;1;
l;67129781;2183605;Dem;1;4443;X;1;
l;1946792297909;91251125;;0;609;;2;
l;1946992945589;2125237;GOP;1;1237;X;2;
l;1947395594677;2089397;Dem;0;161786;;1;
l;1947262056885;91281845;;0;48996;;2;
l;1946657400245;2093493;IAP;0;92;;3;
l;1946724684213;92237237;Una;0;1013;;2;
l;1946725190069;91270581;;0;2053;;1;
l;67146165;2206133;Dem;0;5863;X;1;
l;1946523869621;91210165;;0;6142;X;2;
l;98408885;2271669;Oth;0;1475;;1;
l;1947396302261;2247093;Oth;0;15403;;1;
l;1946255434165;91209141;;0;7540;;1;
l;1947396302261;2248117;Oth;1;29413;;2;
l;1947396357557;100784565;;0;2474;;2;
l;1946858724789;2090421;IAP;0;205;;3;
l;1947395898805;2212277;GOP;0;9030;;3;
l;1947396365749;100723125;;0;21067;;2;
l;1946992943541;92171701;GOP;0;194;;4;
l;1947396307381;2259381;Oth;0;1253;;2;
l;1946322536885;91270581;;0;3406;;1;
l;1947396295093;2291125;Oth;1;48330;;2;
l;1947365039541;2187701;GOP;0;3470;;2;
l;1947262129589;2718133;Oth;0;8009;;2;
l;98032053;2229685;IAP;0;79490;;2;
l;1947396318645;2275765;Oth;0;12575;;1;
l;1947127158197;2086325;Dem;0;404;;1;
l;98434485;2706869;Oth;1;39407;;1;
l;1947060049333;2083253;Grn;0;122;;4;
l;1947262118325;2694581;Oth;0;1227;;1;
l;1946456761781;91199925;;0;13670;X;2;
l;1946658083253;91240885;;0;482;X;2;
l;1947329169845;91270581;;0;1744;;1;
l;1947060054453;2126261;Lib;0;112;;5;
l;1946925981109;92241333;Una;0;2369;;3;
l;1946657406389;92170677;Una;0;87;;4;
l;1947262105013;2662837;IAP;0;2150;;1;
l;97991093;2172341;GOP;1;28299;X;1;
l;1947060050357;2089397;Dem;0;4122;;1;
l;1947262066101;91219381;;0;50610;;1;
l;1946224169397;2081205;IAP;0;373;;3;
l;1946254922165;2105781;Oth;0;11961;X;1;
l;67148213;2208181;IAP;0;361;;3;
l;98370997;91250101;;0;394058;X;1;
l;1946321856949;2126261;Lib;0;57;;5;
l;67146165;686517;GOP;0;5555;;2;
l;98394549;745909;Oth;0;132746;;1;
l;67135925;2191797;Lib;0;2139;;3;
l;1946993089973;2108853;Oth;0;798;X;2;
l;1947262103989;2660789;GOP;1;16989;;2;
l;1947127850421;91199925;;0;1142;X;2;
l;98396597;2250165;Oth;0;20894;;2;
l;97690037;2100661;Dem;0;338213;X;1;
l;1946321674677;2129333;GOP;0;952;X;2;
l;97836469;92241333;Una;0;84596;;3;
l;1946926010805;2105781;Oth;0;9711;X;1;
l;1947261556149;14773;Oth;1;55848;X;1;
l;1947060729269;91292085;;0;5680;;2;
l;1946791617973;92169653;Una;0;142;;4;
l;1946962366901;2081205;IAP;0;154;;3;
l;1947396352437;2284981;Oth;1;179242;;2;
l;98033077;2220469;Dem;1;252269;;2;
l;1947262116277;2684341;Oth;1;10790;;2;
l;1946724507061;2090421;IAP;0;374;;3;
l;1947262129589;2717109;Oth;1;12819;;1;
l;1946926522805;91209141;;0;6257;;1;
l;1947230802357;2080181;GOP;0;53771;X;2;
l;97509813;2131381;Dem;0;6649;;1;
l;1946993627573;91240885;;0;1172;X;2;
l;97504693;601525;GOP;0;4256;;2;
l;1947127843253;91270581;;0;633;;1;
l;1947262059957;91251125;;0;39348;;2;
l;1946254597557;2102709;GOP;1;11075;X;1;
l;1947262063029;91240885;;0;61558;X;2;
l;1946254567861;799157;Dem;0;1292;;1;
l;98433461;2702773;Oth;1;20893;;1;
l;1946255430069;91239861;;0;7650;;1;
l;1947262114229;2724277;Oth;1;41712;;2;
l;1946590288309;2087349;IAP;0;55;;3;
l;1947262059957;91250101;;0;77171;X;1;
l;1947396318645;2276789;Oth;1;12980;;2;
l;1946455924149;2103733;IAP;0;2529;;2;
l;1946322543029;91210165;;0;4402;X;2;
l;1947297911221;2081205;IAP;0;137;;3;
l;1946456749493;91292085;;0;10392;;2;
l;98406837;2282933;Oth;0;121141;;2;
l;1946858725813;2099637;GOP;0;858;;2;
l;98429365;2694581;Oth;0;1227;;1;
l;1946523358645;92240309;Una;0;2436;;3;
l;1946322535861;91251125;;0;2940;;2;
l;1946858872245;2108853;Oth;0;725;X;2;
l;1946791793077;92237237;Una;0;437;;2;
l;98416053;2664885;GOP;1;9833;;3;
l;1947395623349;2293173;Oth;0;5930;;2;
l;1947262062005;91261365;;0;47676;;2;
l;1946925836725;92162485;Una;0;212;;3;
l;98376117;91230645;;0;174158;;2;
l;1947194272181;58805;IAP;0;35;;4;
l;1947365054901;2208181;IAP;0;361;;3;
l;1946590289333;2092469;GOP;0;212;;2;
l;1947395772853;92237237;Una;0;77445;;2;
l;1947365037493;650677;Dem;1;4099;X;1;
l;1947127168437;2097589;GOP;1;661;;2;
l;98384309;1089973;Oth;0;11601;;1;
l;1947029475765;2080181;GOP;0;5864;X;2;
l;98367925;91281845;;0;206143;;2;
l;1947262109109;2666933;GOP;1;72981;;2;
l;1947194269109;92168629;Una;0;93;;4;
l;67124661;634293;GOP;1;8827;X;2;
l;1947261380021;2093493;IAP;0;6022;;3;
l;1946791614901;92167605;Una;0;125;;4;
l;98415029;2660789;GOP;1;16989;;2;
l;1946590288309;2088373;GOP;0;253;X;2;
l;1946523868597;91220405;;0;6222;X;2;
l;1946725197237;91199925;;0;3394;X;2;
l;1947396355509;100804021;;0;4129;;1;
l;67140021;2195893;GOP;0;4700;;2;
l;98401717;2261429;Oth;0;612;;1;
l;1946322538933;91239861;;0;3036;;1;
l;1946590292405;2126261;Lib;0;9;;5;
l;1946322001333;92241333;Una;0;1366;;3;
l;1947395594677;92167605;Una;0;13466;;4;
l;1946761040309;2080181;GOP;0;1133;X;2;
l;97541557;2103733;IAP;0;7761;;2;
l;1946791616949;2099637;GOP;0;891;;2;
l;1947261229493;2484661;Dem;0;14085;;1;
l;1946925836725;2125237;GOP;1;9872;X;2;
l;1947396277685;91251125;;0;104793;;2;
l;1947262067125;91210165;;0;63410;X;2;
l;98377141;91219381;;0;268930;;1;
l;1947262127541;2708917;Oth;1;16481;;1;
l;1947194269109;2091445;Dem;0;796;X;1;
l;1947365046709;2195893;GOP;0;4700;;2;
l;97692085;2126261;Lib;0;5246;;5;
l;1947261381045;2124213;Dem;0;47555;;1;
l;98447797;740789;Oth;0;149891;;2;
l;98437557;2720181;Oth;0;22232;;2;
l;1947365031349;2178485;IAP;0;601;;3;
l;97687989;2089397;Dem;0;227845;;1;
l;1946791613877;2085301;IAP;0;73;;5;
l;1946992940469;2084277;GOP;0;1188;X;2;
l;1946925834677;92171701;GOP;0;784;;4;
l;1946791617973;2095541;Dem;0;560;X;1;
l;1947396309429;2265525;Oth;0;166;;1;
l;1947127163317;2126261;Lib;0;19;;5;
l;1946254745013;2092469;GOP;0;7457;;2;
l;1946791614901;2089397;Dem;0;382;;1;
l;1947060729269;91291061;;0;5948;X;1;
l;1946925831605;2084277;GOP;0;9325;X;2;
l;1946925686197;2103733;IAP;0;2238;;2;
l;1946858726837;2095541;Dem;0;534;X;1;
l;1947328489909;2125237;GOP;1;1952;X;2;
l;1947395743157;92241333;Una;0;49603;;3;
l;97511861;799157;Dem;0;7955;;1;
l;1946992950709;92170677;Una;0;196;;4;
l;1947329177013;91198901;;0;762;;1;
l;1946254742965;2084277;GOP;0;9716;X;2;
l;98421173;2674101;IAP;0;35679;;2;
l;1946322032053;2106805;Oth;0;2852;;2;
l;97713589;2289077;Oth;0;25513;;2;
l;1946858723765;2087349;IAP;0;130;;3;
l;1947396314549;2269621;Oth;0;860;;1;
l;1947060049333;2085301;IAP;0;843;;5;
l;1946456755637;91260341;;0;11465;X;1;
l;67136949;2193845;IAP;0;2026;;2;
l;1947261194677;2405813;Dem;0;9140;;1;
l;1947127163317;2125237;GOP;1;983;X;2;
l;98362805;2686389;Oth;0;17655;;4;
l;1947395908021;2235829;Dem;0;29163;;1;
l;67123637;2176437;GOP;0;4138;;3;
l;1947396285877;91199925;;0;238649;X;2;
l;1947163693493;2082229;Ind;0;47;;4;
l;1946859409845;91239861;;0;540;;1;
l;1947261381045;92162485;Una;0;1644;;3;
l;1947365042613;2191797;Lib;0;2139;;3;
l;1946590967221;91292085;;0;253;;2;
l;1947261380021;92169653;Una;0;5275;;4;
l;1946590292405;58805;IAP;0;17;;4;
l;1946321855925;2095541;Dem;0;2566;X;1;
l;1946993629621;91230645;;0;835;;2;
l;1947060733365;91250101;;0;8240;X;1;
l;1947396308405;2262453;Oth;1;543;;2;
l;1947328486837;2092469;GOP;0;1730;;2;
l;1947060730293;91281845;;0;3553;;2;
l;1946322537909;91261365;;0;3966;;2;
l;97686965;92166581;Una;0;20619;;3;
l;1947396277685;91250101;;0;251038;X;1;
l;97697205;2097589;GOP;1;249946;;2;
l;1946456758709;91229621;;0;11841;X;1;
l;1946254927285;2128309;Oth;0;9506;;2;
l;1947395917237;2222517;Dem;1;211192;;2;
l;1947261376949;92167605;Una;0;3861;;4;
l;1947395773877;14773;Oth;1;159653;X;1;
l;1947261186485;2655669;Lib;0;642;;3;
l;1946724505013;92166581;Una;0;168;;3;
l;1946456069557;2086325;Dem;0;5929;;1;
l;98412981;2277813;Oth;1;213;;1;
l;1946590297525;2096565;IAP;0;56;;3;
l;1947261376949;2088373;GOP;0;68891;X;2;
l;1947396283829;91219381;;0;176039;;1;
l;1946724654517;2108853;Oth;0;1887;X;2;
l;1946828149173;2081205;IAP;0;66;;3;
l;98411957;2275765;Oth;0;12575;;1;
l;1947365039541;655797;Dem;1;4468;X;1;
l;1947365048757;677301;Dem;0;1793;;2;
l;1946321854901;2100661;Dem;0;4159;X;1;
l;1947060229557;2106805;Oth;0;4854;;2;
l;1946858902965;92240309;Una;0;340;;3;
l;1946926515637;91251125;;0;5389;;2;
l;67112373;2156981;IAP;0;2337;;4;
l;1947261555125;92237237;Una;0;26317;;2;
l;1946254742965;2085301;IAP;0;565;;5;
l;1947395773877;2106805;Oth;0;122888;;2;
l;1946993629621;91229621;;0;1167;X;1;
l;1946792298933;91271605;;0;940;X;2;
l;1947127847349;91230645;;0;497;;2;
l;1946456253877;2127285;Oth;0;7082;;1;
l;1946725191093;91260341;;0;2153;X;1;
l;1947365049781;2199989;Dem;0;5115;;1;
l;1947396355509;100805045;;0;2499;;2;
l;1947395597749;2095541;Dem;0;178575;X;1;
l;1947395939765;2219445;IAP;0;81399;;1;
l;97689013;92168629;Una;0;22568;;4;
l;1947194269109;2092469;GOP;0;779;;2;
l;1947194956213;91229621;;0;1207;X;1;
l;1947127162293;2095541;Dem;0;563;X;1;
l;1946590968245;91280821;;0;258;X;1;
l;1946321854901;92171701;GOP;0;496;;4;
l;97692085;58805;IAP;0;7749;;4;
l;1947261188533;2657717;Dem;0;8731;;1;
l;1946724507061;92168629;Una;0;226;;4;
l;98425269;2724277;Oth;1;41712;;2;
l;1946725192117;91240885;;0;2844;X;2;
l;1946657401269;92162485;Una;0;27;;3;
l;1946657545653;2108853;Oth;0;163;X;2;
l;1946321852853;2089397;Dem;0;1788;;1;
l;1946456749493;91291061;;0;8458;X;1;
l;1946658082229;91260341;;0;261;X;1;
l;1947365019061;2156981;IAP;0;2337;;4;
l;1947194957237;91219381;;0;712;;1;
l;1947127849397;91209141;;0;492;;1;
l;1946255435189;91198901;;0;5759;;1;
l;1946523863477;91270581;;0;5865;;1;
l;1946456760757;91209141;;0;7534;;1;
l;98436533;2714037;Oth;0;21016;;2;
l;1946254742965;92166581;Una;0;717;;3;
l;1946791763381;92241333;Una;0;416;;3;
l;1946523188661;92170677;Una;0;805;;4;
l;1947127160245;2090421;IAP;0;158;;3;
l;1946926523829;91198901;;0;3558;;1;
l;98422197;2675125;GOP;1;74543;;1;
l;1946291278261;2082229;Ind;0;173;;4;
l;1947262107061;2670005;IAP;0;6834;;3;
l;1946255434165;91210165;;0;9871;X;2;
l;1947261378997;2099637;GOP;0;35341;;2;
l;1946993626549;91261365;;0;1151;;2;
l;1947396364725;100732341;;0;7318;;1;
l;1946658085301;91230645;;0;172;;2;
l;1947396312501;2280885;Oth;0;59262;;2;
l;1946858722741;2086325;Dem;0;465;;1;
l;97871285;2127285;Oth;0;26659;;1;
l;1946590289333;2090421;IAP;0;57;;3;
l;97689013;2091445;Dem;0;278576;X;1;
l;1947329164725;91291061;;0;1680;X;1;
l;1947127338421;14773;Oth;1;593;X;1;
l;1947194946997;91292085;;0;995;;2;
l;1946925835701;92169653;Una;0;681;;4;
l;1947365037493;651701;GOP;0;1916;;2;
l;1947395596725;92171701;GOP;0;18251;;4;
l;98441653;2721205;Oth;0;7497;;1;
l;1947395597749;2093493;IAP;0;22533;;3;
l;1946724507061;2092469;GOP;0;2278;;2;
l;1946724505013;2083253;Grn;0;45;;4;
l;1946992941493;2087349;IAP;0;157;;3;
l;98427317;2684341;Oth;1;10790;;2;
l;1947261555125;2105781;Oth;0;75942;X;1;
l;1946657397173;92167605;Una;0;56;;4;
l;1947328484789;92166581;Una;0;136;;3;
l;1946992763317;2131381;Dem;0;904;;1;
l;98409909;2274741;Oth;1;1243;;2;
l;1946523870645;91198901;;0;2845;;1;
l;1947194270133;2099637;GOP;0;635;;2;
l;1946255423925;91281845;;0;7516;;2;
l;1947127839157;91280821;;0;747;X;1;
l;1946456760757;91210165;;0;10575;X;2;
l;1947365020085;2082229;Ind;0;389;;4;
l;1946993630645;91219381;;0;781;;1;
l;1947261186485;587189;GOP;1;4870;;2;
l;1946791616949;2100661;Dem;0;720;X;1;
l;67124661;2178485;IAP;0;601;;3;
l;1947261381045;2126261;Lib;0;1113;;5;
l;1946993119669;2105781;Oth;0;1400;X;1;
l;97691061;2093493;IAP;0;35795;;3;
l;1946321851829;2085301;IAP;0;349;;5;
l;1946590967221;91291061;;0;171;X;1;
l;98415029;2659765;Dem;0;8932;;1;
l;1947395908021;2236853;GOP;1;34720;;2;
l;1946791618997;92162485;Una;0;39;;3;
l;1947194267061;2083253;Grn;0;22;;4;
l;1947395593653;2084277;GOP;0;153876;X;2;
l;1946254748085;58805;IAP;0;291;;4;
l;1946724509109;2094517;GOP;0;2349;;2;
l;1946523182517;2093493;IAP;0;944;;3;
l;98398645;2255285;Oth;1;661;;3;
l;1946992941493;2089397;Dem;0;684;;1;
l;1947261386165;2097589;GOP;1;51162;;2;
l;67131829;2184629;IAP;0;1538;;2;
l;1947395898805;2211253;IAP;0;1633;;2;
l;1947396316597;2274741;Oth;1;1243;;2;
l;1946254745013;92168629;Una;0;696;;4;
l;1946291278261;2080181;GOP;0;4707;X;2;
l;1947127307701;2108853;Oth;0;633;X;2;
l;1947262107061;2668981;Dem;0;44627;;2;
l;1946523179445;2087349;IAP;0;1164;;3;
l;1947194277301;2096565;IAP;0;156;;3;
l;1946791794101;14773;Oth;1;676;X;1;
l;1946590976437;91229621;;0;263;X;1;
l;97994165;2216373;Dem;1;25244;;2;
l;1947060059573;2096565;IAP;0;1207;;3;
l;1946254567861;798133;GOP;1;1994;X;2;
l;1947127849397;91210165;;0;962;X;2;
l;1946724506037;2087349;IAP;0;307;;3;
l;1946657401269;2125237;GOP;1;510;X;2;
l;67126709;2180533;Dem;0;8731;;1;
l;1946925836725;2126261;Lib;0;120;;5;
l;98418101;2668981;Dem;0;44627;;2;
l;97716661;2292149;Oth;0;8657;;1;
l;1946926515637;91250101;;0;9458;X;1;
l;1947365034421;2182581;IAP;0;458;;3;
l;1947262113205;2680245;GOP;0;1136;;2;
l;1946993625525;91271605;;0;1123;X;2;
l;1947396278709;91271605;;0;173125;X;2;
l;1947262123445;2706869;Oth;1;39407;;1;
l;1947127162293;2093493;IAP;0;121;;3;
l;1946322540981;91229621;;0;5653;X;1;
l;1947328489909;58805;IAP;0;110;;4;
l;1946523859381;91280821;;0;7359;X;1;
l;1946657401269;2124213;Dem;0;128;;1;
l;1946254753205;2098613;Dem;0;7256;X;1;
l;1946725184949;91292085;;0;2379;;2;
l;1947261377973;2092469;GOP;0;43646;;2;
l;97686965;2084277;GOP;0;277855;X;2;
l;1946791616949;92171701;GOP;0;169;;4;
l;1947328486837;92168629;Una;0;151;;4;
l;1947262068149;91199925;;0;78360;X;2;
l;1946523180469;2090421;IAP;0;1210;;3;
l;1947396313525;2282933;Oth;0;121141;;2;
l;1947060059573;2098613;Dem;0;4451;X;1;
l;1946925832629;2089397;Dem;0;3999;;1;
l;1946926511541;91291061;;0;6668;X;1;
l;1946925685173;2485685;GOP;1;2443;X;2;
l;1947127158197;2085301;IAP;0;69;;5;
l;98407861;2269621;Oth;0;860;;1;
l;1947395939765;2220469;Dem;1;252269;;2;
l;1946590287285;92166581;Una;0;18;;3;
l;1947261525429;92241333;Una;0;16914;;3;
l;1946926516661;91270581;;0;6295;;1;
l;1946321862069;92170677;Una;0;475;;4;
l;1947194954165;91240885;;0;878;X;2;
l;1946925831605;2085301;IAP;0;746;;5;
l;1946456249781;2106805;Oth;0;5896;;2;
l;1946926517685;91260341;;0;7240;X;1;
l;1947365020085;2079157;Dem;0;5884;;1;
l;1946858726837;2094517;GOP;0;924;;2;
l;1946523178421;2083253;Grn;0;93;;4;
l;1946523864501;91261365;;0;5899;;2;
l;1947261378997;2100661;Dem;0;75634;X;1;
l;1946858901941;2105781;Oth;0;1252;X;1;
l;67112373;733621;Lib;0;2841;;3;
l;1946322535861;91250101;;0;5089;X;1;
l;1946590466485;92237237;Una;0;139;;2;
l;1947395601845;2294197;Oth;1;27328;;1;
l;98378165;91209141;;0;260256;;1;
l;1947194269109;2090421;IAP;0;181;;3;
l;1946523869621;91209141;;0;5221;;1;
l;98437557;2719157;Oth;0;24810;;1;
l;1946962366901;2080181;GOP;0;930;X;2;
l;1947395597749;92169653;Una;0;16416;;4;
l;98427317;2683317;Oth;0;12913;;1;
l;1946321855925;2093493;IAP;0;560;;3;
l;1947395772853;2105781;Oth;0;244256;X;1;
l;67132853;655797;Dem;1;4468;X;1;
l;1946725185973;91280821;;0;2554;X;1;
l;1947262117301;2688437;Oth;0;1988;;2;
l;1947395620277;2289077;Oth;0;25513;;2;
l;1946321852853;2087349;IAP;0;476;;3;
l;1946658077109;91281845;;0;228;;2;
l;1947127844277;91261365;;0;822;;2;
l;1946925841845;2097589;GOP;1;7750;;2;
l;1946658088373;91198901;;0;163;;1;
l;98393525;2244021;GOP;0;160;;1;
l;98424245;2679221;GOP;1;2146;;1;
l;1946456219061;2108853;Oth;0;8706;X;2;
l;98397621;2252213;Oth;1;21716;;2;
l;1946657396149;2085301;IAP;0;54;;5;
l;1947395603893;92170677;Una;0;19014;;4;
l;1946456079797;2096565;IAP;0;955;;3;
l;1946993632693;91198901;;0;533;;1;
l;1946657399221;2100661;Dem;0;234;X;1;
l;1947029475765;2082229;Ind;0;434;;4;
l;1947096584629;2080181;GOP;0;779;X;2;
l;1947060739509;91219381;;0;5315;;1;
l;1947395894709;2159029;Dem;0;98210;;1;
l;98399669;2256309;Oth;0;136;;1;
l;1946254746037;2099637;GOP;0;5968;;2;
l;1947194120629;2484661;Dem;0;391;;1;
l;1946724685237;92240309;Una;0;768;;3;
l;97673653;2168245;Dem;0;12421;;1;
l;1946926521781;91220405;;0;7937;X;2;
l;97513909;2104757;GOP;0;6917;;2;
l;1946858722741;2084277;GOP;0;1165;X;2;
l;1946590436789;2108853;Oth;0;112;X;2;
l;1947328485813;2088373;GOP;0;1759;X;2;
l;1946926516661;91271605;;0;8550;X;2;
l;1947329171893;91239861;;0;1187;;1;
l;1947396280757;91239861;;0;157495;;1;
l;1946657576373;14773;Oth;1;209;X;1;
l;67145141;2203061;IAP;0;1582;;3;
l;67141045;2198965;GOP;0;3341;;2;
l;1946724510133;58805;IAP;0;86;;4;
l;1947261380021;2095541;Dem;0;54570;X;1;
l;1946992940469;2085301;IAP;0;101;;5;
l;98450869;100783541;;0;4160;;1;
l;67132853;2186677;IAP;0;459;;3;
l;1947060053429;2094517;GOP;0;5179;;2;
l;1946724515253;2098613;Dem;0;1389;X;1;
l;1947396311477;2268597;Oth;0;121;;2;
l;98000309;2231733;Dem;0;182007;;1;
l;1947365030325;2176437;GOP;0;4138;;3;
l;97624501;2163125;Lib;0;4795;;3;
l;67125685;638389;Dem;1;4549;X;1;
l;98393525;2245045;IAP;0;195;;2;
l;1946858724789;92168629;Una;0;111;;4;
l;1947194451381;2128309;Oth;0;942;;2;
l;98452917;100764085;;0;19907;;2;
l;1947127159221;92167605;Una;0;89;;4;
l;1946791613877;2083253;Grn;0;5;;4;
l;1946456070581;2089397;Dem;0;4708;;1;
l;1946322531765;91291061;;0;3547;X;1;
l;1947262065077;91229621;;0;73583;X;1;
l;1947261375925;2084277;GOP;0;61928;X;2;
l;98374069;91239861;;0;252776;;1;
l;1946992943541;2100661;Dem;0;1326;X;1;
l;1946322538933;91240885;;0;5007;X;2;
l;1946926512565;91281845;;0;5852;;2;
l;67127733;2182581;IAP;0;458;;3;
l;98438581;2709941;Oth;0;5068;;2;
l;1946791618997;2126261;Lib;0;11;;5;
l;1946657545653;92241333;Una;0;210;;3;
l;1947365043637;2193845;IAP;0;2026;;2;
l;1946858727861;2124213;Dem;0;415;;1;
l;1946792306101;91198901;;0;369;;1;
l;1947395531189;2165173;Dem;0;29969;X;1;
l;1946791617973;2094517;GOP;0;943;;2;
l;1947395598773;2126261;Lib;0;3286;;5;
l;1946828149173;2080181;GOP;0;1137;X;2;
l;1946523357621;2105781;Oth;0;7431;X;1;
l;1947194954165;91239861;;0;973;;1;
l;1947396279733;91261365;;0;167928;;2;
l;1947396300213;2245045;IAP;0;195;;2;
l;1946791763381;2108853;Oth;0;593;X;2;
l;1947328484789;2083253;Grn;0;41;;4;
l;1947127160245;92168629;Una;0;75;;4;
l;1947396290997;1089973;Oth;0;11601;;1;
l;1946523182517;2095541;Dem;0;3240;X;1;
l;1947395595701;2090421;IAP;0;20139;;3;
l;98423221;2678197;IAP;0;32060;;2;
l;97867189;14773;Oth;1;259417;X;1;
l;1946993120693;14773;Oth;1;793;X;1;
l;1947329164725;91292085;;0;1573;;2;
l;1947060053429;92169653;Una;0;731;;4;
l;1947395909045;2238901;GOP;0;82662;;2;
l;1947261378997;92171701;GOP;0;5590;;4;
l;1947163693493;2081205;IAP;0;65;;3;
l;1947396358581;100773301;;0;17464;;1;
l;1946992942517;2090421;IAP;0;202;;3;
l;1946322532789;91281845;;0;3140;;2;
l;1947396360629;100752821;;0;4998;;1;
l;1946925832629;2088373;GOP;0;9484;X;2;
l;1947395909045;2237877;Dem;1;150671;;1;
l;97540533;2485685;GOP;1;19908;X;2;
l;98395573;2247093;Oth;0;15403;;1;
l;1947194416565;2108853;Oth;0;913;X;2;
l;97866165;92237237;Una;0;128711;;2;
l;1946523179445;92167605;Una;0;583;;4;
l;1946724506037;2089397;Dem;0;1042;;1;
l;1947395905973;2226613;GOP;0;148943;;2;
l;1947395743157;2107829;Oth;1;128268;;1;
l;97534389;2162101;GOP;0;1742;;2;
l;1946925841845;92170677;Una;0;737;;4;
l;1946321856949;2125237;GOP;1;5776;X;2;
l;1947060054453;2125237;GOP;1;6846;X;2;
l;1947396313525;2281909;Oth;0;88763;;1;
l;1946590978485;91210165;;0;264;X;2;
l;98428341;2688437;Oth;0;1988;;2;
l;1946456759733;91219381;;0;7788;;1;
l;1946523865525;91239861;;0;4086;;1;
l;1946255429045;91260341;;0;9829;X;1;
l;98395573;2248117;Oth;1;29413;;2;
l;1947127161269;2099637;GOP;0;482;;2;
l;1946791613877;2084277;GOP;0;1291;X;2;
l;1946590971317;91251125;;0;159;;2;
l;1947127337397;2105781;Oth;0;946;X;1;
l;97691061;2095541;Dem;0;270154;X;1;
l;1947194953141;91260341;;0;869;X;1;
l;1947262124469;2710965;Oth;0;17842;;1;
l;1947194272181;92162485;Una;0;36;;3;
l;1946255422901;91292085;;0;10489;;2;
l;67143093;679349;GOP;1;11283;X;2;
l;1946925835701;2093493;IAP;0;1019;;3;
l;97988021;737717;GOP;1;102176;X;2;
l;1946858545589;2130357;IAP;0;137;;3;
l;1947194958261;91209141;;0;721;;1;
l;1947261201845;2297269;GOP;0;1519;X;2;
l;1947395603893;2097589;GOP;1;145958;;2;
l;1947194277301;2098613;Dem;0;703;X;1;
l;1947262126517;2719157;Oth;0;24810;;1;
l;1947396356533;100794805;;0;2749;;2;
l;1946255432117;91229621;;0;10718;X;1;
l;1946456253877;2128309;Oth;0;8522;;2;
l;1947395895733;2169269;IAP;0;18312;;2;
l;1947194956213;91230645;;0;806;;2;
l;1947029475765;2079157;Dem;0;4692;;1;
l;1946321852853;2088373;GOP;0;5505;X;2;
l;1947194267061;92166581;Una;0;68;;3;
l;1947328485813;2089397;Dem;0;1019;;1;
l;1947365050805;2201013;GOP;0;7503;X;2;
l;1946523863477;91271605;;0;5764;X;2;
l;1946925841845;2096565;IAP;0;1025;;3;
l;1947365033397;639413;GOP;1;11082;X;2;
l;1946859412917;91219381;;0;702;;1;
l;1946523183541;2125237;GOP;1;8218;X;2;
l;1947060740533;91209141;;0;5332;;1;
l;1947328634293;2108853;Oth;0;858;X;2;
l;1946859411893;91230645;;0;530;;2;
l;1946993620405;91292085;;0;1024;;2;
l;1947194953141;91261365;;0;987;;2;
l;97836469;2107829;Oth;1;205157;;1;
l;1946792297909;91250101;;0;1161;X;1;
l;1947262128565;2715061;Oth;1;10312;;1;
l;1946321853877;2091445;Dem;0;2750;X;1;
l;1946993631669;91210165;;0;1174;X;2;
l;1946321855925;92169653;Una;0;413;;4;
l;1946492604853;2081205;IAP;0;415;;3;
l;1946425495989;2080181;GOP;0;10679;X;2;
l;1946523867573;91229621;;0;7970;X;1;
l;1947194957237;91220405;;0;1066;X;2;
l;1947396363701;100742581;;0;5953;;1;
l;1946254753205;92170677;Una;0;978;;4;
l;1946321862069;2097589;GOP;1;4613;;2;
l;1946456073653;92169653;Una;0;890;;4;
l;1947395938741;2229685;IAP;0;79490;;2;
l;97686965;2086325;Dem;0;254920;;1;
l;1947194270133;92171701;GOP;0;114;;4;
l;1947060736437;91240885;;0;6617;X;2;
l;67141045;674229;Dem;1;7764;X;1;
l;1946455895477;2297269;GOP;0;12447;X;2;
l;1947395620277;2288053;Oth;0;22938;;1;
l;1946523180469;2092469;GOP;0;6753;;2;
l;97999285;2224565;IAP;0;6859;;3;
l;1947395594677;2088373;GOP;0;167278;X;2;
l;1946792293813;91291061;;0;885;X;1;
l;98402741;2266549;Oth;1;151;;2;
l;1947127158197;2083253;Grn;0;17;;4;
l;1946590110133;2130357;IAP;0;50;;3;
l;1946858726837;2093493;IAP;0;166;;3;
l;1946993120693;92240309;Una;0;382;;3;
l;1946456072629;2099637;GOP;0;7892;;2;
l;1946456069557;92166581;Una;0;630;;3;
l;1947127307701;92241333;Una;0;321;;3;
l;1947329170869;91260341;;0;1590;X;1;
l;1947262120373;2698677;Oth;0;1419;;1;
l;1946792305077;91210165;;0;959;X;2;
l;1946590467509;2106805;Oth;0;152;;2;
l;1947297911221;2080181;GOP;0;1641;X;2;
l;1946925833653;2092469;GOP;0;7119;;2;
l;97512885;2296245;Dem;0;7394;;1;
l;1947365031349;634293;GOP;1;8827;X;2;
l;1946456074677;92162485;Una;0;270;;3;
l;1947396311477;2267573;Oth;1;549;;1;
l;97993141;2213301;Dem;0;29794;;2;
l;98429365;2697653;Oth;0;1502;;4;
l;98451893;100774325;;0;7692;;2;
l;98428341;2690485;Oth;0;1293;;4;
l;1946657398197;2091445;Dem;0;136;X;1;
l;67129781;649653;Dem;0;2803;;2;
l;1947395900853;2215349;Dem;0;15391;;1;
l;1946724515253;2097589;GOP;1;2412;;2;
l;1946992944565;2095541;Dem;0;916;X;1;
l;1946792303029;91230645;;0;571;;2;
l;97866165;2105781;Oth;0;385931;X;1;
l;1946456219061;92241333;Una;0;3095;;3;
l;1946859402677;91292085;;0;920;;2;
l;98002357;2237877;Dem;1;150671;;1;
l;1947365041589;2190773;Dem;0;5314;X;1;
l;98390453;2217397;Dem;0;156073;;1;
l;98372021;91270581;;0;274828;;1;
l;1946761040309;2082229;Ind;0;46;;4;
l;98033077;2219445;IAP;0;81399;;1;
l;98404789;2268597;Oth;0;121;;2;
l;1947396319669;2277813;Oth;1;213;;1;
l;1946792294837;91281845;;0;714;;2;
l;1947262117301;2690485;Oth;0;1293;;4;
l;98446773;2287029;Oth;0;169259;;2;
l;1946254742965;2086325;Dem;0;6989;;1;
l;1947395596725;2100661;Dem;0;210022;X;1;
l;1947395906997;2231733;Dem;0;182007;;1;
l;1946859403701;91280821;;0;1145;X;1;
l;1946455924149;2102709;GOP;1;8432;X;1;
l;1947365038517;2184629;IAP;0;1538;;2;
l;1946657575349;2105781;Oth;0;438;X;1;
l;1947262051765;2686389;Oth;0;17655;;4;
l;1946657396149;2083253;Grn;0;4;;4;
l;1947261386165;92170677;Una;0;6157;;4;
l;1946321862069;2096565;IAP;0;486;;3;
l;1947396284853;91210165;;0;167457;X;2;
l;1946992945589;2126261;Lib;0;19;;5;
l;1947262067125;91209141;;0;47840;;1;
l;1947096584629;2081205;IAP;0;47;;3;
l;98431413;2699701;Oth;0;2236;;2;
l;1946993630645;91220405;;0;1190;X;2;
l;1946590972341;91270581;;0;171;;1;
l;1946657399221;2099637;GOP;0;400;;2;
l;1947262103989;2659765;Dem;0;8932;;1;
l;1947328484789;2085301;IAP;0;187;;5;
l;1947194951093;91251125;;0;635;;2;
l;98418101;2671029;GOP;0;53567;;4;
l;1946926518709;91240885;;0;8751;X;2;
l;1947365033397;2180533;Dem;0;8731;;1;
l;1947194447285;2106805;Oth;0;523;;2;
l;1946523358645;14773;Oth;1;4096;X;1;
l;67145141;2205109;Dem;0;15618;;1;
l;1946859414965;91199925;;0;1356;X;2;
l;1946858727861;58805;IAP;0;57;;4;
l;1946992944565;2093493;IAP;0;145;;3;
l;1946321674677;2131381;Dem;0;371;;1;
l;1947230802357;2082229;Ind;0;2624;;4;
l;1946858732981;2098613;Dem;0;492;X;1;
l;1946895258037;2079157;Dem;0;5929;;1;
l;1947395580341;2168245;Dem;0;12421;;1;
l;1947396301237;745909;Oth;0;132746;;1;
l;1946523188661;2097589;GOP;1;6945;;2;
l;1946590290357;92171701;GOP;0;52;;4;
l;1947194959285;91198901;;0;497;;1;
l;1946657545653;2107829;Oth;1;311;;1;
l;1946992942517;92168629;Una;0;149;;4;
l;1947396306357;2256309;Oth;0;136;;1;
l;97695157;2295221;Oth;0;12139;;2;
l;1946992941493;92167605;Una;0;132;;4;
l;1946590288309;2089397;Dem;0;88;;1;
l;1947261375925;2086325;Dem;0;46541;;1;
l;1946254748085;2124213;Dem;0;6461;;1;
l;1947395603893;2096565;IAP;0;17686;;3;
l;98450869;100784565;;0;2474;;2;
l;1947396359605;100764085;;0;19907;;2;
l;1947194091957;799157;Dem;0;862;;1;
l;1947060054453;2124213;Dem;0;4293;;1;
l;1946523327925;92241333;Una;0;2756;;3;
l;1947194959285;91199925;;0;1315;X;2;
l;1946456069557;2085301;IAP;0;591;;5;
l;1946925981109;2108853;Oth;0;7110;X;2;
l;1947395531189;2163125;Lib;0;4795;;3;
l;1947328665013;2106805;Oth;0;1382;;2;
l;1946255432117;91230645;;0;6808;;2;
l;1946559713717;2082229;Ind;0;20;;4;
l;1947365045685;2194869;Lib;0;2552;;2;
l;1946492604853;2080181;GOP;0;7362;X;2;
l;98420149;2665909;IAP;0;33632;;1;
l;98458037;100732341;;0;7318;;1;
l;1947396278709;91270581;;0;182340;;1;
l;67142069;677301;Dem;0;1793;;2;
l;97692085;2125237;GOP;1;321186;X;2;
l;1946925833653;2091445;Dem;0;5824;X;1;
l;67134901;2190773;Dem;0;5314;X;1;
l;1946993627573;91239861;;0;881;;1;
l;1947395623349;2292149;Oth;0;8657;;1;
l;1946590467509;92240309;Una;0;108;;3;
l;98449845;100793781;;0;3881;;1;
l;1947127843253;91271605;;0;863;X;2;
l;67127733;642485;GOP;1;6134;X;2;
l;97687989;2088373;GOP;0;300069;X;2;
l;1947194271157;92169653;Una;0;110;;4;
l;1947396304309;2252213;Oth;1;21716;;2;
l;1947194272181;2125237;GOP;1;1145;X;2;
l;1947396356533;100793781;;0;3881;;1;
l;1946523182517;2094517;GOP;0;6815;;2;
l;1946725195189;91219381;;0;1784;;1;
l;98447797;743861;Oth;0;151797;;1;
l;1947060051381;2091445;Dem;0;4492;X;1;
l;1946791614901;2088373;GOP;0;1149;X;2;
l;1947395899829;710069;GOP;1;15365;;1;
l;67136949;667061;Dem;1;6045;X;1;
l;1947262065077;91230645;;0;39558;;2;
l;1947194121653;2102709;GOP;1;624;X;1;
l;1946322542005;91219381;;0;3424;;1;
l;1946791615925;2090421;IAP;0;172;;3;
l;1947395905973;2224565;IAP;0;6859;;3;
l;1947261525429;2107829;Oth;1;41439;;1;
l;97511861;798133;GOP;1;12891;X;2;
l;1946791624117;92170677;Una;0;143;;4;
l;98405813;2280885;Oth;0;59262;;2;
l;1946724508085;2100661;Dem;0;2290;X;1;
l;1946254923189;2106805;Oth;0;5857;;2;
l;1946456071605;2092469;GOP;0;9301;;2;
l;98010549;2222517;Dem;1;211192;;2;
l;97994165;2215349;Dem;0;15391;;1;
l;1947060049333;2086325;Dem;0;4443;;1;
l;1946657398197;2092469;GOP;0;405;;2;
l;1946992943541;2099637;GOP;0;556;;2;
l;1946693931445;2080181;GOP;0;2688;X;2;
l;1946658080181;91250101;;0;461;X;1;
l;67130805;651701;GOP;0;1916;;2;
l;98459061;100722101;;0;4817;;1;
l;1946992763317;2129333;GOP;0;955;X;2;
l;1947060054453;92162485;Una;0;186;;3;
l;1947261556149;92240309;Una;0;17034;;3;
l;97988021;2160053;IAP;0;5326;;3;
l;1946523183541;58805;IAP;0;351;;4;
l;1946657400245;2095541;Dem;0;159;X;1;
l;98366901;91291061;;0;310630;X;1;
l;1946992763317;2130357;IAP;0;186;;3;
l;1947395441077;2162101;GOP;0;1742;;2;
l;98420149;2666933;GOP;1;72981;;2;
l;1947060730293;91280821;;0;7935;X;1;
l;1947395744181;2264501;Oth;0;217417;;2;
l;1947060741557;91199925;;0;8738;X;2;
l;1946657398197;2090421;IAP;0;116;;3;
l;1946724654517;2107829;Oth;1;1566;;1;
l;97697205;2096565;IAP;0;30391;;3;
l;1946523180469;92168629;Una;0;581;;4;
l;1946254927285;2127285;Oth;0;7174;;1;
l;1946925834677;2100661;Dem;0;8288;X;1;
l;67113397;2079157;Dem;0;103572;;1;
l;1947262107061;2671029;GOP;0;53567;;4;
l;1946254743989;2087349;IAP;0;814;;3;
l;1947060049333;92166581;Una;0;481;;3;
l;1946693931445;2082229;Ind;0;131;;4;
l;98451893;100773301;;0;17464;;1;
l;1947396301237;1086901;Oth;0;164853;;2;
l;67138997;2194869;Lib;0;2552;;2;
l;1946322544053;91199925;;0;5892;X;2;
l;1947261202869;2104757;GOP;0;633;;2;
l;98408885;2272693;Oth;1;1799;;2;
l;1947262122421;2703797;Oth;0;8547;;2;
l;1946724323765;602549;GOP;1;1133;X;2;
l;1947194447285;92240309;Una;0;360;;3;
l;1946725189045;91251125;;0;1560;;2;
l;1947261193653;601525;GOP;0;4256;;2;
l;1946791613877;2086325;Dem;0;369;;1;
l;98388405;2290101;Oth;0;21775;;1;
l;1946792306101;91199925;;0;1362;X;2;
l;1946724509109;2093493;IAP;0;333;;3;
l;1946792298933;91270581;;0;824;;1;
l;1946626822581;2081205;IAP;0;50;;3;
l;1947396354485;743861;Oth;0;151797;;1;
l;98362805;2685365;Oth;0;27014;;3;
l;1946925832629;2087349;IAP;0;974;;3;
l;1947262130613;2722229;Oth;0;13766;;2;
l;1946523327925;2107829;Oth;1;5071;;1;
l;1947365045685;670133;Dem;1;7956;X;1;
l;1947127848373;91219381;;0;530;;1;
l;1946523188661;2098613;Dem;0;2977;X;1;
l;1946626822581;2080181;GOP;0;408;X;2;
l;97992117;2212277;GOP;0;9030;;3;
l;1946590291381;92169653;Una;0;44;;4;
l;98429365;2695605;Oth;0;1758;;2;
l;1947060052405;92171701;GOP;0;1060;;4;
l;1947328487861;2099637;GOP;0;1397;;2;
l;1947127848373;91220405;;0;912;X;2;
l;98425269;2723253;Oth;0;59709;;1;
l;1947365054901;696757;Dem;1;4542;X;1;
l;97999285;2226613;GOP;0;148943;;2;
l;1947262060981;91271605;;0;68147;X;2;
l;1947194268085;2089397;Dem;0;539;;1;
l;1947127159221;2088373;GOP;0;920;X;2;
l;98376117;91229621;;0;383524;X;1;
l;1946858722741;2085301;IAP;0;107;;5;
l;1946590974389;91240885;;0;228;X;2;
l;1946724510133;2124213;Dem;0;1129;;1;
l;1946658087349;91209141;;0;282;;1;
l;1946321851829;92166581;Una;0;262;;3;
l;1947163693493;2079157;Dem;0;831;;1;
l;1946590297525;92170677;Una;0;48;;4;
l;1946993120693;2106805;Oth;0;823;;2;
l;1947096584629;2079157;Dem;0;652;;1;
l;1947396303285;2250165;Oth;0;20894;;2;
l;67148213;2209205;GOP;0;2681;;2;
l;1946792299957;91261365;;0;1009;;2;
l;1947365047733;2198965;GOP;0;3341;;2;
l;1947262110133;2673077;GOP;1;71438;;1;
l;67135925;2192821;Dem;0;16515;;1;
l;98379189;91199925;;0;390076;X;2;
l;1947396315573;2271669;Oth;0;1475;;1;
l;97691061;92169653;Una;0;27425;;4;
l;1946858727861;2126261;Lib;0;13;;5;
l;1947127307701;2107829;Oth;1;504;;1;
l;1946456073653;2095541;Dem;0;6929;X;1;
l;1946254569909;608693;Dem;1;8208;X;1;
l;97689013;2090421;IAP;0;38577;;3;
l;1946254892469;2107829;Oth;1;6170;;1;
l;1946791624117;2096565;IAP;0;114;;3;
l;98440629;2717109;Oth;1;12819;;1;
l;1946657406389;2097589;GOP;1;388;;2;
l;1947395897781;2173365;IAP;0;13739;;2;
l;1947060740533;91210165;;0;6009;X;2;
l;1947396352437;2283957;Oth;0;122377;;1;
l;1946791615925;2092469;GOP;0;971;;2;
l;1947329174965;91219381;;0;1414;;1;
l;97992117;2211253;IAP;0;1633;;2;
l;1946590292405;2125237;GOP;1;289;X;2;
l;1946456754613;91271605;;0;11422;X;2;
l;1946725196213;91210165;;0;2469;X;2;
l;1946993089973;92241333;Una;0;402;;3;
l;1947395593653;92166581;Una;0;12860;;3;
l;1947194267061;2086325;Dem;0;626;;1;
l;1946456069557;2084277;GOP;0;11918;X;2;
l;1946657396149;2086325;Dem;0;121;;1;
l;1946425495989;2082229;Ind;0;340;;4;
l;97497525;2654645;Dem;0;6750;X;1;
l;1946926015925;2127285;Oth;0;7058;;1;
l;1947297911221;2082229;Ind;0;101;;4;
l;1947262114229;2723253;Oth;0;59709;;1;
l;1946255433141;91219381;;0;7343;;1;
l;1947060734389;91270581;;0;5609;;1;
l;1946456072629;2100661;Dem;0;10248;X;1;
l;98400693;2258357;Oth;1;886;;1;
l;1946858724789;2092469;GOP;0;872;;2;
l;1946255426997;91251125;;0;6142;;2;
l;1946791793077;2105781;Oth;0;1230;X;1;
l;1947230802357;2079157;Dem;0;58236;;1;
l;1946456249781;92240309;Una;0;2861;;3;
l;1947194952117;91270581;;0;702;;1;
l;1946858902965;14773;Oth;1;593;X;1;
l;1946858727861;92162485;Una;0;45;;3;
l;1946992945589;58805;IAP;0;56;;4;
l;1947194271157;2094517;GOP;0;889;;2;
l;1946761040309;2079157;Dem;0;540;;1;
l;1946792304053;91220405;;0;1020;X;2;
l;1947395744181;2263477;Oth;0;126221;;1;
l;1946992950709;2098613;Dem;0;918;X;1;
l;97687989;92167605;Una;0;21455;;4;
l;98384309;1090997;Oth;0;8405;;2;
l;1946456750517;91281845;;0;7222;;2;
l;98436533;2713013;Oth;1;27550;;1;
l;1946456072629;92171701;GOP;0;945;;4;
l;1947262109109;2665909;IAP;0;33632;;1;
l;1946895258037;2081205;IAP;0;471;;3;
l;97624501;2165173;Dem;0;29969;X;1;
l;1946926015925;2128309;Oth;0;6166;;2;
l;1947262116277;2683317;Oth;0;12913;;1;
l;1946858723765;92167605;Una;0;142;;4;
l;1946657397173;2088373;GOP;0;421;X;2;
l;1947261556149;2106805;Oth;0;35431;;2;
l;97499573;2656693;GOP;0;15438;X;2;
l;1947395593653;2086325;Dem;0;177294;;1;
l;1947329173941;91229621;;0;2196;X;1;
l;98433461;2703797;Oth;0;8547;;2;
l;67140021;2196917;IAP;0;681;;3;
l;1946859414965;91198901;;0;424;;1;
l;1947329173941;91230645;;0;1025;;2;
l;1947060198837;2108853;Oth;0;5179;X;2;
l;1946523183541;2126261;Lib;0;100;;5;
l;1947396283829;91220405;;0;161694;X;2;
l;98429365;2696629;Oth;0;1765;;3;
l;1946590289333;2091445;Dem;0;123;X;1;
l;1947329168821;91250101;;0;2253;X;1;
l;1946590968245;91281845;;0;160;;2;
l;1947194446261;2105781;Oth;0;1196;X;1;
l;1946724506037;2088373;GOP;0;2922;X;2;
l;1947127842229;91250101;;0;981;X;1;
l;1947262112181;2678197;IAP;0;32060;;2;
l;1947060735413;91260341;;0;5426;X;1;
l;1946992942517;2092469;GOP;0;783;;2;
l;98449845;100794805;;0;2749;;2;
l;1947365030325;632245;Dem;1;6639;X;2;
l;98001333;2235829;Dem;0;29163;;1;
l;97502645;691637;Dem;1;7665;X;1;
l;1946858872245;2107829;Oth;1;687;;1;
l;1946658086325;91219381;;0;254;;1;
l;98457013;100742581;;0;5953;;1;
l;98360757;2681269;Oth;1;11050;;1;
l;1946859413941;91210165;;0;1036;X;2;
l;1947395899829;2213301;Dem;0;29794;;2;
l;1946523183541;92162485;Una;0;201;;3;
l;1947365031349;2177461;Dem;0;7412;;1;
l;1947262126517;2720181;Oth;0;22232;;2;
l;1946254747061;92169653;Una;0;908;;4;
l;1946322544053;91198901;;0;2029;;1;
l;1947262115253;2704821;Oth;0;78481;;1;
l;98435509;2711989;Oth;1;31938;;2;
l;1946724508085;2099637;GOP;0;1845;;2;
l;1946321853877;2092469;GOP;0;4127;;2;
l;1947127839157;91281845;;0;720;;2;
l;1947365051829;2205109;Dem;0;15618;;1;
l;1947127838133;91291061;;0;641;X;1;
l;1947365019061;733621;Lib;0;2841;;3;
l;1947396282805;91230645;;0;101299;;2;
l;1946254743989;92167605;Una;0;535;;4;
l;1947329177013;91199925;;0;2435;X;2;
l;1947395598773;2125237;GOP;1;188761;X;2;
l;1947395894709;737717;GOP;1;102176;X;2;
l;1947194277301;92170677;Una;0;120;;4;
l;98379189;91198901;;0;164560;;1;
l;98373045;91260341;;0;309268;X;1;
l;1947365032373;638389;Dem;1;4549;X;1;
l;1946925831605;2086325;Dem;0;4310;;1;
l;1946523864501;91260341;;0;5753;X;1;
l;1946724509109;2095541;Dem;0;1494;X;1;
l;1947262118325;2695605;Oth;0;1758;;2;
l;1947395596725;2099637;GOP;0;126783;;2;
l;67112373;732597;Dem;1;84979;X;1;
l;1946523862453;91250101;;0;7481;X;1;
l;1946254922165;92237237;Una;0;4466;;2;
l;1947262122421;2702773;Oth;1;20893;;1;
l;1947395900853;2216373;Dem;1;25244;;2;
l;97497525;587189;GOP;1;4870;;2;
l;1946858545589;2129333;GOP;0;1121;X;2;
l;1947262112181;2677173;GOP;1;75692;;1;
l;1947060051381;2090421;IAP;0;1282;;3;
l;1946895258037;2082229;Ind;0;360;;4;
l;1946523858357;91292085;;0;5788;;2;
l;1947328488885;92169653;Una;0;270;;4;
l;1946657401269;58805;IAP;0;40;;4;
l;1946590291381;2094517;GOP;0;208;;2;
l;1946255428021;91270581;;0;7235;;1;
l;98426293;2704821;Oth;0;78481;;1;
l;1947127850421;91198901;;0;336;;1;
l;1947261377973;2090421;IAP;0;9274;;3;
l;1947365036469;649653;Dem;0;2803;;2;
l;1946992941493;2088373;GOP;0;1109;X;2;
l;1947262125493;2714037;Oth;0;21016;;2;
l;97837493;2263477;Oth;0;126221;;1;
l;97697205;2098613;Dem;0;256921;X;1;
l;1946657398197;92168629;Una;0;52;;4;
l;1946724510133;2126261;Lib;0;41;;5;
l;1947395894709;738741;Lib;0;5155;;4;
l;67113397;2081205;IAP;0;5409;;3;
l;1947396305333;2254261;Oth;0;215;;2;
l;1947261186485;2654645;Dem;0;6750;X;1;
l;1946925831605;92166581;Una;0;507;;3;
l;1946321851829;2083253;Grn;0;68;;4;
l;98412981;2278837;Oth;0;151;;2;
l;1946657406389;2096565;IAP;0;92;;3;
l;1946859413941;91209141;;0;733;;1;
l;1946761040309;2081205;IAP;0;49;;3;
l;1947396297141;2218421;GOP;1;190380;;2;
l;1947261560245;2127285;Oth;0;4741;;1;
l;1947365048757;676277;Dem;1;4092;X;1;
l;97500597;596405;Dem;1;6792;X;1;
l;1946321854901;2099637;GOP;0;3380;;2;
l;1946858902965;2106805;Oth;0;842;;2;
l;1947060229557;92240309;Una;0;2276;;3;
l;1946859406773;91251125;;0;701;;2;
l;67112373;2158005;GOP;0;40901;;2;
l;1947395595701;2091445;Dem;0;181996;X;1;
l;1946523867573;91230645;;0;3524;;2;
l;98439605;2716085;Oth;0;10923;;2;
l;1946725190069;91271605;;0;2361;X;2;
l;1947262105013;2664885;GOP;1;9833;;3;
l;1946255423925;91280821;;0;10066;X;1;
l;1947262060981;91270581;;0;48231;;1;
l;1946791624117;2097589;GOP;1;987;;2;
l;1947396357557;100783541;;0;4160;;1;
l;1947029475765;2081205;IAP;0;540;;3;
l;98377141;91220405;;0;276715;X;2;
l;1946657406389;2098613;Dem;0;148;X;1;
l;1947262066101;91220405;;0;60475;X;2;
l;1947194271157;2093493;IAP;0;126;;3;
l;1946523183541;2124213;Dem;0;2941;;1;
l;1947396307381;2260405;Oth;1;1459;;3;
l;1947261188533;2656693;GOP;0;15438;X;2;
l;1947329168821;91251125;;0;1009;;2;
l;1946321851829;2084277;GOP;0;5626;X;2;
l;1946859408821;91261365;;0;858;;2;
l;98032053;2228661;Dem;1;246750;;1;
l;97500597;2658741;Dem;0;2161;;2;
l;1946254743989;2089397;Dem;0;5072;;1;
l;1946523858357;91291061;;0;5813;X;1;
l;1946590287285;2083253;Grn;0;6;;4;
l;1946322537909;91260341;;0;4046;X;1;
l;67140021;672181;Dem;1;6221;X;1;
l;1947396280757;91240885;;0;198442;X;2;
l;1946792299957;91260341;;0;756;X;1;
l;1946791618997;2125237;GOP;1;1252;X;2;
l;1946858872245;92241333;Una;0;388;;3;
l;1946456079797;92170677;Una;0;983;;4;
l;1947262105013;2663861;Dem;0;7994;;2;
l;1947396319669;2278837;Oth;0;151;;2;
l;98400693;2260405;Oth;1;1459;;3;
l;1946791615925;2091445;Dem;0;523;X;1;
l;1946962366901;2079157;Dem;0;936;;1;
l;1947163693493;2080181;GOP;0;917;X;2;
l;1947396365749;100722101;;0;4817;;1;
l;1946993626549;91260341;;0;892;X;1;
l;1946724323765;2405813;Dem;0;308;;1;
l;1946724685237;14773;Oth;1;2106;X;1;
l;1947396312501;2279861;Oth;1;148351;;1;
l;98396597;2249141;Oth;0;34365;;1;
l;97690037;2099637;GOP;0;204174;;2;
l;1946724510133;2125237;GOP;1;3145;X;2;
l;1947060738485;91229621;;0;8039;X;1;
l;97689013;2092469;GOP;0;231904;;2;
l;1947328665013;14773;Oth;1;1143;X;1;
l;1947127838133;91292085;;0;841;;2;
l;1946724509109;92169653;Una;0;281;;4;
l;98402741;2265525;Oth;0;166;;1;
l;98405813;2279861;Oth;1;148351;;1;
l;98010549;2221493;GOP;0;111908;;1;
l;1946658087349;91210165;;0;405;X;2;
l;1946724507061;2091445;Dem;0;1558;X;1;
l;98422197;2676149;IAP;0;32395;;2;
l;1947194268085;2087349;IAP;0;124;;3;
l;97509813;2130357;IAP;0;1572;;3;
l;97504693;600501;Dem;1;5848;X;1;
l;1947329170869;91261365;;0;1658;;2;
l;1946725192117;91239861;;0;1587;;1;
l;1946321676725;799157;Dem;0;323;;1;
l;98439605;2715061;Oth;1;10312;;1;
l;1947261375925;92166581;Una;0;4087;;3;
l;1947060736437;91239861;;0;5081;;1;
l;1946456071605;2091445;Dem;0;7514;X;1;
l;1946455895477;2296245;Dem;0;6520;;1;
l;98367925;91280821;;0;352558;X;1;
l;1946658083253;91239861;;0;227;;1;
l;1947396273589;91291061;;0;209433;X;1;
l;1946993631669;91209141;;0;819;;1;
l;1947365020085;2081205;IAP;0;209;;3;
l;1946791763381;2107829;Oth;1;715;;1;
l;1947329175989;91210165;;0;1739;X;2;
l;1946926521781;91219381;;0;6287;;1;
l;1947262127541;2709941;Oth;0;5068;;2;
l;1947261377973;92168629;Una;0;5280;;4;
l;1946925834677;2099637;GOP;0;5814;;2;
l;1947328488885;2093493;IAP;0;241;;3;
l;1946322032053;92240309;Una;0;1089;;3;
l;97505717;2405813;Dem;0;9597;;1;
l;1947365047733;674229;Dem;1;7764;X;1;
l;97691061;2094517;GOP;0;238232;;2;
l;1947060738485;91230645;;0;3465;;2;
l;1946658081205;91270581;;0;309;;1;
l;1946590287285;2086325;Dem;0;92;;1;
l;98421173;2673077;GOP;1;71438;;1;
l;1946724510133;92162485;Una;0;89;;3;
l;1946254923189;14773;Oth;1;9165;X;1;
l;1947060049333;2084277;GOP;0;5941;X;2;
l;1947127163317;58805;IAP;0;34;;4;
l;1947365054901;2209205;GOP;0;2681;;2;
l;1946322001333;2108853;Oth;0;3770;X;2;
l;1946590110133;2131381;Dem;0;128;;1;
l;97692085;92162485;Una;0;8192;;3;
l;1947194270133;2100661;Dem;0;1112;X;1;
l;1947127168437;2098613;Dem;0;598;X;1;
l;1947328663989;92237237;Una;0;849;;2;
l;1947395898805;2210229;Dem;0;20206;;1;
l;98438581;2708917;Oth;1;16481;;1;
l;1947396360629;100753845;;0;20915;;2;
l;1947328665013;92240309;Una;0;651;;3;
l;1947262124469;2711989;Oth;1;31938;;2;
l;1946724506037;92167605;Una;0;206;;4;
l;1947261381045;2125237;GOP;1;66053;X;2;
l;1946456070581;2087349;IAP;0;893;;3;
l;1947396284853;91209141;;0;169948;;1;
l;1947365050805;2202037;Dem;0;7128;;1;
l;1946658076085;91291061;;0;329;X;1;
l;1947127168437;2096565;IAP;0;120;;3;
l;1947329165749;91281845;;0;1169;;2;
l;1946925656501;799157;Dem;0;5478;;1;
l;97513909;608693;Dem;1;8732;X;1;
l;1946657401269;2126261;Lib;0;15;;5;
l;1946925833653;92168629;Una;0;560;;4;
l;1946456073653;2093493;IAP;0;1043;;3;
l;98418101;2670005;IAP;0;6834;;3;
l;1947261229493;2485685;GOP;1;16658;X;2;
l;67144117;2201013;GOP;0;7503;X;2;
l;1946993624501;91250101;;0;1500;X;1;
l;1947365034421;2181557;Dem;0;5355;;1;
l;1947396316597;2273717;Oth;0;1220;;1;
l;1946224169397;2079157;Dem;0;7882;;1;
l;1947262113205;2679221;GOP;1;2146;;1;
l;1947261560245;2128309;Oth;0;5732;;2;
l;1947365046709;2196917;IAP;0;681;;3;
l;1946322031029;2105781;Oth;0;5364;X;1;
l;1947261386165;2096565;IAP;0;5819;;3;
l;97690037;92171701;GOP;0;30592;;4;
l;1947262056885;91280821;;0;64318;X;1;
l;1946926518709;91239861;;0;6079;;1;
l;98452917;100763061;;0;6002;;1;
l;1946254748085;92162485;Una;0;277;;3;
l;98416053;2662837;IAP;0;2150;;1;
l;1946657397173;2087349;IAP;0;117;;3;
l;1947261189557;2658741;Dem;0;2161;;2;
l;1946858725813;92171701;GOP;0;174;;4;
l;1947261376949;2089397;Dem;0;39137;;1;
l;1947396309429;2266549;Oth;1;151;;2;
l;1946992945589;2124213;Dem;0;728;;1;
l;1946254745013;2091445;Dem;0;8397;X;1;
l;98428341;2687413;Oth;1;1867;;1;
l;1946658076085;91292085;;0;373;;2;
l;1946858723765;2089397;Dem;0;469;;1;
l;1946993620405;91291061;;0;1008;X;1;
l;1946925831605;2083253;Grn;0;184;;4;
l;1946523179445;2088373;GOP;0;7490;X;2;
l;1946925686197;2102709;GOP;1;6904;X;1;
l;1946590289333;92168629;Una;0;32;;4;
l;1946725197237;91198901;;0;940;;1;
l;1946456758709;91230645;;0;6707;;2;
l;1947328489909;2124213;Dem;0;1146;;1;
l;1947328634293;92241333;Una;0;718;;3;
l;1946590287285;2084277;GOP;0;297;X;2;
l;1947060059573;92170677;Una;0;803;;4;
l;1947262049717;2681269;Oth;1;11050;;1;
l;1946523358645;2106805;Oth;0;4651;;2;
l;97713589;2288053;Oth;0;22938;;1;
l;1947194267061;2084277;GOP;0;1065;X;2;
l;1947261377973;2091445;Dem;0;58138;X;1;
l;1946590973365;91260341;;0;144;X;1;
l;1947127842229;91251125;;0;521;;2;
l;1946456755637;91261365;;0;7602;;2;
l;98411957;2276789;Oth;1;12980;;2;
l;1946590973365;91261365;;0;281;;2;
l;1947328487861;2100661;Dem;0;1558;X;1;
l;1947262068149;91198901;;0;34576;;1;
l;97716661;2293173;Oth;0;5930;;2;
l;1947329169845;91271605;;0;1514;X;2;
l;67123637;2175413;Lib;0;382;;4;
l;1946657575349;92237237;Una;0;200;;2;
l;98453941;100753845;;0;20915;;2;
l;98407861;2270645;Oth;0;756;;2;
l;1947328489909;92162485;Una;0;88;;3;
l;1947365042613;2192821;Dem;0;16515;;1;
l;1947194271157;2095541;Dem;0;731;X;1;
l;1947262118325;2697653;Oth;0;1502;;4;
l;98406837;2281909;Oth;0;88763;;1;
l;1946254747061;2093493;IAP;0;1091;;3;
l;1946658085301;91229621;;0;526;X;1;
l;1946792300981;91240885;;0;1183;X;2;
l;1947328486837;2091445;Dem;0;1112;X;1;
l;1946792294837;91280821;;0;1012;X;1;
l;1947262117301;2687413;Oth;1;1867;;1;
l;97505717;602549;GOP;1;13711;X;2;
l;1946456069557;2083253;Grn;0;265;;4;
l;1947395595701;2092469;GOP;0;139433;;2;
l;1947194948021;91281845;;0;708;;2;
l;1946926520757;91229621;;0;9995;X;1;
l;1946725194165;91229621;;0;3019;X;1;
l;1947395917237;2223541;GOP;0;20534;;3;
l;1946725191093;91261365;;0;2275;;2;
l;1947365038517;2185653;Dem;0;4733;X;1;
l;1946791613877;92166581;Una;0;54;;3;
l;1946590287285;2085301;IAP;0;21;;5;
l;97867189;92240309;Una;0;82477;;3;
l;1946523188661;2096565;IAP;0;929;;3;
l;1947127160245;2092469;GOP;0;736;;2;
l;1946590978485;91209141;;0;142;;1;
l;98390453;2218421;GOP;1;190380;;2;
l;1946828149173;2082229;Ind;0;56;;4;
l;1946993625525;91270581;;0;924;;1;
l;1946322536885;91271605;;0;4591;X;2;
l;1947396314549;2270645;Oth;0;756;;2;
l;98418101;2667957;Lib;0;5740;;1;
l;1946254746037;2100661;Dem;0;11096;X;1;
l;1947194120629;2485685;GOP;1;807;X;2;
l;1947395593653;2083253;Grn;0;3854;;4;
l;1946993624501;91251125;;0;545;;2;
l;97991093;2173365;IAP;0;13739;;2;
l;1947396363701;100743605;;0;19926;;2;
l;1946456070581;2088373;GOP;0;13040;X;2;
l;1947060739509;91220405;;0;5918;X;2;
l;1946859407797;91271605;;0;908;X;2;
l;1947396300213;2244021;GOP;0;160;;1;
l;1946590467509;14773;Oth;1;143;X;1;
l;1946858727861;2125237;GOP;1;1323;X;2;
l;1946791618997;58805;IAP;0;33;;4;
l;1947261380021;2094517;GOP;0;50269;;2;
l;1946791624117;2098613;Dem;0;530;X;1;
l;1947365030325;2175413;Lib;0;382;;4;
l;1946254746037;92171701;GOP;0;937;;4;
l;1947396307381;2258357;Oth;1;886;;1;
l;1946791615925;92168629;Una;0;104;;4;
l;1946992940469;2083253;Grn;0;37;;4;
l;1947194268085;92167605;Una;0;72;;4;
l;1946926517685;91261365;;0;7604;;2;
l;98434485;2707893;Oth;0;13198;;2;
l;1947261375925;2083253;Grn;0;1764;;4;
l;1947365034421;642485;GOP;1;6134;X;2;
l;1947396295093;2290101;Oth;0;21775;;1;
l;1947262055861;91291061;;0;54950;X;1;
l;97541557;2102709;GOP;1;27035;X;1;
l;1946925656501;798133;GOP;1;9216;X;2;
l;1947127163317;2124213;Dem;0;462;;1;
l;1946724654517;92241333;Una;0;865;;3;
l;98431413;2698677;Oth;0;1419;;1;
l;1947395597749;2094517;GOP;0;136649;;2;
l;97993141;710069;GOP;1;15365;;1;
l;1946492604853;2082229;Ind;0;294;;4;
l;1946456248757;2105781;Oth;0;11885;X;1;
l;1946224169397;2082229;Ind;0;322;;4;
l;1947395906997;2230709;IAP;0;18835;;3;
l;1947060735413;91261365;;0;6315;;2;
l;98445749;2284981;Oth;1;179242;;2;
l;1946993632693;91199925;;0;1482;X;2;
l;1947396285877;91198901;;0;104118;;1;
l;1946322001333;2107829;Oth;1;2584;;1;
l;1946590291381;2095541;Dem;0;136;X;1;
l;1946859412917;91220405;;0;1064;X;2;
l;1946456753589;91251125;;0;7122;;2;
l;98409909;2273717;Oth;0;1220;;1;
l;1946791432629;602549;GOP;1;540;X;2;
l;1946456761781;91198901;;0;4849;;1;
l;1947060052405;2100661;Dem;0;5586;X;1;
l;1946858732981;2097589;GOP;1;1000;;2;
l;1946859403701;91281845;;0;637;;2;
l;1947194447285;14773;Oth;1;896;X;1;
l;1947262055861;91292085;;0;60604;;2;
l;1946858726837;92169653;Una;0;198;;4;
l;1946590977461;91219381;;0;145;;1;
l;1946456756661;91239861;;0;7587;;1;
l;1947328487861;92171701;GOP;0;333;;4;
l;98010549;2223541;GOP;0;20534;;3;
l;1946993089973;2107829;Oth;1;804;;1;
l;1947127160245;2091445;Dem;0;543;X;1;
l;1947328489909;2126261;Lib;0;34;;5;
l;1947060050357;2087349;IAP;0;1066;;3;
l;1946456750517;91280821;;0;11379;X;1;
l;1947365019061;732597;Dem;1;84979;X;1;
l;98366901;91292085;;0;257645;;2;
l;1947396282805;91229621;;0;243920;X;1;
l;1947262115253;2705845;Oth;0;19117;;2;
l;1946254597557;2103733;IAP;0;2795;;2;
l;1946590288309;92167605;Una;0;32;;4;
l;1947262107061;2667957;Lib;0;5740;;1;
l;1947328484789;2084277;GOP;0;1971;X;2;
l;1946255430069;91240885;;0;10280;X;2;
l;1946658077109;91280821;;0;471;X;1;
l;1946590291381;2093493;IAP;0;41;;3;
l;1946858732981;92170677;Una;0;196;;4;
l;1946523870645;91199925;;0;8628;X;2;
l;1947365051829;2203061;IAP;0;1582;;3;
l;1947328634293;2107829;Oth;1;1595;;1;
l;1947194272181;2126261;Lib;0;23;;5;
l;1946523868597;91219381;;0;5114;;1;
l;1946859406773;91250101;;0;1111;X;1;
l;1946224169397;2080181;GOP;0;9416;X;2;
l;67124661;2177461;Dem;0;7412;;1;
l;1947127162293;2094517;GOP;0;714;;2;
l;1946523862453;91251125;;0;4179;;2;
l;67130805;650677;Dem;1;4099;X;1;
l;1947127337397;92237237;Una;0;414;;2;
l;1947396274613;91280821;;0;227502;X;1;
l;97867189;2106805;Oth;0;194354;;2;
l;1946456074677;2124213;Dem;0;5795;;1;
l;1947127163317;92162485;Una;0;40;;3;
l;1946791614901;2087349;IAP;0;127;;3;
l;98373045;91261365;;0;264615;;2;
l;1946925835701;2094517;GOP;0;7887;;2;
l;1946858722741;2083253;Grn;0;18;;4;
l;1946321856949;2124213;Dem;0;2000;;1;
l;98459061;100723125;;0;21067;;2;
l;1947261386165;2098613;Dem;0;52561;X;1;
l;98424245;2680245;GOP;0;1136;;2;
l;98394549;1086901;Oth;0;164853;;2;
l;1946791432629;2405813;Dem;0;149;;1;
l;1947365052853;686517;GOP;0;5555;;2;
l;1946321853877;92168629;Una;0;364;;4;
l;1946456079797;2098613;Dem;0;6418;X;1;
l;1946590976437;91230645;;0;151;;2;
l;1947328485813;92167605;Una;0;236;;4;
l;1947127158197;92166581;Una;0;67;;3;
l;1946859409845;91240885;;0;1283;X;2;
l;1946992950709;2096565;IAP;0;175;;3;
l;98432437;2700725;Oth;0;50161;;1;
l;1946792293813;91292085;;0;872;;2;
l;1947262128565;2716085;Oth;0;10923;;2;
l;1946254748085;2126261;Lib;0;134;;5;
l;1946926011829;92240309;Una;0;2175;;3;
l;1946523178421;2085301;IAP;0;564;;5;
l;1947261201845;2296245;Dem;0;874;;1;
l;97836469;2108853;Oth;0;252343;X;2;
l;1947060059573;2097589;GOP;1;5238;;2;
l;1947396315573;2272693;Oth;1;1799;;2;
l;1947396304309;2251189;Oth;0;15877;;1;
l;1947396297141;2217397;Dem;0;156073;;1;
l;1946523859381;91281845;;0;4055;;2;
l;1947261381045;58805;IAP;0;1605;;4;
l;1947262111157;2676149;IAP;0;32395;;2;
l;1946993621429;91281845;;0;951;;2;
l;1946254753205;2097589;GOP;1;8794;;2;
l;1946724505013;2085301;IAP;0;184;;5;
l;1946523182517;92169653;Una;0;681;;4;
l;1947395938741;2228661;Dem;1;246750;;1;
l;97686965;2083253;Grn;0;6731;;4;
l;1946724508085;92171701;GOP;0;321;;4;
l;1947262121397;2700725;Oth;0;50161;;1;
l;1947396308405;2261429;Oth;0;612;;1;
l;1947395595701;92168629;Una;0;12794;;4;
l;1947194272181;2124213;Dem;0;635;;1;
l;1946456071605;2090421;IAP;0;1412;;3;
l;97999285;2225589;Dem;0;167579;;1;
l;1947395594677;2087349;IAP;0;13429;;3;
l;1946859402677;91291061;;0;883;X;1;
l;1946724505013;2084277;GOP;0;3119;X;2;
l;98397621;2251189;Oth;0;15877;;1;
l;67135925;661941;GOP;1;20323;X;2;
l;1946926522805;91210165;;0;8100;X;2;
l;1946456753589;91250101;;0;11958;X;1;
l;1946828149173;2079157;Dem;0;547;;1;
l;1946291278261;2081205;IAP;0;287;;3;
l;1946657396149;92166581;Una;0;27;;3;
l;1947194416565;92241333;Una;0;351;;3;
l;1947127159221;2087349;IAP;0;125;;3;
l;1947262123445;2707893;Oth;0;13198;;2;
l;1946254892469;2108853;Oth;0;8870;X;2;
l;1946657576373;2106805;Oth;0;308;;2;
l;1947127845301;91240885;;0;1000;X;2;
l;1947365020085;2080181;GOP;0;6331;X;2;
l;1947262121397;2701749;Oth;0;16335;;2;
l;97512885;2297269;GOP;0;13966;X;2;
l;1947328485813;2087349;IAP;0;290;;3;
l;1947060228533;2105781;Oth;0;7472;X;1;
l;1946456754613;91270581;;0;7580;;1;
l;1946255426997;91250101;;0;11811;X;1;
l;97989045;2169269;IAP;0;18312;;2;
l;1946523357621;92237237;Una;0;3196;;2;
l;1947395601845;2295221;Oth;0;12139;;2;
l;1947365046709;672181;Dem;1;6221;X;1;
l;1946254743989;2088373;GOP;0;11639;X;2;
l;1946590110133;2129333;GOP;0;241;X;2;
l;1947396306357;2257333;Oth;1;181;;2;
l;1946590290357;2100661;Dem;0;150;X;1;
l;98000309;2230709;IAP;0;18835;;3;
l;1947261525429;2108853;Oth;0;51675;X;2;
l;1947365041589;2189749;GOP;0;2218;;2;
l;1946254747061;2095541;Dem;0;7883;X;1;
l;67143093;2199989;Dem;0;5115;;1;
l;1946590979509;91199925;;0;342;X;2;
l;1947365052853;2206133;Dem;0;5863;X;1;
l;1946725185973;91281845;;0;1756;;2;
l;1947262117301;2689461;Oth;0;1320;;3;
l;97871285;2128309;Oth;0;30868;;2;
l;1946456219061;2107829;Oth;1;5931;;1;
l;1947329171893;91240885;;0;2060;X;2;
l;1946792303029;91229621;;0;1170;X;1;
l;1947395917237;2221493;GOP;0;111908;;1;
l;1946321676725;798133;GOP;1;708;X;2;
l;67141045;2197941;IAP;0;627;;3;
l;1946456248757;92237237;Una;0;4339;;2;
l;98441653;2722229;Oth;0;13766;;2;
l;1946657396149;2084277;GOP;0;515;X;2;
l;1946925836725;2124213;Dem;0;4522;;1;
l;1947060053429;2093493;IAP;0;1187;;3;
l;1946925835701;2095541;Dem;0;5290;X;1;
l;98426293;2705845;Oth;0;19117;;2;
l;1947329175989;91209141;;0;1409;;1;
l;1946962366901;2082229;Ind;0;61;;4;
l;1947060198837;2107829;Oth;1;4067;;1;
l;1947395894709;2160053;IAP;0;5326;;3;
l;67125685;2179509;Dem;0;4381;;2;
l;1946590290357;2099637;GOP;0;223;;2;
l;1947127338421;2106805;Oth;0;574;;2;
l;1946791794101;92240309;Una;0;349;;3;
l;97673653;2167221;GOP;1;14884;X;2;
l;1947396353461;2286005;Oth;0;139377;;1;
l;1946590977461;91220405;;0;261;X;2;
l;1946658081205;91271605;;0;397;X;2;
l;1947396364725;100733365;;0;18472;;2;
l;1946926512565;91280821;;0;8895;X;1;
l;1946456249781;14773;Oth;1;8895;X;1;
l;1946321855925;2094517;GOP;0;4495;;2;
l;1947059872181;2131381;Dem;0;4686;;1;
l;1946925836725;58805;IAP;0;337;;4;
l;1947328488885;2095541;Dem;0;1369;X;1;
l;98370997;91251125;;0;179388;;2;
l;1946321674677;2130357;IAP;0;157;;3;
l;1946590297525;2098613;Dem;0;96;X;1;
l;1946925841845;2098613;Dem;0;5320;X;1;
l;1946792305077;91209141;;0;753;;1;
l;1947395580341;2167221;GOP;1;14884;X;2;
l;1947261189557;596405;Dem;1;6792;X;1;
l;1946657399221;92171701;GOP;0;85;;4;
l;1947328484789;2086325;Dem;0;995;;1;
l;97624501;2164149;GOP;1;28162;;2;
l;1947194451381;2127285;Oth;0;604;;1;
l;1947060050357;92167605;Una;0;544;;4;
l;1946523179445;2089397;Dem;0;2498;;1;
l;1946255422901;91291061;;0;7357;X;1;
l;1946254747061;2094517;GOP;0;8094;;2;
l;1947261375925;2085301;IAP;0;3614;;5;
l;1946254742965;2083253;Grn;0;186;;4;
l;98416053;2663861;Dem;0;7994;;2;
l;1946255435189;91199925;;0;11831;X;2;
l;1947396353461;2287029;Oth;0;169259;;2;
l;67127733;2181557;Dem;0;5355;;1;
l;1947395409333;2207157;GOP;0;5613;;2;
l;1946590436789;92241333;Una;0;132;;3;
l;1947396303285;2249141;Oth;0;34365;;1;
l;1947230802357;2081205;IAP;0;2026;;3;
l;1947395773877;92240309;Una;0;48837;;3;
l;67138997;670133;Dem;1;7956;X;1;
l;1946291278261;2079157;Dem;0;2870;;1;
l;1946693931445;2079157;Dem;0;1501;;1;
l;1946590466485;2105781;Oth;0;250;X;1;
l;1946456079797;2097589;GOP;1;10590;;2;
l;1946590972341;91271605;;0;257;X;2;
l;97992117;2210229;Dem;0;20206;;1;
l;98445749;2283957;Oth;0;122377;;1;
l;1947328495029;2098613;Dem;0;1115;X;1;
l;1947396290997;1090997;Oth;0;8405;;2;
l;1946254748085;2125237;GOP;1;11002;X;2;
l;1947194948021;91280821;;0;1108;X;1;
l;1947395899829;2214325;IAP;0;4936;;3;
l;1947060229557;14773;Oth;1;4185;X;1;
l;1947396273589;91292085;;0;142965;;2;
l;1946992944565;92169653;Una;0;199;;4;
l;98435509;2710965;Oth;0;17842;;1;
l;1946322532789;91280821;;0;4740;X;1;
l;1947396305333;2253237;Oth;0;275;;1;
l;1947060051381;2092469;GOP;0;5302;;2;
l;1946895258037;2080181;GOP;0;8128;X;2;
l;1947060733365;91251125;;0;3490;;2;
l;1946858723765;2088373;GOP;0;1089;X;2;
l;1947060050357;2088373;GOP;0;5995;X;2;
l;97540533;2484661;Dem;0;15954;;1;
l;97697205;92170677;Una;0;31560;;4;
l;1946590436789;2107829;Oth;1;160;;1;
l;1946725196213;91209141;;0;1825;;1;
l;1947194121653;2103733;IAP;0;199;;2;
l;1946456070581;92167605;Una;0;574;;4;
l;1947396305333;2255285;Oth;1;661;;3;
l;1947395905973;2227637;Ind;0;17723;;4;
l;1947395743157;2108853;Oth;0;156972;X;2;
l;1947328663989;2105781;Oth;0;2150;X;1;
l;97534389;2161077;Dem;1;4781;X;1;
l;1946724515253;92170677;Una;0;369;;4;
l;1947060734389;91271605;;0;6082;X;2;
l;1947194277301;2097589;GOP;1;870;;2;
l;1946523865525;91240885;;0;7585;X;2;
l;1946456759733;91220405;;0;10096;X;2;
l;1947127161269;2100661;Dem;0;923;X;1;
l;98000309;2232757;GOP;0;137920;;2;
l;1946658080181;91251125;;0;246;;2;
l;1947365030325;2174389;IAP;0;383;;1;
l;1946993119669;92237237;Una;0;533;;2;
l;1947262062005;91260341;;0;68956;X;1;
l;1947059872181;2129333;GOP;0;5958;X;2;
l;1947365032373;2179509;Dem;0;4381;;2;
l;1946992945589;92162485;Una;0;60;;3;
l;1946926011829;2106805;Oth;0;5198;;2;
l;1946321856949;58805;IAP;0;156;;4;
l;67144117;2202037;Dem;0;7128;;1;
l;1946858545589;2131381;Dem;0;560;;1;
l;1946926520757;91230645;;0;4592;;2;
l;1947395441077;2161077;Dem;1;4781;X;1;
l;1947395603893;2098613;Dem;0;169514;X;1;
l;67131829;2185653;Dem;0;4733;X;1;
l;1947262051765;2685365;Oth;0;27014;;3;
l;97988021;738741;Lib;0;5155;;4;
l;1947365043637;667061;Dem;1;6045;X;1;
l;1946791618997;2124213;Dem;0;450;;1;
l;1947060741557;91198901;;0;2726;;1;
l;1946456071605;92168629;Una;0;780;;4;
l;1946322543029;91209141;;0;3408;;1;
l;1947395895733;2170293;GOP;1;35813;X;1;
l;67113397;2080181;GOP;0;116160;X;2;
l;97993141;2214325;IAP;0;4936;;3;
l;67148213;696757;Dem;1;4542;X;1;
l;1946992940469;92166581;Una;0;102;;3;
l;1947262120373;2699701;Oth;0;2236;;2;
l;1946626822581;2079157;Dem;0;225;;1;
l;1946858732981;2096565;IAP;0;129;;3;
l;1946858724789;2091445;Dem;0;628;X;1;
l;1946456074677;2125237;GOP;1;12822;X;2;
l;1946255433141;91220405;;0;9914;X;2;
l;1946255428021;91271605;;0;10686;X;2;
l;1946791794101;2106805;Oth;0;700;;2;
l;1947127338421;92240309;Una;0;280;;3;
l;1946725189045;91250101;;0;2863;X;1;
l;1947261193653;600501;Dem;1;5848;X;1;
l;98448821;100804021;;0;4129;;1;
l;98388405;2291125;Oth;1;48330;;2;
l;1946859407797;91270581;;0;907;;1;
l;1946523181493;2099637;GOP;0;6614;;2;
l;1946724685237;2106805;Oth;0;1423;;2;
l;1947395598773;58805;IAP;0;3845;;4;
l;1947194952117;91271605;;0;1145;X;2;
l;1946321862069;2098613;Dem;0;2435;X;1;
l;1946523178421;2086325;Dem;0;2873;;1;
l;1946657400245;92169653;Una;0;69;;4;
l;67126709;639413;GOP;1;11082;X;2;
l;97686965;2085301;IAP;0;19966;;5;
l;1947127161269;92171701;GOP;0;111;;4;
l;1946523180469;2091445;Dem;0;3096;X;1;
l;97999285;2227637;Ind;0;17723;;4;
l;1947261376949;2087349;IAP;0;5074;;3;
l;1946725184949;91291061;;0;2023;X;1;
l;1947194267061;2085301;IAP;0;88;;5;
l;1946724505013;2086325;Dem;0;987;;1;
l;1947060053429;2095541;Dem;0;4639;X;1;
l;1947329174965;91220405;;0;1713;X;2;
l;98423221;2677173;GOP;1;75692;;1;
l;1947329165749;91280821;;0;2028;X;1;
l;1946523178421;92166581;Una;0;343;;3;
l;1947060198837;92241333;Una;0;2203;;3;
l;1947262130613;2721205;Oth;0;7497;;1;
l;1946254569909;2104757;GOP;0;6284;;2;
l;1947365036469;2183605;Dem;1;4443;X;1;
l;98457013;100743605;;0;19926;;2;
l;1946559713717;2079157;Dem;0;113;;1;
l;1947297911221;2079157;Dem;0;1371;;1;
l;98446773;2286005;Oth;0;139377;;1;
l;1946590292405;92162485;Una;0;26;;3;
l;1947365047733;2197941;IAP;0;627;;3;
l;1947396358581;100774325;;0;7692;;2;
l;98428341;2689461;Oth;0;1320;;3;
l;1947194268085;2088373;GOP;0;1125;X;2;
l;98002357;2238901;GOP;0;82662;;2;
l;98378165;91210165;;0;286051;X;2;
l;1946925981109;2107829;Oth;1;4754;;1;
l;1946858901941;92237237;Una;0;439;;2;
l;1946626822581;2082229;Ind;0;30;;4;
l;1946425495989;2081205;IAP;0;379;;3;
l;1946926511541;91292085;;0;8074;;2;
l;1947262049717;2682293;Oth;0;4631;;2;
l;1946492604853;2079157;Dem;0;3611;;1;
l;1947262111157;2675125;GOP;1;74543;;1;
l;1946523327925;2108853;Oth;0;3379;X;2;
l;98404789;2267573;Oth;1;549;;1;
l;1946925833653;2090421;IAP;0;1345;;3;
l;97502645;2207157;GOP;0;5613;;2;
l;1947396354485;740789;Oth;0;149891;;2;
l;97509813;2129333;GOP;0;9227;X;2;
l;1947127845301;91239861;;0;503;;1;
l;1946725194165;91230645;;0;1338;;2;
l;1947365019061;2158005;GOP;0;40901;;2;
l;1946456756661;91240885;;0;11484;X;2;
l;1946322531765;91292085;;0;4423;;2;
l;1946523178421;2084277;GOP;0;7938;X;2;
l;1947328495029;92170677;Una;0;319;;4;
l;1946254753205;2096565;IAP;0;896;;3;
l;97497525;2655669;Lib;0;642;;3;
l;1946859411893;91229621;;0;1268;X;1;
l;1947096584629;2082229;Ind;0;39;;4;
l;1947127159221;2089397;Dem;0;388;;1;
l;1946590297525;2097589;GOP;1;229;;2;
l;98399669;2257333;Oth;1;181;;2;
l;1947127844277;91260341;;0;682;X;1;
l;1946523181493;2100661;Dem;0;4075;X;1;
l;1947127847349;91229621;;0;989;X;1;
l;1947194446261;92237237;Una;0;487;;2;
l;1946724684213;2105781;Oth;0;3047;X;1;
l;1946926010805;92237237;Una;0;3415;;2;
l;1947365042613;661941;GOP;1;20323;X;2;
l;1946926523829;91199925;;0;10945;X;2;
l;1946590292405;2124213;Dem;0;91;;1;
l;1947261202869;608693;Dem;1;524;X;1;
l;1946322032053;14773;Oth;1;3773;X;1;
l;67145141;2204085;GOP;0;22149;X;2;
l;98432437;2701749;Oth;0;16335;;2;
l;1947060054453;58805;IAP;0;390;;4;
l;1946992944565;2094517;GOP;0;823;;2;
l;1947395897781;2172341;GOP;1;28299;X;1;
l;1946456073653;2094517;GOP;0;10186;;2;
l;67132853;2187701;GOP;0;3470;;2;
l;1946992950709;2097589;GOP;1;784;;2;
l;1946322540981;91230645;;0;2280;;2;
l;1946658082229;91261365;;0;446;;2;
l;1946523181493;92171701;GOP;0;976;;4;
l;1947060051381;92168629;Una;0;520;;4;
l;97695157;2294197;Oth;1;27328;;1;
l;1946925832629;92167605;Una;0;502;;4;
l;98398645;2253237;Oth;0;275;;1;
l;1946657397173;2089397;Dem;0;124;;1;
l;97499573;2657717;Dem;0;8731;;1;
l;1947395593653;2085301;IAP;0;11810;;5;
l;98374069;91240885;;0;320854;X;2;
l;1947396359605;100763061;;0;6002;;1;
l;1947328495029;2096565;IAP;0;276;;3;
l;1947328495029;2097589;GOP;1;1565;;2;
l;1947194091957;798133;GOP;1;973;X;2;
l;1946456074677;2126261;Lib;0;140;;5;
l;1947365049781;679349;GOP;1;11283;X;2;
l;1946992940469;2086325;Dem;0;676;;1;
l;1946725195189;91220405;;0;2475;X;2;
l;1947395531189;2164149;GOP;1;28162;;2;
l;1947261194677;602549;GOP;1;12038;X;2;
l;1947194951093;91250101;;0;1213;X;1;
l;1947365039541;2186677;IAP;0;459;;3;
l;98372021;91271605;;0;297875;X;2;
l;1947396279733;91260341;;0;188257;X;1;
l;98440629;2718133;Oth;0;8009;;2;
l;1947395409333;691637;Dem;1;7665;X;1;
l;67142069;676277;Dem;1;4092;X;1;
l;97692085;2124213;Dem;0;237875;;1;
l;67134901;2189749;GOP;0;2218;;2;
l;1946321851829;2086325;Dem;0;1806;;1;
l;1946590979509;91198901;;0;76;;1;
l;98360757;2682293;Oth;0;4631;;2;
l;1946254923189;92240309;Una;0;2364;;3;
l;1946657576373;92240309;Una;0;167;;3;
l;1946321856949;92162485;Una;0;114;;3;
l;1946926011829;14773;Oth;1;6650;X;1;
l;97687989;2087349;IAP;0;25322;;3;
l;1947127162293;92169653;Una;0;117;;4;
l;1947262110133;2674101;IAP;0;35679;;2;
l;1947262063029;91239861;;0;55087;;1;
l;98001333;2236853;GOP;1;34720;;2;
l;1947396274613;91281845;;0;118766;;2;
l;1946321853877;2090421;IAP;0;754;;3;
l;1947194958261;91210165;;0;1077;X;2;
l;1946254745013;2090421;IAP;0;1406;;3;
l;1947365051829;2204085;GOP;0;22149;X;2;
l;1947194946997;91291061;;0;836;X;1;
l;1946425495989;2079157;Dem;0;7752;;1;
l;1946321852853;92167605;Una;0;300;;4;
l;1946792300981;91239861;;0;584;;1;
l;1947395905973;2225589;Dem;0;167579;;1;
l;1947395598773;2124213;Dem;0;159124;;1;
l;1946658086325;91220405;;0;428;X;2;
l;1946658088373;91199925;;0;535;X;2;
l;1947127168437;92170677;Una;0;130;;4;
l;98448821;100805045;;0;2499;;2;
l;1947262118325;2696629;Oth;0;1765;;3;
l;1946590974389;91239861;;0;193;;1;
l;1946255429045;91261365;;0;8138;;2;
l;1947060052405;2099637;GOP;0;5095;;2;
l;1946858725813;2100661;Dem;0;792;X;1;
l;1946590971317;91250101;;0;269;X;1;
