l;2551183288785;3586513;;0;49360;X;2;
l;2550914846161;3572177;;0;638;X;2;
l;2550377139665;3593681;Lib;0;660;;3;
l;2551518826961;3574225;;0;82348;X;2;
l;2551920639441;3527121;CST;0;92;;3;
l;2551384608209;3571153;;0;10098;;1;
l;2550511351249;3524049;CST;0;244;;3;
l;106089937;3387857;GOP;0;16995;;2;
l;2551048373713;3475921;Dem;0;635;;1;
l;2550914848209;3575249;;0;447;;1;
l;2551987703249;3359185;GOP;0;12458;;2;
l;2552324130257;3567057;;0;2840;X;1;
l;2552457465297;3520977;Grn;0;1650;;3;
l;106128849;3302865;Dem;1;16557;X;1;
l;2550310506961;3300817;Dem;1;6958;X;1;
l;2550646409681;3570129;;0;3264;X;2;
l;2552525096401;3339729;Dem;0;156;;1;
l;2550512192977;3572177;;0;4198;X;2;
l;106165713;3423697;Dem;0;7140;;1;
l;2552391241169;3572177;;0;5365;X;2;
l;2551249505745;3348945;Dem;1;2753;X;1;
l;2552122812881;3586513;;0;7219;X;2;
l;2550713518545;3570129;;0;4557;X;2;
l;2550847738321;3574225;;0;26298;X;2;
l;2551115288017;3520977;Grn;0;120;;3;
l;2551518823889;3568081;;0;47765;;2;
l;2551451719121;3575249;;0;1868;;1;
l;2551853826513;3481041;Oth;0;1017;X;1;
l;2550847741393;3580369;;0;22285;X;2;
l;2552525461969;3578321;;0;140;;2;
l;2550511308241;3519953;CST;0;582;;5;
l;2551920739793;3549649;Lib;0;2948;;2;
l;2552122808785;3577297;;0;8072;X;1;
l;2552457594321;3428817;GOP;0;5409;;2;
l;2550914153937;3296721;GOP;1;444;X;2;
l;2550914851281;3581393;;0;373;;1;
l;2551853673937;3295697;GOP;1;2212;X;2;
l;2550780265937;3266001;GOP;1;36003;X;2;
l;106202577;3450321;Dem;0;11138;X;1;
l;2551384613329;3582417;;0;12631;X;2;
l;2552458350033;3571153;;0;55479;;1;
l;2552591683025;3523025;Lib;0;367;;4;
l;2551250027985;3266001;GOP;1;4529;X;2;
l;2551988586961;3569105;;0;12316;;1;
l;106563025;3266001;GOP;1;175352;X;2;
l;2550445089233;3582417;;0;8766;X;2;
l;2550512196049;3578321;;0;1730;;2;
l;2550243763665;3584465;;0;2939;;2;
l;2551787260369;3569105;;0;38829;;1;
l;2552122446289;3590609;Grn;0;186;;3;
l;2550779925969;3468753;Dem;0;11813;;1;
l;2552457596369;3312081;Dem;1;7208;X;1;
l;2550981070289;3519953;CST;0;113;;5;
l;2550377613777;3331537;Dem;1;26409;X;1;
l;2552457514449;3593681;Lib;0;217;;3;
l;2552054812113;3523025;Lib;0;10;;4;
l;106065361;3369425;GOP;0;22212;;2;
l;2552121920977;3520977;Grn;0;136;;3;
l;106137041;3305937;Dem;1;9845;X;1;
l;2550847744465;3585489;;0;14250;;1;
l;2551048701393;3588561;CST;0;89;;3;
l;2551787263441;3575249;;0;46772;;1;
l;2552256138705;3359185;GOP;0;5464;;2;
l;106926545;3574225;;0;798448;X;2;
l;2551115466193;3466705;Dem;0;3491;;1;
l;2550445087185;3578321;;0;3215;;2;
l;2550377973201;3567057;;0;90645;X;1;
l;2551920733649;3315153;Dem;1;8566;X;1;
l;2550445091281;3586513;;0;10148;X;2;
l;2550712634833;3523025;Lib;0;158;;4;
l;106593745;3365329;GOP;0;16447;;2;
l;2550646416849;3583441;;0;4847;X;1;
l;2551451721169;3580369;;0;1560;X;2;
l;2550780633553;3582417;;0;31464;X;2;
l;2551182413265;3363281;GOP;0;16812;;2;
l;2552525466065;3585489;;0;202;;1;
l;106941905;3635665;;0;84726;X;1;
l;2550847743441;3583441;;0;22478;X;1;
l;2551450832337;3519953;CST;0;131;;5;
l;2552323769809;3266001;GOP;1;2862;X;2;
l;2551988228561;3300817;Dem;1;13556;X;1;
l;2551517963729;3366353;Dem;1;25470;X;1;
l;2552122806737;3574225;;0;6473;X;2;
l;2551720154577;3576273;;0;2421;X;2;
l;2552189917649;3578321;;0;5128;;2;
l;2551653043665;3572177;;0;20412;X;2;
l;2552524574161;3520977;Grn;0;9;;3;
l;2552121920977;3523025;Lib;0;108;;4;
l;2551250389457;3569105;;0;3494;;1;
l;106100177;3390929;Dem;0;16639;X;1;
l;2551787259345;3568081;;0;22934;;2;
l;2550780629457;3573201;;0;18374;;1;
l;2550914153937;3474897;Dem;0;467;;1;
l;2552457502161;3376593;Dem;0;5293;;1;
l;2551250397649;3586513;;0;4345;X;2;
l;2552591801809;3281361;GOP;1;707;X;2;
l;2551652158929;3520977;Grn;0;474;;3;
l;2551183285713;3579345;;0;31155;;1;
l;2551384609233;3573201;;0;9197;;1;
l;2552591801809;3541457;Lib;0;79;;3;
l;2552458356177;3584465;;0;68807;;2;
l;2551853485521;3348945;Dem;1;1041;X;1;
l;2550713522641;3577297;;0;7714;X;1;
l;2550243756497;3570129;;0;2870;X;2;
l;2551921114577;3298769;Dem;1;27776;X;1;
l;2551787267537;3583441;;0;44651;X;1;
l;2550847735249;3568081;;0;8957;;2;
l;2552055004625;3296721;GOP;1;474;X;2;
l;2551518035409;3304913;Dem;1;12953;X;1;
l;2552256479697;3481041;Oth;0;3423;X;1;
l;2550377431505;3481041;Oth;0;49346;X;1;
l;106071505;3373521;GOP;1;22770;X;2;
l;2552122809809;3580369;;0;5754;X;2;
l;2552323588561;3481041;Oth;0;1306;X;1;
l;2551116175825;3578321;;0;1467;;2;
l;2552458354129;3580369;;0;85417;X;2;
l;2551518041553;3274193;GOP;1;10435;;2;
l;2550914845137;3569105;;0;570;;1;
l;106159569;3419601;Dem;0;8537;;1;
l;2551317506513;3585489;;0;7428;;1;
l;2551182476753;3398097;Dem;0;4677;;1;
l;2550377615825;3300817;Dem;1;46959;X;1;
l;2552189029841;3523025;Lib;0;241;;4;
l;2550377431505;3482065;Oth;0;57152;;2;
l;2551049069009;3582417;;0;1745;X;2;
l;2551920653777;3594705;Ind;0;2420;;3;
l;2551854370257;3571153;;0;1174;;1;
l;2551450832337;3520977;Grn;0;32;;3;
l;2550646410705;3572177;;0;4258;X;2;
l;2552324131281;3569105;;0;2198;;1;
l;106040785;3519953;CST;0;46162;;5;
l;2551920762321;3460561;GOP;0;5263;;2;
l;2551786485201;3277265;GOP;1;5623;X;2;
l;2551920653777;3390929;Dem;0;14872;X;1;
l;2552122446289;3347921;GOP;0;4313;;2;
l;2551786409425;3374545;Dem;1;13843;X;1;
l;2550579299793;3568081;;0;5778;;2;
l;2552458353105;3578321;;0;33515;;2;
l;2551653049809;3583441;;0;20611;X;1;
l;2550646410705;3571153;;0;3601;;1;
l;2550779743697;3348945;Dem;1;23515;X;1;
l;2551920768465;3557841;Lib;0;443;;3;
l;2551518041553;3406289;Dem;0;11283;X;1;
l;2551786493393;3309009;Dem;1;5191;X;1;
l;2551384609233;3574225;;0;13251;X;2;
l;2551786409425;3375569;GOP;0;9494;;2;
l;2551921119697;3347921;GOP;0;3064;;2;
l;106114513;3531217;Lib;0;5726;;2;
l;2551249846737;3481041;Oth;0;2762;X;1;
l;2552458365393;3634641;;0;4700;X;2;
l;2551786407377;3373521;GOP;1;16100;X;2;
l;106381777;3481041;Oth;0;522190;X;1;
l;106188241;3550673;Lib;0;450;;3;
l;2551182396881;3520977;Grn;0;1212;;3;
l;2551920752081;3322321;Dem;1;16004;X;1;
l;2550444719569;3298769;Dem;1;9836;X;1;
l;2551653042641;3570129;;0;17271;X;2;
l;2551317138897;3502545;GOP;0;4270;;2;
l;2551518037457;3403217;GOP;0;5552;;2;
l;2552457506257;3380689;GOP;1;18141;X;2;
l;2550445088209;3579345;;0;5934;;1;
l;2552457606609;3441105;Dem;0;10558;X;1;
l;2551116176849;3580369;;0;4415;X;2;
l;2551720153553;3574225;;0;4588;X;2;
l;2552256327121;3560913;Dem;0;3217;;1;
l;2551518831057;3581393;;0;47370;;1;
l;2552524574161;3519953;CST;0;52;;5;
l;2551787265489;3580369;;0;48282;X;2;
l;106940881;3634641;;0;4700;X;2;
l;2550981592529;3266001;GOP;1;2552;X;2;
l;2551921119697;3590609;Grn;0;291;;3;
l;2551183287761;3583441;;0;37898;X;1;
l;2551987824081;3542481;Lib;0;30;;3;
l;2551786901969;3347921;GOP;0;39825;;2;
l;106223057;3468753;Dem;0;11813;;1;
l;2551317497297;3568081;;0;4803;;2;
l;2551116173777;3574225;;0;4716;X;2;
l;2551518033361;3402193;Dem;0;2435;X;1;
l;2551182396881;3359185;GOP;0;37921;;2;
l;2551048701393;3339729;Dem;0;487;;1;
l;2550914847185;3573201;;0;425;;1;
l;106192337;3551697;Lib;0;760;;3;
l;2551182396881;3519953;CST;0;2100;;5;
l;2551920639441;3383761;Dem;0;9596;X;1;
l;2550511308241;3348945;Dem;1;3764;X;1;
l;2551786376657;3359185;GOP;0;40393;;2;
l;2552592573905;3583441;;0;16211;X;1;
l;2551653045713;3576273;;0;16009;X;2;
l;2551585938897;3580369;;0;10222;X;2;
l;2551250396625;3584465;;0;2697;;2;
l;2550377973201;3568081;;0;39090;;2;
l;2551653049809;3584465;;0;16314;;2;
l;2550377199057;3277265;GOP;1;5169;X;2;
l;2551048373713;3297745;GOP;1;2215;X;2;
l;106178001;3314129;Dem;1;14295;X;1;
l;2550242872785;3523025;Lib;0;70;;4;
l;2550847193553;3481041;Oth;0;15101;X;1;
l;2550578941393;3502545;GOP;0;10303;;2;
l;2551116171729;3569105;;0;3165;;1;
l;106936785;3627473;;0;43371;X;1;
l;2551049065937;3575249;;0;1778;;1;
l;2551653045713;3575249;;0;22470;;1;
l;2552458351057;3574225;;0;98292;X;2;
l;2550377149905;3390929;Dem;0;1767;X;1;
l;2552256138705;3523025;Lib;0;114;;4;
l;2552391246289;3581393;;0;3735;;1;
l;2551182919121;3588561;CST;0;1717;;3;
l;2552257024465;3574225;;0;6916;X;2;
l;2552458352081;3575249;;0;66272;;1;
l;2552257025489;3575249;;0;5248;;1;
l;2551854371281;3573201;;0;1265;;1;
l;2551921478097;3569105;;0;61446;;1;
l;2550377149905;3594705;Ind;0;135;;3;
l;106738129;3511761;Oth;0;19410;;4;
l;2551652158929;3523025;Lib;0;500;;4;
l;106231249;3472849;GOP;1;10116;X;2;
l;2551787260369;3570129;;0;45058;X;2;
l;2551518037457;3305937;Dem;1;9845;X;1;
l;2551921486289;3585489;;0;46235;;1;
l;2552391239121;3568081;;0;2132;;2;
l;2550377976273;3574225;;0;87363;X;2;
l;2552189921745;3586513;;0;12369;X;2;
l;2552390878673;3588561;CST;0;240;;3;
l;2552591775185;3402193;Dem;0;154;X;1;
l;2551854368209;3568081;;0;607;;2;
l;106161617;3542481;Lib;0;799;;3;
l;2551585941969;3586513;;0;13164;X;2;
l;2551115351505;3395025;GOP;0;2552;;2;
l;2551854372305;3576273;;0;1305;X;2;
l;2552458360273;3625425;;0;329;X;1;
l;2552189029841;3348945;Dem;1;7119;X;1;
l;2551787268561;3585489;;0;27845;;1;
l;2550512191953;3569105;;0;3846;;1;
l;2550377240017;3319249;Dem;1;10649;X;1;
l;106118609;3397073;GOP;0;11059;X;2;
l;2550310086097;3409361;GOP;0;7186;;2;
l;2550243764689;3585489;;0;2155;;1;
l;2551988587985;3571153;;0;10322;;1;
l;106171857;3430865;GOP;0;6035;;2;
l;2550646048209;3266001;GOP;1;6100;X;2;
l;106566097;3590609;Grn;0;3853;;3;
l;106180049;3546577;Lib;0;901;;3;
l;2551451724241;3586513;;0;1937;X;2;
l;2550444199377;3520977;Grn;0;251;;3;
l;2551585575377;3516881;CST;0;362;;4;
l;2552055699921;3578321;;0;186;;2;
l;2551585575377;3300817;Dem;1;11499;X;1;
l;2550779936209;3296721;GOP;1;508;X;2;
l;2550377985489;3626449;;0;51;;2;
l;2552256327121;3295697;GOP;1;6533;X;2;
l;2550512200145;3585489;;0;2307;;1;
l;2550712708561;3531217;Lib;0;2450;;2;
l;2550511649233;3481041;Oth;0;2874;X;1;
l;2551987703249;3519953;CST;0;1333;;5;
l;2551384245713;3266001;GOP;1;16914;X;2;
l;106229201;3295697;GOP;1;14084;X;2;
l;2550779923921;3292625;GOP;1;16454;X;2;
l;2551920643537;3387857;GOP;0;2062;;2;
l;2550646409681;3569105;;0;4742;;1;
l;2550511351249;3381713;Dem;1;4833;X;1;
l;2552256138705;3348945;Dem;1;3958;X;1;
l;106204625;3554769;GOP;0;3800;;2;
l;2551719267793;3519953;CST;0;272;;5;
l;2551920721361;3427793;GOP;0;653;;2;
l;106143185;3407313;Dem;0;7438;;1;
l;2551451724241;3585489;;0;966;;1;
l;2552257026513;3577297;;0;7231;X;1;
l;2551116172753;3571153;;0;2392;;1;
l;2551115288017;3348945;Dem;1;4304;X;1;
l;2551384607185;3569105;;0;14861;;1;
l;2550445082065;3567057;;0;9284;X;1;
l;2551250390481;3571153;;0;2570;;1;
l;2552256329169;3472849;GOP;1;0;X;2;
l;106214865;3289553;GOP;1;9386;X;2;
l;2551987824081;3282385;GOP;1;314;X;2;
l;2552122261969;3481041;Oth;0;4049;X;1;
l;2550512190929;3567057;;0;5522;X;1;
l;2552324139473;3586513;;0;2472;X;2;
l;2551518824913;3570129;;0;76040;X;2;
l;2551116170705;3567057;;0;4716;X;1;
l;2551786717649;3482065;Oth;0;38649;;2;
l;2550310869457;3577297;;0;27489;X;1;
l;2551585939921;3581393;;0;8198;;1;
l;2552257027537;3580369;;0;5778;X;2;
l;2550846852561;3523025;Lib;0;636;;4;
l;106216913;3464657;Dem;0;8248;;1;
l;2550377215441;3423697;Dem;0;2230;;1;
l;2550310872529;3584465;;0;19330;;2;
l;2551920770513;3464657;Dem;0;354;;1;
l;2552189919697;3582417;;0;10946;X;2;
l;2551920657873;3394001;Dem;1;1937;X;1;
l;2550511649233;3482065;Oth;0;3408;;2;
l;2552324139473;3585489;;0;1099;;1;
l;2551518832081;3584465;;0;59680;;2;
l;2550445088209;3580369;;0;8525;X;2;
l;106927569;3576273;;0;668913;X;2;
l;106931665;3584465;;0;556853;;2;
l;2551517941201;3359185;GOP;0;46375;;2;
l;2552122810833;3581393;;0;4008;;1;
l;106235345;3475921;Dem;0;4556;;1;
l;106145233;3409361;GOP;0;7186;;2;
l;2552390356433;3520977;Grn;0;119;;3;
l;2552257028561;3582417;;0;5875;X;2;
l;2551183280593;3569105;;0;35695;;1;
l;106100177;3392977;GOP;0;14825;;2;
l;2551921477073;3568081;;0;91985;;2;
l;2550713520593;3574225;;0;6297;X;2;
l;2552524574161;3523025;Lib;0;13;;4;
l;2552122013137;3402193;Dem;0;0;X;1;
l;2550712634833;3359185;GOP;0;5304;;2;
l;2551720156625;3580369;;0;4406;X;2;
l;2552257027537;3579345;;0;4102;;1;
l;106566097;3300817;Dem;1;138387;X;1;
l;2550377266641;3290577;GOP;1;10877;X;2;
l;2552525464017;3581393;;0;286;;1;
l;2551316614609;3359185;GOP;0;13848;;2;
l;2552122803665;3568081;;0;2879;;2;
l;2550914845137;3570129;;0;383;X;2;
l;2551854376401;3584465;;0;1206;;2;
l;106218961;3466705;Dem;0;9492;;1;
l;106190289;3319249;Dem;1;16503;X;1;
l;2552122809809;3579345;;0;4792;;1;
l;106134993;3535313;GOP;0;9379;;2;
l;2550914849233;3577297;;0;760;X;1;
l;2550243213777;3481041;Oth;0;2573;X;1;
l;2550243764689;3586513;;0;4714;X;2;
l;2552390697425;3482065;Oth;0;4172;;2;
l;2550377613777;3515857;GOP;0;17516;;2;
l;2551518830033;3579345;;0;45447;;1;
l;2551653044689;3573201;;0;14230;;1;
l;2550914850257;3579345;;0;429;;1;
l;2551854372305;3575249;;0;1725;;1;
l;2552122812881;3585489;;0;3055;;1;
l;2550846942673;3401169;GOP;0;999;;2;
l;2551250391505;3573201;;0;2304;;1;
l;2551920639441;3526097;GOP;0;2012;;2;
l;2550377974225;3570129;;0;74276;X;2;
l;2551048701393;3266001;GOP;1;2381;X;2;
l;2551383723473;3519953;CST;0;778;;5;
l;2552391240145;3570129;;0;3960;X;2;
l;2550646412753;3576273;;0;3395;X;2;
l;2550646412753;3575249;;0;4832;;1;
l;2551451722193;3582417;;0;1581;X;2;
l;2551652277713;3281361;GOP;1;1147;X;2;
l;2551049064913;3573201;;0;1286;;1;
l;2551384611281;3578321;;0;6523;;2;
l;2550779743697;3519953;CST;0;1362;;5;
l;106114513;3267025;GOP;1;16385;X;1;
l;2550377090513;3348945;Dem;1;65600;X;1;
l;2550512192977;3571153;;0;3006;;1;
l;2551719267793;3348945;Dem;1;2347;X;1;
l;2551250392529;3576273;;0;3071;X;2;
l;2550981954001;3569105;;0;1910;;1;
l;2552257030609;3585489;;0;2615;;1;
l;2552458359249;3624401;;0;421;;2;
l;2551720158673;3583441;;0;4261;X;1;
l;106149329;3597777;CST;0;462;;3;
l;2551316692433;3397073;GOP;0;11059;X;2;
l;106214865;3463633;Dem;0;5084;;1;
l;2551049071057;3586513;;0;1862;X;2;
l;2551854375377;3582417;;0;1758;X;2;
l;2551316955601;3482065;Oth;0;9691;;2;
l;2551920764369;3328465;Dem;1;7039;X;1;
l;2550646417873;3585489;;0;2911;;1;
l;2552324133329;3574225;;0;2416;X;2;
l;2551048179153;3520977;Grn;0;15;;3;
l;106180049;3440081;GOP;0;6507;;2;
l;2551719608785;3482065;Oth;0;3328;;2;
l;106137041;3403217;GOP;0;5552;;2;
l;2551786485201;3411409;Dem;0;5185;;1;
l;2551786495441;3419601;Dem;0;1100;;1;
l;2551720151505;3570129;;0;2676;X;2;
l;2550310870481;3579345;;0;10134;;1;
l;2550310008273;3371473;GOP;1;15440;X;2;
l;2551518829009;3577297;;0;101291;X;1;
l;2551384612305;3580369;;0;10600;X;2;
l;2551853673937;3560913;Dem;0;795;;1;
l;2551720159697;3586513;;0;5031;X;2;
l;2551653044689;3574225;;0;24297;X;2;
l;2551049070033;3584465;;0;1228;;2;
l;2552457608657;3317201;Dem;1;10242;X;1;
l;2550377242065;3448273;Dem;0;8606;;1;
l;2552122058193;3438033;GOP;0;3877;;2;
l;2550242872785;3520977;Grn;0;71;;3;
l;2551115466193;3291601;GOP;1;3700;X;2;
l;2552323247569;3359185;GOP;0;2332;;2;
l;2552256138705;3520977;Grn;0;128;;3;
l;2551988590033;3576273;;0;12307;X;2;
l;2550847737297;3572177;;0;22539;X;2;
l;2550645525969;3348945;Dem;1;2515;X;1;
l;2551182919121;3339729;Dem;0;27640;;1;
l;2552592203217;3298769;Dem;1;16488;X;1;
l;2550377982417;3585489;;0;42618;;1;
l;2551920594385;3359185;GOP;0;62902;;2;
l;2551653046737;3578321;;0;10082;;2;
l;2551652499921;3481041;Oth;0;13532;X;1;
l;2550847376849;3502545;GOP;0;20945;;2;
l;106151377;3415505;GOP;1;11262;X;2;
l;2551921484241;3581393;;0;79052;;1;
l;2552391247313;3584465;;0;3597;;2;
l;2550377090513;3523025;Lib;0;1233;;4;
l;2550645866961;3482065;Oth;0;3734;;2;
l;2550780632529;3579345;;0;26275;;1;
l;2550914852305;3584465;;0;424;;2;
l;2550511445457;3314129;Dem;1;0;X;1;
l;2552458356177;3583441;;0;74590;X;1;
l;2551921482193;3578321;;0;33771;;2;
l;2552458355153;3582417;;0;83761;X;2;
l;2550981411281;3482065;Oth;0;1575;;2;
l;2550846926289;3267025;GOP;1;3661;X;1;
l;2550914850257;3580369;;0;528;X;2;
l;2552324134353;3575249;;0;2065;;1;
l;2552457508305;3381713;Dem;1;1707;X;1;
l;2551787262417;3574225;;0;56908;X;2;
l;2552458359249;3623377;;0;743;X;1;
l;2551317499345;3572177;;0;13728;X;2;
l;2551786376657;3523025;Lib;0;878;;4;
l;2551383723473;3520977;Grn;0;249;;3;
l;2551585933777;3569105;;0;8549;;1;
l;2552457592273;3424721;Dem;0;11693;X;1;
l;2551518029265;3302865;Dem;1;16557;X;1;
l;2552525456849;3568081;;0;132;;2;
l;2550243758545;3574225;;0;4703;X;2;
l;2551317504465;3581393;;0;10180;;1;
l;2550242872785;3359185;GOP;0;4328;;2;
l;2552256660945;3339729;Dem;0;2323;;1;
l;2550310871505;3581393;;0;10642;;1;
l;2551517965777;3369425;GOP;0;22212;;2;
l;2551720156625;3579345;;0;3447;;1;
l;2551317503441;3580369;;0;12108;X;2;
l;2551518282193;3482065;Oth;0;50802;;2;
l;2552054812113;3348945;Dem;1;331;X;1;
l;2551854377425;3586513;;0;2034;X;2;
l;2550914844113;3568081;;0;254;;2;
l;106212817;3462609;Dem;0;7643;;1;
l;2552592565713;3568081;;0;8436;;2;
l;2550847735249;3567057;;0;32362;X;1;
l;106940881;3633617;;0;4001;;1;
l;2550579305937;3580369;;0;13049;X;2;
l;2550243395025;3266001;GOP;1;5206;X;2;
l;2552121963985;3381713;Dem;1;6085;X;1;
l;2552391244241;3578321;;0;1920;;2;
l;2550377260497;3328465;Dem;1;2639;X;1;
l;2550712975825;3481041;Oth;0;4472;X;1;
l;2552391248337;3586513;;0;5984;X;2;
l;2550914853329;3586513;;0;714;X;2;
l;2550242872785;3519953;CST;0;361;;5;
l;2550780635601;3585489;;0;16011;;1;
l;2551854373329;3577297;;0;2144;X;1;
l;2550512195025;3575249;;0;3621;;1;
l;2550779936209;3474897;Dem;0;374;;1;
l;2551920643537;3593681;Lib;0;239;;3;
l;106927569;3575249;;0;564803;;1;
l;2550846926289;3531217;Lib;0;1151;;2;
l;2552189914577;3571153;;0;7204;;1;
l;2551585050065;3519953;CST;0;716;;5;
l;2552055334353;3266001;GOP;1;685;X;2;
l;2550243067345;3475921;Dem;0;2080;;1;
l;2550981961169;3583441;;0;1670;X;1;
l;2552458365393;3633617;;0;4001;;1;
l;2552189919697;3581393;;0;6838;;1;
l;2550445090257;3584465;;0;6676;;2;
l;2552525462993;3579345;;0;296;;1;
l;2550310867409;3573201;;0;9747;;1;
l;2550713159121;3299793;Dem;1;5409;X;1;
l;106564049;3589585;CST;0;6666;;3;
l;2551585391057;3481041;Oth;0;9033;X;1;
l;2550981070289;3348945;Dem;1;725;X;1;
l;2550310870481;3580369;;0;23742;X;2;
l;2552122811857;3583441;;0;5884;X;1;
l;106139089;3596753;GOP;0;6132;;2;
l;2550310873553;3586513;;0;25764;X;2;
l;2552257029585;3584465;;0;4442;;2;
l;2552592203217;3587537;Lib;0;490;;3;
l;2551988591057;3577297;;0;19530;X;1;
l;2550712975825;3482065;Oth;0;3617;;2;
l;2552457614801;3319249;Dem;1;33;X;1;
l;2551920935377;3482065;Oth;0;66914;;2;
l;2551518033361;3273169;GOP;1;2099;;2;
l;2550579306961;3582417;;0;14015;X;2;
l;2551518831057;3582417;;0;73449;X;2;
l;2551116177873;3582417;;0;4128;X;2;
l;2550981070289;3523025;Lib;0;37;;4;
l;2551988589009;3574225;;0;18000;X;2;
l;2551988228561;3516881;CST;0;405;;4;
l;106104273;3394001;Dem;1;23806;X;1;
l;2551116175825;3577297;;0;5703;X;1;
l;2551518465489;3502545;GOP;0;39755;;2;
l;2550445086161;3576273;;0;8670;X;2;
l;2552457604561;3315153;Dem;1;7943;X;1;
l;106564049;3331537;Dem;1;178071;X;1;
l;2551182919121;3266001;GOP;1;44210;X;2;
l;2552189913553;3570129;;0;7650;X;2;
l;2551920756177;3450321;Dem;0;11138;X;1;
l;106229201;3560913;Dem;0;6039;;1;
l;2552391242193;3574225;;0;5405;X;2;
l;2550779923921;3467729;Dem;0;11351;;1;
l;2551921479121;3572177;;0;140894;X;2;
l;2550981956049;3574225;;0;1880;X;2;
l;2552257025489;3576273;;0;4700;X;2;
l;2551183283665;3575249;;0;38188;;1;
l;106171857;3312081;Dem;1;7208;X;1;
l;2551451715025;3567057;;0;2350;X;1;
l;2551786491345;3417553;Dem;0;8447;X;1;
l;2552591719889;3378641;GOP;0;4850;X;2;
l;2550377975249;3572177;;0;73979;X;2;
l;2550846852561;3359185;GOP;0;24845;;2;
l;2551384614353;3584465;;0;8926;;2;
l;2550981958097;3577297;;0;2258;X;1;
l;2551921484241;3582417;;0;118459;X;2;
l;2550243395025;3588561;CST;0;254;;3;
l;2551450832337;3359185;GOP;0;2153;;2;
l;2551182480849;3399121;Dem;0;10258;;1;
l;2551988594129;3584465;;0;11772;;2;
l;2552591775185;3273169;GOP;1;258;;2;
l;2550847742417;3582417;;0;23829;X;2;
l;2552055700945;3580369;;0;499;X;2;
l;106153425;3279313;GOP;1;12738;X;2;
l;2551182737873;3481041;Oth;0;33054;X;1;
l;2550511828433;3335633;GOP;0;2385;;2;
l;2552524915153;3482065;Oth;0;361;;2;
l;2551518494161;3365329;GOP;0;9813;;2;
l;2550377139665;3387857;GOP;0;11741;;2;
l;2551585937873;3578321;;0;4039;;2;
l;2552324135377;3577297;;0;2749;X;1;
l;106141137;3274193;GOP;1;10435;;2;
l;2552323435985;3560913;Dem;0;1040;;1;
l;2551787263441;3576273;;0;40043;X;2;
l;2550310872529;3583441;;0;13725;X;1;
l;2551317500369;3574225;;0;16370;X;2;
l;2550981961169;3584465;;0;1235;;2;
l;106198481;3602897;Grn;0;2854;;2;
l;2551316614609;3523025;Lib;0;342;;4;
l;106089937;3386833;Dem;1;28941;X;1;
l;2551517941201;3348945;Dem;1;74206;X;1;
l;2550243759569;3576273;;0;3116;X;2;
l;106077649;3376593;Dem;0;15413;;1;
l;2552525456849;3567057;;0;565;X;1;
l;2551921489361;3625425;;0;131849;X;1;
l;2551920743889;3447249;GOP;0;1724;;2;
l;2550780632529;3580369;;0;29827;X;2;
l;2551049066961;3577297;;0;1984;X;1;
l;2550511351249;3382737;GOP;0;2213;;2;
l;2551786495441;3541457;Lib;0;139;;3;
l;2551317136849;3588561;CST;0;707;;3;
l;2550377975249;3571153;;0;53788;;1;
l;2552524574161;3359185;GOP;0;422;;2;
l;2551518282193;3481041;Oth;0;57260;X;1;
l;106208721;3460561;GOP;0;5263;;2;
l;2550578490833;3531217;Lib;0;2125;;2;
l;2551049067985;3579345;;0;1329;;1;
l;2551249698257;3296721;GOP;1;2812;X;2;
l;106233297;3296721;GOP;1;10668;X;2;
l;2551720150481;3568081;;0;1670;;2;
l;106933713;3621329;;0;124415;X;1;
l;106188241;3286481;GOP;1;11504;X;2;
l;2550981957073;3576273;;0;1260;X;2;
l;2552055153105;3481041;Oth;0;271;X;1;
l;2551787264465;3578321;;0;22506;;2;
l;2550712634833;3519953;CST;0;280;;5;
l;2551921483217;3580369;;0;136217;X;2;
l;2550981952977;3568081;;0;612;;2;
l;2551049067985;3580369;;0;1580;X;2;
l;106928593;3577297;;0;946860;X;1;
l;2552457612753;3286481;GOP;1;4028;X;2;
l;2552390356433;3359185;GOP;0;4028;;2;
l;2551183285713;3580369;;0;41013;X;2;
l;2551720154577;3575249;;0;5484;;1;
l;2552390356433;3523025;Lib;0;115;;4;
l;2551719790033;3266001;GOP;1;5972;X;2;
l;2551921114577;3335633;GOP;0;5318;;2;
l;2551920643537;3386833;Dem;1;6407;X;1;
l;2551183281617;3572177;;0;44059;X;2;
l;2552525458897;3572177;;0;428;X;2;
l;2551720155601;3578321;;0;2320;;2;
l;2551988595153;3585489;;0;8408;;1;
l;106132945;3402193;Dem;0;12574;X;1;
l;2551921478097;3570129;;0;140669;X;2;
l;2551652499921;3482065;Oth;0;18253;;2;
l;2552457985489;3587537;Lib;0;2404;;3;
l;2550981955025;3572177;;0;1618;X;2;
l;2550981262801;3474897;Dem;0;999;;1;
l;2550780265937;3339729;Dem;0;19314;;1;
l;2550713524689;3582417;;0;5255;X;2;
l;106073553;3591633;CST;0;665;;3;
l;2551384615377;3585489;;0;8066;;1;
l;2550981960145;3582417;;0;1784;X;2;
l;2551384610257;3576273;;0;8504;X;2;
l;2552189220305;3473873;Dem;0;4590;;1;
l;2551652181457;3367377;GOP;0;2567;;2;
l;2550243395025;3339729;Dem;0;1785;;1;
l;2551921488337;3624401;;0;54328;;2;
l;2551921480145;3574225;;0;131037;X;2;
l;2552122013137;3273169;GOP;1;1;;2;
l;2550713519569;3572177;;0;5896;X;2;
l;2552122810833;3582417;;0;6089;X;2;
l;2551786487249;3415505;GOP;1;11262;X;2;
l;2550512195025;3576273;;0;3786;X;2;
l;2550511308241;3523025;Lib;0;72;;4;
l;2551987824081;3420625;Dem;0;192;;1;
l;2550310505937;3502545;GOP;0;6672;;2;
l;106593745;3364305;Dem;1;27961;X;1;
l;2551317500369;3573201;;0;8257;;1;
l;106081745;3380689;GOP;1;18141;X;2;
l;2552592203217;3514833;CST;0;640;;4;
l;106218961;3291601;GOP;1;11835;X;2;
l;2552591683025;3519953;CST;0;1798;;5;
l;2550444719569;3587537;Lib;0;220;;3;
l;2550914849233;3578321;;0;194;;2;
l;2550712708561;3267025;GOP;1;6792;X;1;
l;106163665;3283409;GOP;1;11365;X;2;
l;2552391243217;3576273;;0;4535;X;2;
l;2550377215441;3284433;GOP;1;3804;X;2;
l;2550578417105;3519953;CST;0;1147;;5;
l;2550377237969;3550673;Lib;0;278;;3;
l;2552189914577;3572177;;0;10805;X;2;
l;2551451717073;3572177;;0;1594;X;2;
l;2551920594385;3523025;Lib;0;2847;;4;
l;106184145;3317201;Dem;1;11192;X;1;
l;2551920760273;3603921;Grn;0;1031;;3;
l;2550847739345;3576273;;0;17655;X;2;
l;2550646411729;3574225;;0;5228;X;2;
l;2551921477073;3567057;;0;107225;X;1;
l;2550445085137;3573201;;0;4981;;1;
l;2550445089233;3581393;;0;5153;;1;
l;106157521;3418577;GOP;0;4469;;2;
l;2550377090513;3359185;GOP;0;61555;;2;
l;2551854007761;3339729;Dem;0;662;;1;
l;2552390548945;3474897;Dem;0;4378;;1;
l;2550579309009;3585489;;0;7015;;1;
l;2552189918673;3580369;;0;10120;X;2;
l;2551920594385;3348945;Dem;1;169864;X;1;
l;2551518833105;3585489;;0;29396;;1;
l;2550377215441;3543505;Lib;0;118;;3;
l;106560977;3514833;CST;0;3484;;4;
l;2551988594129;3583441;;0;13791;X;1;
l;2550713517521;3567057;;0;7487;X;1;
l;2552458354129;3579345;;0;62435;;1;
l;106083793;3382737;GOP;0;11836;;2;
l;2551854371281;3574225;;0;1783;X;2;
l;2550578758097;3481041;Oth;0;9969;X;1;
l;106071505;3372497;Dem;0;19593;;1;
l;2551920637393;3382737;GOP;0;141;;2;
l;2552524915153;3481041;Oth;0;246;X;1;
l;2551920737745;3443153;GOP;0;421;;2;
l;2550579303889;3576273;;0;11345;X;2;
l;2550377139665;3386833;Dem;1;18275;X;1;
l;2550579300817;3569105;;0;12344;;1;
l;2550377090513;3519953;CST;0;5967;;5;
l;2552055695825;3570129;;0;300;X;2;
l;2552189916625;3575249;;0;11200;;1;
l;106208721;3327441;Dem;1;9582;X;1;
l;2551317501393;3576273;;0;10451;X;2;
l;2550579304913;3578321;;0;5457;;2;
l;2551920729553;3601873;CST;0;33;;3;
l;2551652265425;3410385;Dem;0;6023;;1;
l;106934737;3624401;;0;54806;;2;
l;106065361;3368401;Dem;1;23423;X;1;
l;2551517941201;3520977;Grn;0;2440;;3;
l;2552189552081;3266001;GOP;1;13274;X;2;
l;2552592566737;3570129;;0;15583;X;2;
l;2550578417105;3520977;Grn;0;390;;3;
l;2550310873553;3585489;;0;7163;;1;
l;2550511828433;3514833;CST;0;193;;4;
l;2551988590033;3575249;;0;14317;;1;
l;2551921486289;3586513;;0;153824;X;2;
l;2552257022417;3570129;;0;4183;X;2;
l;2552257022417;3569105;;0;5571;;1;
l;2550511308241;3359185;GOP;0;2974;;2;
l;2551384612305;3579345;;0;11704;;1;
l;2550377154001;3394001;Dem;1;17193;X;1;
l;2550847737297;3571153;;0;17753;;1;
l;2550846852561;3348945;Dem;1;15080;X;1;
l;2551518039505;3596753;GOP;0;6132;;2;
l;106175953;3435985;Dem;1;8165;X;1;
l;106073553;3374545;Dem;1;13843;X;1;
l;2551585936849;3576273;;0;11710;X;2;
l;106934737;3623377;;0;90581;X;1;
l;2552592572881;3582417;;0;17330;X;2;
l;2551116174801;3575249;;0;2715;;1;
l;2552055153105;3482065;Oth;0;466;;2;
l;2551652261329;3275217;GOP;1;11365;X;2;
l;2550310866385;3572177;;0;23313;X;2;
l;2552122803665;3567057;;0;7495;X;1;
l;2551786407377;3372497;Dem;0;12938;;1;
l;2551115288017;3523025;Lib;0;63;;4;
l;2551250393553;3577297;;0;4710;X;1;
l;106929617;3579345;;0;504106;;1;
l;2551250397649;3585489;;0;2044;;1;
l;2551652683217;3502545;GOP;0;16626;;2;
l;2552591683025;3348945;Dem;1;13168;X;1;
l;2550646414801;3579345;;0;4373;;1;
l;2550310008273;3370449;Dem;0;13469;;1;
l;2550310869457;3578321;;0;6391;;2;
l;2551383723473;3348945;Dem;1;6315;X;1;
l;2551786376657;3519953;CST;0;4476;;5;
l;2552592569809;3576273;;0;14659;X;2;
l;2552592568785;3573201;;0;10851;;1;
l;2552257021393;3568081;;0;2709;;2;
l;2552324138449;3583441;;0;1912;X;1;
l;2552055696849;3572177;;0;492;X;2;
l;2550981958097;3578321;;0;736;;2;
l;106155473;3417553;Dem;0;8447;X;1;
l;2551920637393;3524049;CST;0;8;;3;
l;2550310871505;3582417;;0;22029;X;2;
l;106173905;3600849;CST;0;392;;3;
l;2551585934801;3571153;;0;6574;;1;
l;2551921487313;3622353;;0;79810;;2;
l;2551920653777;3392977;GOP;0;12186;;2;
l;2551652261329;3407313;Dem;0;4937;;1;
l;2550981070289;3359185;GOP;0;2218;;2;
l;2551250027985;3339729;Dem;0;1809;;1;
l;2550377984465;3623377;;0;59;X;1;
l;106563025;3339729;Dem;0;79666;;1;
l;2550377615825;3590609;Grn;0;986;;3;
l;2552189913553;3569105;;0;10727;;1;
l;2550512196049;3577297;;0;5647;X;1;
l;2552524574161;3348945;Dem;1;233;X;1;
l;2550646413777;3578321;;0;2214;;2;
l;2552458357201;3585489;;0;42887;;1;
l;2551384614353;3583441;;0;12872;X;1;
l;2550646408657;3567057;;0;6255;X;1;
l;106128849;3400145;GOP;0;4990;;2;
l;2550511443409;3435985;Dem;1;4325;X;1;
l;2550780631505;3578321;;0;13096;;2;
l;2551048520145;3481041;Oth;0;906;X;1;
l;2550646415825;3581393;;0;3306;;1;
l;2550780634577;3583441;;0;30246;X;1;
l;2551987815889;3279313;GOP;1;7871;X;2;
l;2552055700945;3579345;;0;405;;1;
l;106180049;3315153;Dem;1;16509;X;1;
l;2551854369233;3569105;;0;1870;;1;
l;2551786901969;3300817;Dem;1;44391;X;1;
l;2551921481169;3576273;;0;145897;X;2;
l;2552457604561;3440081;GOP;0;4867;;2;
l;2551518826961;3573201;;0;43303;;1;
l;2551451717073;3571153;;0;1273;;1;
l;2551450832337;3523025;Lib;0;51;;4;
l;2551585934801;3572177;;0;11799;X;2;
l;2550981264849;3475921;Dem;0;55;;1;
l;106190289;3447249;GOP;0;7612;;2;
l;106077649;3378641;GOP;0;22502;X;2;
l;2552391239121;3567057;;0;6531;X;1;
l;2552457510353;3592657;Lib;0;932;;4;
l;2551786413521;3376593;Dem;0;4741;;1;
l;2551988228561;3347921;GOP;0;12332;;2;
l;2550646408657;3568081;;0;1739;;2;
l;2552323769809;3339729;Dem;0;832;;1;
l;2550310084049;3275217;GOP;1;4512;X;2;
l;106159569;3281361;GOP;1;13108;X;2;
l;106214865;3557841;Lib;0;443;;3;
l;2552324136401;3579345;;0;1470;;1;
l;2551451354577;3588561;CST;0;89;;3;
l;2550243757521;3571153;;0;2879;;1;
l;2551450832337;3348945;Dem;1;723;X;1;
l;2552055704017;3586513;;0;571;X;2;
l;2550713518545;3569105;;0;5217;;1;
l;106147281;3539409;GOP;0;12124;X;2;
l;2552591683025;3520977;Grn;0;304;;3;
l;106560977;3298769;Dem;1;147986;X;1;
l;2550310506961;3590609;Grn;0;328;;3;
l;2551720157649;3581393;;0;2867;;1;
l;2551920772561;3466705;Dem;0;1031;;1;
l;2552055698897;3575249;;0;467;;1;
l;2551786491345;3280337;GOP;1;5331;;2;
l;2551451718097;3573201;;0;1267;;1;
l;2551585391057;3482065;Oth;0;7028;;2;
l;2551720152529;3571153;;0;3351;;1;
l;2551250395601;3582417;;0;3802;X;2;
l;2550377266641;3464657;Dem;0;7894;;1;
l;2550779743697;3520977;Grn;0;770;;3;
l;106120657;3270097;GOP;1;14832;X;2;
l;2550579300817;3570129;;0;10652;X;2;
l;2551317502417;3578321;;0;6064;;2;
l;2551920739793;3318225;Dem;1;17026;X;1;
l;106210769;3604945;CST;0;3079;;2;
l;2551988585937;3567057;;0;18845;X;1;
l;2552324132305;3572177;;0;2163;X;2;
l;2551787268561;3586513;;0;55533;X;2;
l;2552525458897;3571153;;0;268;;1;
l;2552189029841;3519953;CST;0;768;;5;
l;2551317136849;3266001;GOP;1;11049;X;2;
l;2550579302865;3573201;;0;8045;;1;
l;2551518823889;3567057;;0;74536;X;1;
l;2550579306961;3581393;;0;8547;;1;
l;2552055694801;3567057;;0;726;X;1;
l;2550713521617;3576273;;0;4981;X;2;
l;2551116177873;3581393;;0;2824;;1;
l;106204625;3325393;Dem;1;15333;X;1;
l;2551183280593;3570129;;0;36051;X;2;
l;2552055702993;3583441;;0;529;X;1;
l;2550981960145;3581393;;0;1040;;1;
l;2550578507217;3303889;Dem;1;8490;X;1;
l;2551116172753;3572177;;0;4549;X;2;
l;2551921114577;3514833;CST;0;229;;4;
l;2550914483665;3339729;Dem;0;181;;1;
l;2551720157649;3582417;;0;4675;X;2;
l;106935761;3625425;;0;132392;X;1;
l;106063313;3367377;GOP;0;13661;;2;
l;2550981592529;3588561;CST;0;107;;3;
l;2552055697873;3573201;;0;396;;1;
l;2552189029841;3359185;GOP;0;10473;;2;
l;2551116179921;3585489;;0;1836;;1;
l;2550445086161;3575249;;0;5922;;1;
l;2550981955025;3571153;;0;1235;;1;
l;2551250395601;3581393;;0;2499;;1;
l;2550914483665;3266001;GOP;1;755;X;2;
l;2550645525969;3523025;Lib;0;98;;4;
l;2550646416849;3584465;;0;3055;;2;
l;106157521;3598801;CST;0;332;;3;
l;106182097;3441105;Dem;0;10558;X;1;
l;2550377199057;3411409;Dem;0;4019;;1;
l;2551115629009;3482065;Oth;0;2839;;2;
l;2552390878673;3266001;GOP;1;5911;X;2;
l;2550645525969;3519953;CST;0;313;;5;
l;2552525460945;3576273;;0;340;X;2;
l;2551048179153;3348945;Dem;1;642;X;1;
l;2550444334545;3601873;CST;0;353;;3;
l;2552189916625;3576273;;0;7426;X;2;
l;106206673;3457489;Dem;0;13417;X;1;
l;2552390356433;3519953;CST;0;545;;5;
l;2551317498321;3569105;;0;13707;;1;
l;2551518029265;3400145;GOP;0;4990;;2;
l;2551920766417;3462609;Dem;0;7643;;1;
l;2551787259345;3567057;;0;60450;X;1;
l;2550512194001;3574225;;0;4717;X;2;
l;2550646413777;3577297;;0;5945;X;1;
l;2551921117649;3331537;Dem;1;151662;X;1;
l;2551987822033;3281361;GOP;1;7184;X;2;
l;2552524766673;3474897;Dem;0;327;;1;
l;106040785;3348945;Dem;1;652279;X;1;
l;2552055334353;3588561;CST;0;23;;3;
l;2552457590225;3423697;Dem;0;4910;;1;
l;2551786376657;3348945;Dem;1;40952;X;1;
l;2550981957073;3575249;;0;1763;;1;
l;2550377974225;3569105;;0;56372;;1;
l;2551854376401;3583441;;0;1747;X;1;
l;2550780626385;3568081;;0;16995;;2;
l;2551317498321;3570129;;0;10318;X;2;
l;2551384611281;3577297;;0;15729;X;1;
l;2550444540369;3481041;Oth;0;5955;X;1;
l;2551183288785;3585489;;0;21084;;1;
l;2552390697425;3481041;Oth;0;3393;X;1;
l;106931665;3583441;;0;630189;X;1;
l;2551585940945;3583441;;0;11113;X;1;
l;2552391245265;3580369;;0;4916;X;2;
l;2550377127377;3378641;GOP;0;3411;X;2;
l;106933713;3622353;;0;79810;;2;
l;2550578490833;3267025;GOP;1;5932;X;1;
l;2551920594385;3519953;CST;0;7756;;5;
l;2551451719121;3576273;;0;1143;X;2;
l;2551921117649;3515857;GOP;0;39288;;2;
l;2551653046737;3577297;;0;27877;X;1;
l;2551921479121;3571153;;0;58860;;1;
l;106085841;3527121;CST;0;348;;3;
l;2552391240145;3569105;;0;4814;;1;
l;2550377977297;3575249;;0;62949;;1;
l;106067409;3371473;GOP;1;26625;X;2;
l;2551451721169;3579345;;0;1420;;1;
l;2552256479697;3482065;Oth;0;4763;;2;
l;2551585938897;3579345;;0;8788;;1;
l;2552591803857;3542481;Lib;0;769;;3;
l;2550377268689;3291601;GOP;1;6466;X;2;
l;2551116170705;3568081;;0;2286;;2;
l;2550310865361;3569105;;0;11670;;1;
l;2552458361297;3628497;;0;28736;;2;
l;2550646415825;3582417;;0;4461;X;2;
l;2551988595153;3586513;;0;17246;X;2;
l;2550713519569;3571153;;0;3638;;1;
l;2550712634833;3348945;Dem;1;4140;X;1;
l;2551987815889;3416529;Dem;0;5100;;1;
l;2550444336593;3438033;GOP;0;2877;;2;
l;106173905;3434961;GOP;0;8202;;2;
l;2550377615825;3516881;CST;0;1253;;4;
l;2550243761617;3580369;;0;3584;X;2;
l;2551316955601;3481041;Oth;0;10571;X;1;
l;2551987733969;3373521;GOP;1;6670;X;2;
l;2550914853329;3585489;;0;217;;1;
l;2551653050833;3586513;;0;23898;X;2;
l;2551048179153;3519953;CST;0;119;;5;
l;2550377149905;3392977;GOP;0;2639;;2;
l;2550511828433;3298769;Dem;1;4696;X;1;
l;2552458361297;3627473;;0;43371;X;1;
l;2552458357201;3586513;;0;99678;X;2;
l;2551987822033;3419601;Dem;0;4218;;1;
l;2552457506257;3379665;Dem;0;14764;;1;
l;2552457510353;3527121;CST;0;256;;3;
l;106057169;3363281;GOP;0;16812;;2;
l;2552458363345;3631569;;0;17113;X;1;
l;2552591719889;3376593;Dem;0;2749;;1;
l;2551920758225;3554769;GOP;0;3800;;2;
l;2550310506961;3347921;GOP;0;4611;;2;
l;2551854374353;3580369;;0;1591;X;2;
l;2551585939921;3582417;;0;10095;X;2;
l;2550579309009;3586513;;0;15736;X;2;
l;2551250388433;3568081;;0;1711;;2;
l;2552256660945;3588561;CST;0;247;;3;
l;2551115288017;3359185;GOP;0;2524;;2;
l;2551384245713;3339729;Dem;0;4833;;1;
l;106175953;3437009;GOP;0;3456;;2;
l;2552323247569;3348945;Dem;1;1245;X;1;
l;2551317506513;3586513;;0;15726;X;2;
l;106941905;3636689;;0;62828;;2;
l;2551719267793;3359185;GOP;0;5267;;2;
l;2551585935825;3573201;;0;7336;;1;
l;2551921487313;3621329;;0;124415;X;1;
l;2551250396625;3583441;;0;3704;X;1;
l;2552054812113;3359185;GOP;0;528;;2;
l;2552525461969;3577297;;0;563;X;1;
l;2552323247569;3519953;CST;0;112;;5;
l;2550981264849;3297745;GOP;1;214;X;2;
l;2550444540369;3482065;Oth;0;5971;;2;
l;2551920733649;3546577;Lib;0;396;;3;
l;2550512198097;3581393;;0;2974;;1;
l;2550713525713;3584465;;0;3857;;2;
l;2552457590225;3284433;GOP;1;7096;X;2;
l;2550310100433;3541457;Lib;0;149;;3;
l;2550713521617;3575249;;0;4879;;1;
l;2552055697873;3574225;;0;509;X;2;
l;2550914847185;3574225;;0;550;X;2;
l;2550512190929;3568081;;0;1719;;2;
l;2552457602513;3314129;Dem;1;1826;X;1;
l;2551585935825;3574225;;0;11781;X;2;
l;2551585932753;3568081;;0;5565;;2;
l;106565073;3299793;Dem;1;169331;X;1;
l;106738129;3508689;Oth;0;23305;X;3;
l;2551585050065;3523025;Lib;0;266;;4;
l;2551384610257;3575249;;0;13856;;1;
l;106089937;3593681;Lib;0;1116;;3;
l;2550847739345;3575249;;0;24391;;1;
l;2552257028561;3581393;;0;3529;;1;
l;2552324130257;3568081;;0;845;;2;
l;2550243758545;3573201;;0;2545;;1;
l;2551786413521;3378641;GOP;0;7133;X;2;
l;2552592573905;3584465;;0;13552;;2;
l;2552189920721;3583441;;0;10218;X;1;
l;2551049071057;3585489;;0;990;;1;
l;2552324136401;3580369;;0;2215;X;2;
l;2551182476753;3270097;GOP;1;11164;X;2;
l;2551115351505;3394001;Dem;1;4676;X;1;
l;2552189915601;3573201;;0;7919;;1;
l;2551316614609;3348945;Dem;1;9239;X;1;
l;2551854377425;3585489;;0;902;;1;
l;2550780627409;3570129;;0;29019;X;2;
l;2550310868433;3576273;;0;21807;X;2;
l;106184145;3443153;GOP;0;8904;;2;
l;2550310086097;3408337;Dem;1;14888;X;1;
l;2552457510353;3383761;Dem;0;19028;X;1;
l;2550512199121;3583441;;0;4242;X;1;
l;106157521;3309009;Dem;1;5191;X;1;
l;2552323247569;3523025;Lib;0;56;;4;
l;2551652683217;3299793;Dem;1;21783;X;1;
l;2551786717649;3481041;Oth;0;34864;X;1;
l;2552592571857;3580369;;0;16539;X;2;
l;2552391246289;3582417;;0;4755;X;2;
l;2551921488337;3623377;;0;89779;X;1;
l;2550444199377;3519953;CST;0;657;;5;
l;106073553;3375569;GOP;0;9494;;2;
l;2551316614609;3520977;Grn;0;368;;3;
l;2552055696849;3571153;;0;360;;1;
l;2550309981649;3520977;Grn;0;716;;3;
l;106198481;3322321;Dem;1;16004;X;1;
l;2550913961425;3348945;Dem;1;388;X;1;
l;2552189218257;3295697;GOP;1;2673;X;2;
l;2551920752081;3602897;Grn;0;2854;;2;
l;2551920764369;3604945;CST;0;2136;;2;
l;2552391241169;3571153;;0;3232;;1;
l;2551987703249;3520977;Grn;0;307;;3;
l;106130897;3303889;Dem;1;12549;X;1;
l;2552457598417;3433937;Dem;0;11112;X;1;
l;2550512200145;3586513;;0;4890;X;2;
l;2551652185553;3370449;Dem;0;4931;;1;
l;106167761;3424721;Dem;0;12826;X;1;
l;106149329;3277265;GOP;1;10792;X;2;
l;2551116176849;3579345;;0;2756;;1;
l;2551786901969;3590609;Grn;0;1172;;3;
l;2551183281617;3571153;;0;26182;;1;
l;2550242872785;3348945;Dem;1;2507;X;1;
l;2552457985489;3298769;Dem;1;89190;X;1;
l;2551921119697;3300817;Dem;1;9033;X;1;
l;2550377984465;3624401;;0;57;;2;
l;2550310868433;3575249;;0;12576;;1;
l;2551115810257;3588561;CST;0;114;;3;
l;2552055699921;3577297;;0;710;X;1;
l;2550780084689;3482065;Oth;0;19772;;2;
l;2550713523665;3580369;;0;5143;X;2;
l;2551317504465;3582417;;0;13105;X;2;
l;2552525096401;3588561;CST;0;26;;3;
l;2550779743697;3523025;Lib;0;679;;4;
l;2550444242385;3381713;Dem;1;10308;X;1;
l;2551787266513;3582417;;0;48612;X;2;
l;2551517941201;3519953;CST;0;2603;;5;
l;2552592569809;3575249;;0;16189;;1;
l;2551049069009;3581393;;0;1068;;1;
l;2551182413265;3362257;Dem;1;29029;X;1;
l;2552525465041;3584465;;0;304;;2;
l;106227153;3470801;Dem;0;6574;;1;
l;2550713522641;3578321;;0;2116;;2;
l;2551854374353;3579345;;0;1440;;1;
l;2552525096401;3266001;GOP;1;535;X;2;
l;2551787266513;3581393;;0;33595;;1;
l;2551317499345;3571153;;0;9844;;1;
l;2552391242193;3573201;;0;3550;;1;
l;2551317503441;3579345;;0;12200;;1;
l;2552189370833;3481041;Oth;0;7285;X;1;
l;2551720152529;3572177;;0;4213;X;2;
l;2552323247569;3520977;Grn;0;37;;3;
l;2551183279569;3567057;;0;50110;X;1;
l;2552189915601;3574225;;0;10749;X;2;
l;2552457514449;3387857;GOP;0;3192;;2;
l;2550713520593;3573201;;0;3572;;1;
l;106937809;3629521;;0;86254;X;1;
l;2550645525969;3359185;GOP;0;5326;;2;
l;2552391244241;3577297;;0;6955;X;1;
l;2550846852561;3519953;CST;0;1381;;5;
l;2550914302417;3481041;Oth;0;259;X;1;
l;2552189552081;3588561;CST;0;531;;3;
l;2551249505745;3359185;GOP;0;3497;;2;
l;106085841;3592657;Lib;0;1279;;4;
l;106231249;3473873;Dem;0;4590;;1;
l;2552055701969;3582417;;0;431;X;2;
l;2551787267537;3584465;;0;38701;;2;
l;2550310864337;3568081;;0;13912;;2;
l;2550511443409;3437009;GOP;0;2053;;2;
l;2551517941201;3523025;Lib;0;1736;;4;
l;2550310322641;3481041;Oth;0;16258;X;1;
l;2552257024465;3573201;;0;3013;;1;
l;2552323588561;3482065;Oth;0;1653;;2;
l;2551920772561;3291601;GOP;1;1669;X;2;
l;2550377978321;3577297;;0;100507;X;1;
l;2552525462993;3580369;;0;401;X;2;
l;2550377127377;3376593;Dem;0;2630;;1;
l;2551854370257;3572177;;0;1766;X;2;
l;2552592570833;3578321;;0;7785;;2;
l;2552257026513;3578321;;0;2461;;2;
l;2552122446289;3300817;Dem;1;5991;X;1;
l;2551921481169;3575249;;0;62619;;1;
l;2550847405521;3365329;GOP;0;6634;;2;
l;2550310867409;3574225;;0;24325;X;2;
l;2552457596369;3599825;Lib;0;687;;3;
l;2551787261393;3571153;;0;34067;;1;
l;2551249505745;3520977;Grn;0;49;;3;
l;2551383909841;3294673;GOP;1;13150;X;2;
l;2552324131281;3570129;;0;1458;X;2;
l;2550243759569;3575249;;0;4096;;1;
l;106149329;3411409;Dem;0;9204;;1;
l;2551183282641;3574225;;0;49929;X;2;
l;2552055702993;3584465;;0;334;;2;
l;2550579299793;3567057;;0;17323;X;1;
l;106937809;3630545;;0;59253;;2;
l;2551854375377;3581393;;0;1133;;1;
l;2552256138705;3519953;CST;0;403;;5;
l;2551652158929;3348945;Dem;1;15197;X;1;
l;2551720153553;3573201;;0;3320;;1;
l;2551049062865;3569105;;0;1859;;1;
l;2551518031313;3401169;GOP;0;2324;;2;
l;2552457465297;3519953;CST;0;5334;;5;
l;2550243756497;3569105;;0;4239;;1;
l;2550780634577;3584465;;0;24355;;2;
l;2552525457873;3570129;;0;256;X;2;
l;2550847736273;3570129;;0;17347;X;2;
l;2551249846737;3482065;Oth;0;2871;;2;
l;2550377985489;3625425;;0;214;X;1;
l;106560977;3335633;GOP;0;78211;;2;
l;106161617;3420625;Dem;0;10079;;1;
l;106132945;3273169;GOP;1;11846;;2;
l;2552525459921;3574225;;0;424;X;2;
l;2550981070289;3520977;Grn;0;19;;3;
l;2552324132305;3571153;;0;1390;;1;
l;2552122446289;3516881;CST;0;180;;4;
l;2551518829009;3578321;;0;23843;;2;
l;2550847738321;3573201;;0;15852;;1;
l;106153425;3416529;Dem;0;8516;;1;
l;2551115288017;3519953;CST;0;328;;5;
l;106565073;3502545;GOP;0;103194;;2;
l;2551250388433;3567057;;0;4701;X;1;
l;2550377979345;3579345;;0;57386;;1;
l;2552457606609;3442129;GOP;0;6253;;2;
l;2551250392529;3575249;;0;3497;;1;
l;2550445082065;3568081;;0;4846;;2;
l;2552189218257;3560913;Dem;0;987;;1;
l;2551250394577;3579345;;0;3165;;1;
l;2551183284689;3578321;;0;16213;;2;
l;2552122805713;3572177;;0;6447;X;2;
l;2551988228561;3590609;Grn;0;415;;3;
l;2552457602513;3438033;GOP;0;1896;;2;
l;106169809;3311057;Dem;1;9922;X;1;
l;2551384606161;3568081;;0;4445;;2;
l;2552122811857;3584465;;0;4391;;2;
l;2552324133329;3573201;;0;1284;;1;
l;106923473;3568081;;0;388745;;2;
l;2551585142225;3402193;Dem;0;9812;X;1;
l;2550578417105;3348945;Dem;1;10324;X;1;
l;2550981592529;3339729;Dem;0;415;;1;
l;2552457502161;3378641;GOP;0;7108;X;2;
l;106925521;3572177;;0;739555;X;2;
l;106227153;3294673;GOP;1;13150;X;2;
l;2552524766673;3296721;GOP;1;365;X;2;
l;106235345;3297745;GOP;1;13311;X;2;
l;2550646048209;3588561;CST;0;219;;3;
l;2551853485521;3359185;GOP;0;1794;;2;
l;106163665;3422673;Dem;0;8470;;1;
l;2551585937873;3577297;;0;14980;X;1;
l;2551317505489;3584465;;0;9815;;2;
l;2551585941969;3585489;;0;5294;;1;
l;2550847405521;3364305;Dem;1;5409;X;1;
l;2551183287761;3584465;;0;32425;;2;
l;2550780630481;3575249;;0;28999;;1;
l;2550309981649;3523025;Lib;0;449;;4;
l;2550578758097;3482065;Oth;0;9504;;2;
l;106560977;3587537;Lib;0;3805;;3;
l;2550847743441;3584465;;0;17770;;2;
l;106930641;3582417;;0;699711;X;2;
l;2550444336593;3314129;Dem;1;6051;X;1;
l;2552189029841;3520977;Grn;0;188;;3;
l;2550445091281;3585489;;0;3900;;1;
l;2550444334545;3437009;GOP;0;1251;;2;
l;2550377260497;3604945;CST;0;943;;2;
l;2550579301841;3571153;;0;8929;;1;
l;2550847740369;3578321;;0;10880;;2;
l;2552189917649;3577297;;0;13326;X;1;
l;2550377978321;3578321;;0;31830;;2;
l;2552391243217;3575249;;0;4415;;1;
l;2552457598417;3600849;CST;0;392;;3;
l;2551787262417;3573201;;0;29378;;1;
l;2550914851281;3582417;;0;538;X;2;
l;2551250390481;3572177;;0;3784;X;2;
l;2551719267793;3523025;Lib;0;94;;4;
l;2551719608785;3481041;Oth;0;3438;X;1;
l;2551854369233;3570129;;0;1107;X;2;
l;2552457592273;3427793;GOP;0;8105;;2;
l;2552458347985;3568081;;0;47292;;2;
l;2550377976273;3573201;;0;46261;;1;
l;2551988593105;3582417;;0;14950;X;2;
l;2550377240017;3447249;GOP;0;5871;;2;
l;2552055334353;3339729;Dem;0;197;;1;
l;2552055004625;3474897;Dem;0;377;;1;
l;2551517965777;3368401;Dem;1;23423;X;1;
l;2550847376849;3299793;Dem;1;21625;X;1;
l;2551920729553;3437009;GOP;0;152;;2;
l;2552525459921;3573201;;0;297;;1;
l;2551719790033;3588561;CST;0;241;;3;
l;2552458360273;3626449;;0;81;;2;
l;2551652265425;3539409;GOP;0;8329;X;2;
l;2551653042641;3569105;;0;20180;;1;
l;2550445083089;3569105;;0;5988;;1;
l;2551451720145;3578321;;0;793;;2;
l;106118609;3396049;Dem;0;6904;;1;
l;2551786499537;3422673;Dem;0;5548;;1;
l;2550377979345;3580369;;0;75156;X;2;
l;2550712634833;3520977;Grn;0;165;;3;
l;106221009;3292625;GOP;1;16454;X;2;
l;2551652158929;3519953;CST;0;1734;;5;
l;2552189918673;3579345;;0;8370;;1;
l;2552592572881;3581393;;0;12146;;1;
l;106165713;3284433;GOP;1;10900;X;2;
l;2551585940945;3584465;;0;7474;;2;
l;2550511308241;3520977;Grn;0;83;;3;
l;2552122808785;3578321;;0;2490;;2;
l;2550981962193;3585489;;0;961;;1;
l;2551585936849;3575249;;0;7454;;1;
l;2551317501393;3575249;;0;14044;;1;
l;2551451722193;3581393;;0;1252;;1;
l;2550512199121;3584465;;0;2991;;2;
l;2551250394577;3580369;;0;3389;X;2;
l;2551451173329;3482065;Oth;0;1589;;2;
l;2551920768465;3463633;Dem;0;5084;;1;
l;2552257023441;3571153;;0;3275;;1;
l;2551853485521;3520977;Grn;0;23;;3;
l;2551049061841;3567057;;0;2327;X;1;
l;2551988591057;3578321;;0;6763;;2;
l;2551920594385;3520977;Grn;0;4725;;3;
l;2552457508305;3382737;GOP;0;2002;;2;
l;2550779925969;3469777;GOP;1;14729;X;2;
l;2550310322641;3482065;Oth;0;10936;;2;
l;2551920721361;3424721;Dem;0;1133;X;1;
l;2551116178897;3583441;;0;3857;X;1;
l;2550780084689;3481041;Oth;0;25774;X;1;
l;2551049070033;3583441;;0;1643;X;1;
l;106120657;3398097;Dem;0;6445;;1;
l;2551049063889;3571153;;0;1201;;1;
l;2551182396881;3348945;Dem;1;32044;X;1;
l;2550646048209;3339729;Dem;0;1857;;1;
l;2551653048785;3582417;;0;22254;X;2;
l;2551786485201;3597777;CST;0;236;;3;
l;2552055698897;3576273;;0;437;X;2;
l;2552189220305;3472849;GOP;1;10116;X;2;
l;2551585050065;3359185;GOP;0;7984;;2;
l;2552055701969;3581393;;0;411;;1;
l;106924497;3569105;;0;527766;;1;
l;2550377268689;3466705;Dem;0;4970;;1;
l;2551049062865;3570129;;0;1028;X;2;
l;2551853826513;3482065;Oth;0;1514;;2;
l;2551987795409;3273169;GOP;1;171;;2;
l;2551786489297;3279313;GOP;1;4867;X;2;
l;2550377980369;3582417;;0;75556;X;2;
l;2550913961425;3523025;Lib;0;10;;4;
l;2551921119697;3516881;CST;0;95;;4;
l;106104273;3395025;GOP;0;17820;;2;
l;2550377981393;3584465;;0;60442;;2;
l;2552592571857;3579345;;0;13992;;1;
l;2551920657873;3395025;GOP;0;1521;;2;
l;2551116178897;3584465;;0;3201;;2;
l;2552257023441;3572177;;0;6319;X;2;
l;2552457510353;3526097;GOP;0;10238;;2;
l;2551786499537;3283409;GOP;1;6743;X;2;
l;2552189912529;3568081;;0;4782;;2;
l;2550780631505;3577297;;0;43182;X;1;
l;106169809;3428817;GOP;0;5409;;2;
l;2550579303889;3575249;;0;12039;;1;
l;2551719462353;3475921;Dem;0;1786;;1;
l;2550377237969;3286481;GOP;1;7476;X;2;
l;2550981959121;3579345;;0;1412;;1;
l;2551920737745;3317201;Dem;1;950;X;1;
l;106145233;3408337;Dem;1;14888;X;1;
l;2550512197073;3580369;;0;3775;X;2;
l;2552525466065;3586513;;0;504;X;2;
l;2551988585937;3568081;;0;6728;;2;
l;2550780629457;3574225;;0;38459;X;2;
l;2550846942673;3303889;Dem;1;1305;X;1;
l;106188241;3444177;Dem;0;9602;;1;
l;2550779743697;3359185;GOP;0;31129;;2;
l;2551719790033;3339729;Dem;0;1721;;1;
l;2551585575377;3347921;GOP;0;6935;;2;
l;2552458362321;3629521;;0;86254;X;1;
l;2551383723473;3359185;GOP;0;14944;;2;
l;2552458349009;3569105;;0;56155;;1;
l;2551720159697;3585489;;0;2554;;1;
l;2550377199057;3597777;CST;0;226;;3;
l;2550310864337;3567057;;0;19133;X;1;
l;2550847741393;3579345;;0;19049;;1;
l;2550445084113;3571153;;0;4952;;1;
l;2552257030609;3586513;;0;7055;X;2;
l;2551182737873;3482065;Oth;0;27737;;2;
l;2551518031313;3303889;Dem;1;2754;X;1;
l;2550981956049;3573201;;0;1123;;1;
l;2552457806289;3482065;Oth;0;56222;;2;
l;2551921482193;3577297;;0;172469;X;1;
l;2550913961425;3520977;Grn;0;5;;3;
l;2551518494161;3364305;Dem;1;22552;X;1;
l;2551653041617;3567057;;0;28288;X;1;
l;2550847742417;3581393;;0;15578;;1;
l;2551786495441;3281361;GOP;1;1951;X;2;
l;2552457590225;3543505;Lib;0;364;;3;
l;2551183279569;3568081;;0;21021;;2;
l;2552458366417;3636689;;0;62828;;2;
l;106186193;3549649;Lib;0;2948;;2;
l;106147281;3410385;Dem;0;8385;;1;
l;2551250391505;3574225;;0;4280;X;2;
l;2551786483153;3410385;Dem;0;2362;;1;
l;2552525457873;3569105;;0;440;;1;
l;106175953;3601873;CST;0;1208;;3;
l;2551786493393;3418577;GOP;0;4469;;2;
l;2552122804689;3569105;;0;5112;;1;
l;106040785;3520977;Grn;0;18279;;3;
l;2551988593105;3581393;;0;10328;;1;
l;106566097;3347921;GOP;0;109285;;2;
l;2552458351057;3573201;;0;50995;;1;
l;106167761;3427793;GOP;0;8758;;2;
l;2551451716049;3570129;;0;935;X;2;
l;2552458355153;3581393;;0;57169;;1;
l;2551653050833;3585489;;0;12777;;1;
l;106100177;3594705;Ind;0;2555;;3;
l;2550243762641;3582417;;0;4080;X;2;
l;2551987822033;3541457;Lib;0;457;;3;
l;2551250027985;3588561;CST;0;172;;3;
l;106221009;3467729;Dem;0;11351;;1;
l;2552457465297;3359185;GOP;0;64820;;2;
l;106130897;3401169;GOP;0;9207;;2;
l;2550981954001;3570129;;0;1079;X;2;
l;2552592565713;3567057;;0;21684;X;1;
l;2551518833105;3586513;;0;92337;X;2;
l;106566097;3516881;CST;0;3885;;4;
l;2551920770513;3290577;GOP;1;370;X;2;
l;2551316692433;3396049;Dem;0;6904;;1;
l;2550847744465;3586513;;0;26040;X;2;
l;2552121963985;3382737;GOP;0;3684;;2;
l;2551384064465;3482065;Oth;0;11098;;2;
l;2550310100433;3281361;GOP;1;2119;X;2;
l;2552457465297;3523025;Lib;0;1967;;4;
l;106381777;3482065;Oth;0;488362;;2;
l;2552525460945;3575249;;0;373;;1;
l;2550846852561;3520977;Grn;0;504;;3;
l;2552525465041;3583441;;0;396;X;1;
l;2551317502417;3577297;;0;18218;X;1;
l;2550243760593;3578321;;0;1916;;2;
l;106165713;3543505;Lib;0;482;;3;
l;2550512198097;3582417;;0;4144;X;2;
l;2551383909841;3470801;Dem;0;6574;;1;
l;106930641;3581393;;0;469992;;1;
l;106192337;3448273;Dem;0;8606;;1;
l;2551921483217;3579345;;0;68697;;1;
l;106938833;3632593;;0;15844;;2;
l;2552121920977;3519953;CST;0;473;;5;
l;106216913;3290577;GOP;1;11247;X;2;
l;2550377981393;3583441;;0;68455;X;1;
l;106161617;3282385;GOP;1;10401;X;2;
l;2550713526737;3585489;;0;2869;;1;
l;2552458350033;3572177;;0;87059;X;2;
l;2552391248337;3585489;;0;2547;;1;
l;106223057;3469777;GOP;1;14729;X;2;
l;2551786487249;3414481;Dem;0;8540;;1;
l;2550310100433;3419601;Dem;0;2025;;1;
l;2552323769809;3588561;CST;0;89;;3;
l;2551048520145;3482065;Oth;0;1526;;2;
l;2550444199377;3348945;Dem;1;7848;X;1;
l;2551115810257;3339729;Dem;0;2740;;1;
l;2551316694481;3398097;Dem;0;1768;;1;
l;2550981959121;3580369;;0;1597;X;2;
l;106063313;3366353;Dem;1;27441;X;1;
l;2550780265937;3588561;CST;0;1095;;3;
l;2550713523665;3579345;;0;4666;;1;
l;2551249505745;3523025;Lib;0;80;;4;
l;2551249505745;3519953;CST;0;277;;5;
l;2552457985489;3335633;GOP;0;53451;;2;
l;106151377;3414481;Dem;0;8540;;1;
l;2551183284689;3577297;;0;56279;X;1;
l;2552122058193;3314129;Dem;1;6418;X;1;
l;106139089;3404241;Dem;0;16016;X;1;
l;2552457596369;3430865;GOP;0;6035;;2;
l;2550444199377;3523025;Lib;0;179;;4;
l;2551317497297;3567057;;0;19278;X;1;
l;2550377977297;3576273;;0;71467;X;2;
l;2552591803857;3282385;GOP;1;10087;X;2;
l;2551920935377;3481041;Oth;0;102923;X;1;
l;2550511828433;3587537;Lib;0;97;;3;
l;2550310505937;3299793;Dem;1;15634;X;1;
l;2551921114577;3587537;Lib;0;594;;3;
l;2550713524689;3581393;;0;4201;;1;
l;2550309981649;3359185;GOP;0;12525;;2;
l;2551182480849;3271121;GOP;1;11089;X;2;
l;2551183283665;3576273;;0;34908;X;2;
l;2551921291729;3508689;Oth;0;23305;X;3;
l;2551384608209;3572177;;0;11431;X;2;
l;2551853485521;3523025;Lib;0;33;;4;
l;2551518824913;3569105;;0;46980;;1;
l;2550780630481;3576273;;0;27909;X;2;
l;2551384613329;3581393;;0;8848;;1;
l;2552457514449;3386833;Dem;1;4259;X;1;
l;106083793;3524049;CST;0;907;;3;
l;2552457614801;3447249;GOP;0;17;;2;
l;2550646414801;3580369;;0;3789;X;2;
l;2551987795409;3402193;Dem;0;173;X;1;
l;106192337;3287505;GOP;1;11462;X;2;
l;2552189552081;3339729;Dem;0;4680;;1;
l;2550377982417;3586513;;0;85369;X;2;
l;2550377613777;3589585;CST;0;1587;;3;
l;2552390356433;3348945;Dem;1;4263;X;1;
l;2552457594321;3311057;Dem;1;9922;X;1;
l;2551854007761;3588561;CST;0;107;;3;
l;106085841;3526097;GOP;0;12250;;2;
l;2552121920977;3348945;Dem;1;5319;X;1;
l;106141137;3406289;Dem;0;11283;X;1;
l;2550512191953;3570129;;0;3475;X;2;
l;2551920743889;3319249;Dem;1;5821;X;1;
l;106928593;3578321;;0;272306;;2;
l;2550780626385;3567057;;0;37401;X;1;
l;2551518035409;3535313;GOP;0;6797;;2;
l;2551786483153;3539409;GOP;0;3795;X;2;
l;2551787265489;3579345;;0;37400;;1;
l;2551116171729;3570129;;0;3947;X;2;
l;2550645866961;3481041;Oth;0;3012;X;1;
l;106134993;3304913;Dem;1;14848;X;1;
l;2551920637393;3381713;Dem;1;303;X;1;
l;2552592024017;3481041;Oth;0;11451;X;1;
l;106040785;3359185;GOP;0;551048;;2;
l;2550512194001;3573201;;0;2718;;1;
l;2550780635601;3586513;;0;38310;X;2;
l;2552458366417;3635665;;0;84726;X;1;
l;2550377090513;3520977;Grn;0;1223;;3;
l;2552257021393;3567057;;0;6985;X;1;
l;2550310084049;3407313;Dem;0;2501;;1;
l;2551787264465;3577297;;0;63098;X;1;
l;2552592568785;3574225;;0;19802;X;2;
l;2551652277713;3419601;Dem;0;655;;1;
l;2552257029585;3583441;;0;5208;X;1;
l;106202577;3453393;GOP;0;2972;;2;
l;106925521;3571153;;0;440492;;1;
l;2552122805713;3571153;;0;3752;;1;
l;2551719267793;3520977;Grn;0;75;;3;
l;2552256660945;3266001;GOP;1;7292;X;2;
l;2552592566737;3569105;;0;14601;;1;
l;106067409;3370449;Dem;0;18400;;1;
l;2550444719569;3514833;CST;0;230;;4;
l;2551988589009;3573201;;0;8373;;1;
l;2550780633553;3581393;;0;22167;;1;
l;2552458362321;3630545;;0;59253;;2;
l;106182097;3547601;Lib;0;389;;3;
l;2550579302865;3574225;;0;15353;X;2;
l;2550377154001;3395025;GOP;0;13747;;2;
l;2551115810257;3266001;GOP;1;4429;X;2;
l;2551786409425;3591633;CST;0;665;;3;
l;106171857;3599825;Lib;0;687;;3;
l;2551786489297;3416529;Dem;0;3416;;1;
l;2552324138449;3584465;;0;1708;;2;
l;2552055704017;3585489;;0;276;;1;
l;106173905;3433937;Dem;0;11112;X;1;
l;2551116173777;3573201;;0;2532;;1;
l;2551988044241;3482065;Oth;0;11110;;2;
l;2551585142225;3273169;GOP;1;9317;;2;
l;2551451715025;3568081;;0;583;;2;
l;2551316694481;3270097;GOP;1;3668;X;2;
l;2552458363345;3632593;;0;15844;;2;
l;2551048179153;3523025;Lib;0;36;;4;
l;2551518827985;3575249;;0;50614;;1;
l;2551786901969;3516881;CST;0;1477;;4;
l;2550444242385;3524049;CST;0;293;;3;
l;2551451723217;3584465;;0;1264;;2;
l;2550579307985;3584465;;0;10546;;2;
l;2550243762641;3581393;;0;2778;;1;
l;2550310866385;3571153;;0;9701;;1;
l;2550445083089;3570129;;0;8278;X;2;
l;2550713526737;3586513;;0;6696;X;2;
l;106057169;3362257;Dem;1;29029;X;1;
l;2550512197073;3579345;;0;3597;;1;
l;2551988587985;3572177;;0;15163;X;2;
l;106206673;3603921;Grn;0;1031;;3;
l;2551920758225;3325393;Dem;1;15333;X;1;
l;2551786493393;3598801;CST;0;332;;3;
l;2551384606161;3567057;;0;17564;X;1;
l;2551384607185;3570129;;0;7163;X;2;
l;2551719462353;3297745;GOP;1;6125;X;2;
l;2550445084113;3572177;;0;9103;X;2;
l;2550913961425;3359185;GOP;0;535;;2;
l;2551317136849;3339729;Dem;0;4702;;1;
l;2551920766417;3288529;GOP;1;8351;X;2;
l;106212817;3288529;GOP;1;8351;X;2;
l;2550646417873;3586513;;0;4931;X;2;
l;2551653041617;3568081;;0;8972;;2;
l;2552458349009;3570129;;0;88956;X;2;
l;2551720150481;3567057;;0;6116;X;1;
l;2552457465297;3348945;Dem;1;77770;X;1;
l;2551049065937;3576273;;0;1142;X;2;
l;2551585050065;3348945;Dem;1;10037;X;1;
l;2551451723217;3583441;;0;1665;X;1;
l;2551853485521;3519953;CST;0;178;;5;
l;2551921489361;3626449;;0;28713;;2;
l;2550243067345;3297745;GOP;1;4757;X;2;
l;2552391247313;3583441;;0;5045;X;1;
l;2551115629009;3481041;Oth;0;2930;X;1;
l;2551920760273;3459537;GOP;0;2830;;2;
l;2550444719569;3335633;GOP;0;4313;;2;
l;2552592024017;3482065;Oth;0;14105;;2;
l;2552457608657;3443153;GOP;0;8483;;2;
l;2551384615377;3586513;;0;13403;X;2;
l;2550243757521;3572177;;0;3982;X;2;
l;2551653043665;3571153;;0;16218;;1;
l;2550579307985;3583441;;0;12290;X;1;
l;2551653047761;3579345;;0;17104;;1;
l;2551451173329;3481041;Oth;0;889;X;1;
l;2552324135377;3578321;;0;908;;2;
l;2551116179921;3586513;;0;5135;X;2;
l;2552055695825;3569105;;0;583;;1;
l;2551518039505;3404241;Dem;0;16016;X;1;
l;2552324137425;3581393;;0;1264;;1;
l;2551384064465;3481041;Oth;0;8102;X;1;
l;2551720158673;3584465;;0;3395;;2;
l;106564049;3515857;GOP;0;56804;;2;
l;2551518825937;3571153;;0;38342;;1;
l;2551383723473;3523025;Lib;0;293;;4;
l;2550914844113;3567057;;0;685;X;1;
l;106040785;3523025;Lib;0;15494;;4;
l;2552458347985;3567057;;0;95965;X;1;
l;106178001;3438033;GOP;0;8650;;2;
l;2551518827985;3576273;;0;75720;X;2;
l;2552592570833;3577297;;0;22714;X;1;
l;2550914302417;3482065;Oth;0;526;;2;
l;2552390878673;3339729;Dem;0;2814;;1;
l;2550243761617;3579345;;0;3576;;1;
l;2550444242385;3382737;GOP;0;3796;;2;
l;2551921117649;3589585;CST;0;5079;;3;
l;2551920729553;3435985;Dem;1;225;X;1;
l;2552189912529;3567057;;0;13573;X;1;
l;2551384245713;3588561;CST;0;656;;3;
l;2550981952977;3567057;;0;2373;X;1;
l;2552591683025;3359185;GOP;0;15186;;2;
l;106563025;3588561;CST;0;6753;;3;
l;2550780627409;3569105;;0;26567;;1;
l;2551921291729;3511761;Oth;0;19410;;4;
l;2551988044241;3481041;Oth;0;11104;X;1;
l;2551518830033;3580369;;0;79197;X;2;
l;106143185;3275217;GOP;1;15877;X;2;
l;2550913961425;3519953;CST;0;53;;5;
l;2552591803857;3420625;Dem;0;9887;;1;
l;2550243755473;3567057;;0;5550;X;1;
l;2551250393553;3578321;;0;1775;;2;
l;106083793;3381713;Dem;1;23236;X;1;
l;2552592567761;3571153;;0;12485;;1;
l;2552054812113;3520977;Grn;0;10;;3;
l;2550646411729;3573201;;0;3043;;1;
l;2551787261393;3572177;;0;48829;X;2;
l;2552457612753;3444177;Dem;0;3316;;1;
l;2550780628433;3572177;;0;33892;X;2;
l;2551652185553;3371473;GOP;1;11185;X;2;
l;2552592567761;3572177;;0;16874;X;2;
l;2551451718097;3574225;;0;1752;X;2;
l;2552458353105;3577297;;0;114297;X;1;
l;2551920639441;3592657;Lib;0;347;;4;
l;2551049063889;3572177;;0;1624;X;2;
l;2550309981649;3348945;Dem;1;20390;X;1;
l;2550847736273;3569105;;0;23903;;1;
l;2550914852305;3583441;;0;510;X;1;
l;106935761;3626449;;0;28845;;2;
l;2550445090257;3583441;;0;7443;X;1;
l;2552391245265;3579345;;0;3953;;1;
l;2550914483665;3588561;CST;0;30;;3;
l;2552256329169;3473873;Dem;0;0;;1;
l;2552121920977;3359185;GOP;0;4719;;2;
l;2552592574929;3586513;;0;19706;X;2;
l;2552592203217;3335633;GOP;0;12744;;2;
l;2552591805905;3422673;Dem;0;2922;;1;
l;106924497;3570129;;0;673429;X;2;
l;2550310865361;3570129;;0;21600;X;2;
l;2551518465489;3299793;Dem;1;87736;X;1;
l;2550578417105;3523025;Lib;0;374;;4;
l;2552122807761;3575249;;0;4659;;1;
l;2550243763665;3583441;;0;4002;X;1;
l;106081745;3379665;Dem;0;14764;;1;
l;106182097;3442129;GOP;0;6253;;2;
l;2551921485265;3584465;;0;100157;;2;
l;2551183282641;3573201;;0;23151;;1;
l;2552457985489;3514833;CST;0;2192;;4;
l;2550914846161;3571153;;0;295;;1;
l;2551921485265;3583441;;0;100456;X;1;
l;2552458352081;3576273;;0;84123;X;2;
l;2552591801809;3419601;Dem;0;539;;1;
l;2550578507217;3401169;GOP;0;5884;;2;
l;2550511443409;3601873;CST;0;822;;3;
l;2552122806737;3573201;;0;5129;;1;
l;2551518825937;3572177;;0;82646;X;2;
l;2551987703249;3523025;Lib;0;309;;4;
l;2552525464017;3582417;;0;385;X;2;
l;2551585933777;3570129;;0;10181;X;2;
l;2550914848209;3576273;;0;523;X;2;
l;2551854368209;3567057;;0;2380;X;1;
l;2550445085137;3574225;;0;9599;X;2;
l;2551585932753;3567057;;0;13059;X;1;
l;2552457604561;3546577;Lib;0;505;;3;
l;2552122804689;3570129;;0;5300;X;2;
l;2550444199377;3359185;GOP;0;5817;;2;
l;106932689;3585489;;0;346502;;1;
l;2552189921745;3585489;;0;5581;;1;
l;106124753;3271121;GOP;1;11089;X;2;
l;2551987703249;3348945;Dem;1;12413;X;1;
l;106926545;3573201;;0;430671;;1;
l;2552457598417;3434961;GOP;0;8202;;2;
l;2552055694801;3568081;;0;152;;2;
l;2550645525969;3520977;Grn;0;69;;3;
l;2550713517521;3568081;;0;2288;;2;
l;2551652253137;3535313;GOP;0;2582;;2;
l;2551988592081;3579345;;0;11177;;1;
l;2551652253137;3304913;Dem;1;1895;X;1;
l;2552122807761;3576273;;0;5963;X;2;
l;2550847193553;3482065;Oth;0;18850;;2;
l;2550981962193;3586513;;0;1935;X;2;
l;2552457806289;3481041;Oth;0;61899;X;1;
l;2552457612753;3550673;Lib;0;172;;3;
l;106938833;3631569;;0;17113;X;1;
l;2550309981649;3519953;CST;0;546;;5;
l;2551854373329;3578321;;0;887;;2;
l;2551183286737;3582417;;0;40705;X;2;
l;2550981262801;3296721;GOP;1;1792;X;2;
l;2551116174801;3576273;;0;4536;X;2;
l;106186193;3318225;Dem;1;17026;X;1;
l;106124753;3399121;Dem;0;10258;;1;
l;2551585575377;3590609;Grn;0;475;;3;
l;2551720151505;3569105;;0;5202;;1;
l;2551585050065;3520977;Grn;0;412;;3;
l;2551854007761;3266001;GOP;1;2261;X;2;
l;2552457508305;3524049;CST;0;81;;3;
l;2551920768465;3289553;GOP;1;9386;X;2;
l;2551250389457;3570129;;0;2990;X;2;
l;2551652181457;3366353;Dem;1;1971;X;1;
l;2551987733969;3372497;Dem;0;6655;;1;
l;2551451720145;3577297;;0;2213;X;1;
l;2551988586961;3570129;;0;13549;X;2;
l;2551921480145;3573201;;0;75352;;1;
l;2550713159121;3502545;GOP;0;4623;;2;
l;2551249698257;3474897;Dem;0;3475;;1;
l;2551518832081;3583441;;0;62448;X;1;
l;2550578941393;3299793;Dem;1;13307;X;1;
l;106233297;3474897;Dem;0;10397;;1;
l;2551652277713;3541457;Lib;0;94;;3;
l;2550445087185;3577297;;0;11282;X;1;
l;2550780628433;3571153;;0;20802;;1;
l;106159569;3541457;Lib;0;918;;3;
l;106085841;3383761;Dem;0;28624;X;1;
l;2551786376657;3520977;Grn;0;931;;3;
l;2552324134353;3576273;;0;1649;X;2;
l;2550310506961;3516881;CST;0;113;;4;
l;2551049066961;3578321;;0;952;;2;
l;2552189920721;3584465;;0;7843;;2;
l;2552122261969;3482065;Oth;0;4798;;2;
l;106155473;3280337;GOP;1;5331;;2;
l;2550377242065;3287505;GOP;1;11462;X;2;
l;2551317138897;3299793;Dem;1;3837;X;1;
l;106210769;3328465;Dem;1;9678;X;1;
l;2551182396881;3523025;Lib;0;980;;4;
l;2552189370833;3482065;Oth;0;8430;;2;
l;2550377242065;3551697;Lib;0;760;;3;
l;2551049061841;3568081;;0;579;;2;
l;2550377980369;3581393;;0;51578;;1;
l;2550579305937;3579345;;0;10231;;1;
l;2552591805905;3283409;GOP;1;4622;X;2;
l;2551653048785;3581393;;0;14102;;1;
l;2551920756177;3453393;GOP;0;2972;;2;
l;2551517963729;3367377;GOP;0;11094;;2;
l;2551451716049;3569105;;0;2044;;1;
l;2551183286737;3581393;;0;28953;;1;
l;2551451354577;3266001;GOP;1;2432;X;2;
l;2550243213777;3482065;Oth;0;3398;;2;
l;2552592574929;3585489;;0;10038;;1;
l;2550377615825;3347921;GOP;0;38205;;2;
l;106929617;3580369;;0;713266;X;2;
l;2551316614609;3519953;CST;0;1060;;5;
l;2552121963985;3524049;CST;0;281;;3;
l;2552457606609;3547601;Lib;0;389;;3;
l;2551049064913;3574225;;0;1650;X;2;
l;2550847740369;3577297;;0;30644;X;1;
l;106923473;3567057;;0;802329;X;1;
l;2550579301841;3572177;;0;13696;X;2;
l;2551048179153;3359185;GOP;0;2181;;2;
l;2551451354577;3339729;Dem;0;518;;1;
l;106936785;3628497;;0;28736;;2;
l;2552324137425;3582417;;0;2269;X;2;
l;2550377237969;3444177;Dem;0;6286;;1;
l;2552390548945;3296721;GOP;1;4273;X;2;
l;2550243760593;3577297;;0;5267;X;1;
l;2551652158929;3359185;GOP;0;20864;;2;
l;2550579304913;3577297;;0;17801;X;1;
l;2551317505489;3583441;;0;13825;X;1;
l;2550243755473;3568081;;0;1542;;2;
l;2551653047761;3580369;;0;20893;X;2;
l;2550511445457;3438033;GOP;0;0;;2;
l;106206673;3459537;GOP;0;2830;;2;
l;2550444334545;3435985;Dem;1;3615;X;1;
l;2551720155601;3577297;;0;5522;X;1;
l;2550981411281;3481041;Oth;0;889;X;1;
l;2551920760273;3457489;Dem;0;13417;X;1;
l;2550578417105;3359185;GOP;0;11415;;2;
l;2550713525713;3583441;;0;5746;X;1;
l;2552054812113;3519953;CST;0;54;;5;
l;2551920733649;3440081;GOP;0;1640;;2;
l;2552323435985;3295697;GOP;1;2666;X;2;
l;2551988592081;3580369;;0;15154;X;2;
l;106932689;3586513;;0;835640;X;2;
l;2551920762321;3327441;Dem;1;9582;X;1;
