l;3162688448160;51869344;;0;390;;2;
l;3157788632736;51688096;GOP;0;1771;;2;
l;3155776174752;51667616;IG;0;35;;3;
l;3160876448416;51666592;GOP;1;12652;;2;
l;3161950190240;51657376;Dem;0;24307;X;1;
l;3163291553440;51678880;GOP;1;4686;X;1;
l;3156380215968;51870368;;0;2847;X;1;
l;3154701618848;51678880;GOP;1;18101;X;1;
l;3156044669600;51700384;;0;2201;;2;
l;3158326311584;51667616;IG;0;332;;3;
l;3162151576224;51699360;;0;675;X;1;
l;3158526815904;51668640;Dem;0;2323;;1;
l;3162150702752;51678880;GOP;1;901;X;1;
l;3162017358496;51700384;;0;3814;;2;
l;3156312221344;51665568;Ind;0;172;;3;
l;3157520180896;51664544;GOP;1;1415;X;2;
l;3158125045408;51869344;;0;1376;;2;
l;3163158210208;51868320;;0;2968;X;1;
l;3155037161120;51675808;Dem;0;1921;;1;
l;3157386787488;51657376;Dem;0;5050;X;1;
l;3156513556128;51676832;GOP;1;12723;X;2;
l;3160406747808;51871392;;0;3548;;2;
l;3157655284384;51871392;;0;1945;;2;
l;3157521065632;51868320;;0;1312;X;1;
l;3159400112800;51700384;;0;1443;;2;
l;3161949365920;51664544;GOP;1;4528;X;2;
l;3156917085856;51868320;;0;3005;X;1;
l;3161950250656;51869344;;0;15834;;2;
l;3161614645920;51657376;Dem;0;4541;X;1;
l;3159063692960;51677856;IG;0;45;;3;
l;3154568215200;51666592;GOP;1;3256;;2;
l;3159131679392;51870368;;0;6264;X;1;
l;3163896409760;51874464;Dem;0;2312;;2;
l;3158594806432;51700384;;0;2025;;2;
l;3156648650400;51869344;;0;1960;;2;
l;3156044669600;51699360;;0;4726;X;1;
l;3163963456160;51667616;IG;0;526;;3;
l;3163627911840;51667616;IG;0;73;;3;
l;3155037977248;51666592;GOP;1;2045;;2;
l;116123296;51868320;;0;1414378;X;1;
l;3163560862368;51700384;;0;2106;;2;
l;3161009858208;51688096;GOP;0;1742;;2;
l;3157654398624;51662496;Dem;0;1467;;1;
l;3157051243168;51667616;IG;0;122;;3;
l;3162420012704;51869344;;0;760;;2;
l;3156917025440;51667616;IG;0;57;;3;
l;3161480489632;51871392;;0;3463;;2;
l;3162621340320;51871392;;0;18124;;2;
l;3154902951584;51688096;GOP;0;678;;2;
l;3161413319328;51666592;GOP;1;650;;2;
l;3154501165728;51700384;;0;3512;;2;
l;3156849976992;51868320;;0;2493;X;1;
l;3160070330016;51682976;GOP;1;3443;X;2;
l;3160876508832;51869344;;0;10561;;2;
l;3155238487712;51677856;IG;0;185;;3;
l;3161883141792;51868320;;0;1036;X;1;
l;3158729026208;51871392;;0;3847;;2;
l;3155708260000;51689120;Dem;0;1914;;1;
l;3157319740064;51870368;;0;647;X;1;
l;3160473854624;51700384;;0;3382;;2;
l;115244704;51672736;GOP;1;149692;X;1;
l;3154769541792;51657376;Dem;0;698;X;1;
l;3162017359520;51869344;;0;2255;;2;
l;3158594806432;51699360;;0;3138;X;1;
l;3160272530080;51871392;;0;841;;2;
l;3162083589792;51673760;IG;0;1008;;2;
l;3156849975968;51699360;;0;4171;X;1;
l;3158258378400;51664544;GOP;1;2859;X;2;
l;3162419952288;51666592;GOP;1;995;;2;
l;3160942741152;51676832;GOP;1;1182;X;2;
l;3155507739296;51657376;Dem;0;1548;X;1;
l;3157990828704;51870368;;0;1890;X;1;
l;3160943618720;51871392;;0;570;;2;
l;115252896;51686048;Ind;0;6092;;3;
l;3163493694112;51666592;GOP;1;3374;;2;
l;3154903820960;51870368;;0;1221;X;1;
l;3159936116384;51688096;GOP;0;3647;;2;
l;3160876448416;51667616;IG;0;423;;3;
l;3157185460896;51657376;Dem;0;48525;X;1;
l;3154702494368;51870368;;0;15329;X;1;
l;3163829299872;51870368;;0;222033;X;1;
l;3155239364256;51869344;;0;5780;;2;
l;3160809398944;51700384;;0;9325;;2;
l;3156849108640;51687072;Dem;1;2977;X;1;
l;3163762189984;51868320;;0;62298;X;1;
l;3160742230688;51657376;Dem;0;3196;X;1;
l;3161547537056;51667616;IG;0;18;;3;
l;3156446447264;51676832;GOP;1;3907;X;2;
l;3163426644640;51699360;;0;70663;X;1;
l;3164030626464;51871392;;0;5117;;2;
l;116122272;51700384;;0;1003967;;2;
l;3155172255392;51868320;;0;2189;X;1;
l;3159467222688;51868320;;0;1401;X;1;
l;3157856610976;51870368;;0;42607;X;1;
l;3154433179296;51673760;IG;0;675;;2;
l;3163559978656;51662496;Dem;0;1608;;1;
l;3156044610208;51657376;Dem;0;3256;X;1;
l;3156782868128;51869344;;0;2768;;2;
l;3157655222944;51667616;IG;0;39;;3;
l;3157856608928;51699360;;0;43114;X;1;
l;3154366888608;51666592;GOP;1;2577;;2;
l;3154769601184;51700384;;0;455;;2;
l;3159869875872;51869344;;0;4311;;2;
l;3157923717792;51699360;;0;6189;X;1;
l;3155709125280;51699360;;0;3015;X;1;
l;3161480487584;51699360;;0;8632;X;1;
l;3161480428192;51666592;GOP;1;6271;;2;
l;3158863242912;51868320;;0;3174;X;1;
l;3154433997472;51657376;Dem;0;1425;X;1;
l;3154299841184;51871392;;0;10852;;2;
l;3155372713632;51687072;Dem;1;5108;X;1;
l;3163761311392;51672736;GOP;1;33770;X;1;
l;3158997460640;51868320;;0;6010;X;1;
l;3160608012960;51666592;GOP;1;2405;;2;
l;3163023991456;51699360;;0;16235;X;1;
l;3155910392480;51667616;IG;0;34;;3;
l;3154568215200;51657376;Dem;0;1717;X;1;
l;3158392604320;51677856;IG;0;46;;3;
l;3155507739296;51666592;GOP;1;2393;;2;
l;3154501166752;51869344;;0;3927;;2;
l;3160675181216;51699360;;0;8041;X;1;
l;3156313106080;51869344;;0;7535;;2;
l;3158796134048;51868320;;0;3865;X;1;
l;3163963517600;51870368;;0;16013;X;1;
l;3162017358496;51699360;;0;4129;X;1;
l;3160540096160;51688096;GOP;0;6494;;2;
l;3160272468640;51666592;GOP;1;1162;;2;
l;3158460529312;51666592;GOP;1;4210;;2;
l;3159735658144;51868320;;0;3773;X;1;
l;3163895522976;51662496;Dem;0;4826;;1;
l;3155910451872;51699360;;0;1971;X;1;
l;3157252569760;51657376;Dem;0;7319;X;1;
l;3158796073632;51667616;IG;0;91;;3;
l;3157588175520;51870368;;0;3231;X;1;
l;3162956883616;51868320;;0;2026;X;1;
l;3162621338272;51700384;;0;26162;;2;
l;3154232730272;51699360;;0;5995;X;1;
l;3157856549536;51667616;IG;0;899;;3;
l;3154903820960;51871392;;0;684;;2;
l;3155909576352;51676832;GOP;1;1698;X;2;
l;3158057937568;51870368;;0;2486;X;1;
l;3157184648864;51681952;Dem;0;27238;;1;
l;3159667674784;51679904;Ind;0;1722;;2;
l;3158997459616;51699360;;0;6597;X;1;
l;3154433179296;51672736;GOP;1;3132;X;1;
l;3155373580960;51700384;;0;1888;;2;
l;3163158210208;51869344;;0;8580;;2;
l;3162554170016;51666592;GOP;1;19838;;2;
l;3154567399072;51677856;IG;0;50;;3;
l;3154299779744;51667616;IG;0;293;;3;
l;3160339577504;51657376;Dem;0;1623;X;1;
l;3160071202464;51868320;;0;19695;X;1;
l;3156043792032;51673760;IG;0;1421;;2;
l;3162554230432;51869344;;0;17319;;2;
l;3159131617952;51666592;GOP;1;5911;;2;
l;3163627911840;51657376;Dem;0;3210;X;1;
l;3156581481120;51666592;GOP;1;13363;;2;
l;3157521066656;51871392;;0;726;;2;
l;3158191277728;51677856;IG;0;49;;3;
l;3163291553440;51679904;Ind;0;1380;;2;
l;3154769602208;51868320;;0;941;X;1;
l;3157453955744;51699360;;0;12931;X;1;
l;3154635384480;51869344;;0;15375;;2;
l;3164030624416;51700384;;0;9310;;2;
l;3154231848608;51668640;Dem;0;4369;;1;
l;3154836711072;51868320;;0;14200;X;1;
l;3159130799776;51673760;IG;0;813;;2;
l;115238560;51662496;Dem;0;80715;;1;
l;3157386787488;51667616;IG;0;144;;3;
l;3163158211232;51870368;;0;4989;X;1;
l;3159668488864;51666592;GOP;1;16525;;2;
l;3158527699616;51871392;;0;1841;;2;
l;3163896406688;51699360;;0;53564;X;1;
l;3161144883872;51667616;IG;0;99;;3;
l;3161413319328;51657376;Dem;0;936;X;1;
l;3155171378848;51675808;Dem;0;1759;;1;
l;3155440690848;51868320;;0;1197;X;1;
l;3154835834528;51676832;GOP;1;9271;X;2;
l;3155305600672;51681952;Dem;0;1622;;1;
l;3163090226848;51678880;GOP;1;15225;X;1;
l;3154366074528;51680928;Ind;0;380;;3;
l;3160071201440;51699360;;0;20735;X;1;
l;3161144067744;51675808;Dem;0;8818;;1;
l;3162956884640;51870368;;0;2221;X;1;
l;3159064570528;51870368;;0;3068;X;1;
l;115256992;51692192;Lib;0;2106;;3;
l;116062880;51666592;GOP;1;1165440;;2;
l;3160742292128;51871392;;0;2620;;2;
l;3161614707360;51871392;;0;2593;;2;
l;3158729024160;51700384;;0;3758;;2;
l;3157319738016;51699360;;0;822;X;1;
l;3156648649376;51700384;;0;1524;;2;
l;3158661915296;51699360;;0;3161;X;1;
l;3162554170016;51657376;Dem;0;25161;X;1;
l;3159869876896;51870368;;0;7569;X;1;
l;3157990828704;51871392;;0;1203;;2;
l;3154232731296;51868320;;0;4068;X;1;
l;3162687579808;51688096;GOP;0;189;;2;
l;3157051302560;51700384;;0;2020;;2;
l;3158929475232;51676832;GOP;1;13640;X;2;
l;3157521005216;51657376;Dem;0;1049;X;1;
l;3155239365280;51871392;;0;5170;;2;
l;3160675182240;51869344;;0;3594;;2;
l;3158259202720;51657376;Dem;0;1724;X;1;
l;3155910452896;51868320;;0;1497;X;1;
l;3162487122592;51871392;;0;1227;;2;
l;3157722392224;51869344;;0;1515;;2;
l;3163829298848;51868320;;0;238532;X;1;
l;3160406686368;51667616;IG;0;91;;3;
l;3162420014752;51873440;GOP;0;967;X;1;
l;3155038038688;51870368;;0;3108;X;1;
l;3157722393248;51870368;;0;3047;X;1;
l;3163291553440;51680928;Ind;0;816;;3;
l;3154768727712;51679904;Ind;0;174;;2;
l;3156380213920;51699360;;0;4364;X;1;
l;3159399241376;51681952;Dem;0;1592;;1;
l;3161480488608;51868320;;0;6369;X;1;
l;3162016485024;51678880;GOP;1;4906;X;1;
l;3161144943264;51699360;;0;2670;X;1;
l;3155843345056;51871392;;0;4329;;2;
l;3163895543456;51658400;Dem;0;26998;;1;
l;3155306412704;51667616;IG;0;91;;3;
l;3163627973280;51870368;;0;4732;X;1;
l;3154835836576;51678880;GOP;1;9360;X;1;
l;3158460588704;51699360;;0;4050;X;1;
l;3163627105952;51693216;Ind;0;60;;4;
l;3155239363232;51700384;;0;4542;;2;
l;3157520180896;51662496;Dem;0;798;;1;
l;3158393479840;51699360;;0;2950;X;1;
l;3156044610208;51667616;IG;0;105;;3;
l;3161480428192;51657376;Dem;0;6086;X;1;
l;3154433997472;51666592;GOP;1;2668;;2;
l;3158997461664;51870368;;0;6054;X;1;
l;3158863242912;51869344;;0;1810;;2;
l;3159534331552;51869344;;0;11738;;2;
l;3154903759520;51667616;IG;0;35;;3;
l;3159534271136;51657376;Dem;0;14745;X;1;
l;3154903759520;51666592;GOP;1;1318;;2;
l;3156313107104;51871392;;0;8223;;2;
l;3155440689824;51699360;;0;1223;X;1;
l;3157856609952;51869344;;0;26730;;2;
l;3156983316128;51673760;IG;0;665;;2;
l;3157118352032;51657376;Dem;0;12534;X;1;
l;3157521005216;51666592;GOP;1;1213;;2;
l;3160943617696;51868320;;0;1028;X;1;
l;3162755558048;51871392;;0;1825;;2;
l;3158325503648;51687072;Dem;1;17211;X;1;
l;3162487121568;51868320;;0;1947;X;1;
l;3155910392480;51657376;Dem;0;1252;X;1;
l;3156110894752;51664544;GOP;1;2039;X;2;
l;3161077775008;51666592;GOP;1;946;;2;
l;3156984193696;51700384;;0;1144;;2;
l;3155507798688;51699360;;0;2855;X;1;
l;115250848;51682976;GOP;1;162764;X;2;
l;3155506923168;51675808;Dem;0;1355;;1;
l;3163895541408;51689120;Dem;0;5093;;1;
l;3158594808480;51871392;;0;1118;;2;
l;3158593922720;51662496;Dem;0;1739;;1;
l;3159467221664;51699360;;0;1719;X;1;
l;3160004033184;51667616;IG;0;60;;3;
l;3161950249632;51700384;;0;17386;;2;
l;3162486245024;51676832;GOP;1;2307;X;2;
l;3158460589728;51868320;;0;3828;X;1;
l;3160071203488;51870368;;0;18644;X;1;
l;3159466337952;51664544;GOP;1;1807;X;2;
l;3161077775008;51657376;Dem;0;777;X;1;
l;3155775366816;51687072;Dem;1;1367;X;1;
l;3155373521568;51657376;Dem;0;3442;X;1;
l;3159534330528;51700384;;0;12265;;2;
l;3156514433696;51871392;;0;6059;;2;
l;3163023932064;51666592;GOP;1;14471;;2;
l;3158728152736;51682976;GOP;1;6261;X;2;
l;3160473854624;51699360;;0;6570;X;1;
l;3159533463200;51688096;GOP;0;2556;;2;
l;3161681815200;51868320;;0;3264;X;1;
l;3158594747040;51666592;GOP;1;3095;;2;
l;3159333004960;51868320;;0;5933;X;1;
l;3157855743648;51692192;Lib;0;742;;3;
l;3155373581984;51869344;;0;3125;;2;
l;3163962631840;51665568;Ind;0;497;;3;
l;3156782869152;51871392;;0;2861;;2;
l;3157251761824;51687072;Dem;1;3618;X;1;
l;3163292427936;51869344;;0;2169;;2;
l;3160608012960;51657376;Dem;0;2419;X;1;
l;3157453957792;51870368;;0;15732;X;1;
l;3164029750944;51680928;Ind;0;3005;;3;
l;3159734789792;51687072;Dem;1;6426;X;1;
l;3154702492320;51699360;;0;16907;X;1;
l;3158863241888;51699360;;0;4340;X;1;
l;3157587289760;51662496;Dem;0;1831;;1;
l;3156044670624;51868320;;0;3728;X;1;
l;3162151516832;51657376;Dem;0;1128;X;1;
l;115246752;51676832;GOP;1;123944;X;2;
l;3161413380768;51870368;;0;987;X;1;
l;3163962631840;51662496;Dem;0;11361;;1;
l;3161681814176;51699360;;0;1511;X;1;
l;3160540963488;51699360;;0;13456;X;1;
l;3162755557024;51869344;;0;2380;;2;
l;3161479612064;51675808;Dem;0;5496;;1;
l;116062880;51657376;Dem;0;1172671;X;1;
l;3156849978016;51870368;;0;2931;X;1;
l;3159600565920;51680928;Ind;0;1081;;3;
l;3162083589792;51672736;GOP;1;3709;X;1;
l;3157990826656;51700384;;0;904;;2;
l;3158527698592;51869344;;0;1620;;2;
l;3161346210464;51666592;GOP;1;4290;;2;
l;3154299779744;51657376;Dem;0;20578;X;1;
l;3154232732320;51870368;;0;4788;X;1;
l;3160472989344;51692192;Lib;0;61;;3;
l;3163358658208;51672736;GOP;1;15560;X;1;
l;3159131678368;51868320;;0;5859;X;1;
l;3162352904864;51871392;;0;2882;;2;
l;3163963456160;51666592;GOP;1;17881;;2;
l;3158392604320;51675808;Dem;0;2979;;1;
l;3155037977248;51667616;IG;0;42;;3;
l;3155709127328;51871392;;0;1851;;2;
l;3161680944800;51686048;Ind;0;131;;3;
l;3156111780512;51870368;;0;1799;X;1;
l;3156447323808;51869344;;0;2699;;2;
l;3157722331808;51667616;IG;0;43;;3;
l;3157521005216;51667616;IG;0;19;;3;
l;3163828432544;51692192;Lib;0;598;;3;
l;3154970868384;51667616;IG;0;142;;3;
l;3161010666144;51667616;IG;0;29;;3;
l;3156648651424;51871392;;0;1752;;2;
l;3162553345696;51664544;GOP;1;13235;X;2;
l;3160070317728;51662496;Dem;0;8716;;1;
l;115248800;51678880;GOP;1;152856;X;1;
l;3162956823200;51666592;GOP;1;1637;;2;
l;3163425762976;51668640;Dem;0;58590;;1;
l;3154970928800;51869344;;0;4107;;2;
l;3157252630176;51868320;;0;8423;X;1;
l;3161412505248;51678880;GOP;1;167;X;1;
l;3161614705312;51699360;;0;3749;X;1;
l;3160540965536;51870368;;0;8991;X;1;
l;3154635385504;51870368;;0;50963;X;1;
l;3157117540000;51681952;Dem;0;9727;;1;
l;3156782807712;51666592;GOP;1;5393;;2;
l;3156111780512;51871392;;0;1058;;2;
l;3156380215968;51871392;;0;2069;;2;
l;3157117540000;51684000;Ind;0;521;;3;
l;3156580675232;51693216;Ind;0;160;;4;
l;3161748923040;51699360;;0;1587;X;1;
l;3155373521568;51666592;GOP;1;5548;;2;
l;3155776234144;51699360;;0;1501;X;1;
l;116124320;51870368;;0;1416150;X;1;
l;3155842471584;51681952;Dem;0;3527;;1;
l;3161815972512;51657376;Dem;0;3098;X;1;
l;3154567399072;51675808;Dem;0;1447;;1;
l;3154433997472;51667616;IG;0;36;;3;
l;3159534332576;51871392;;0;10960;;2;
l;3157386847904;51868320;;0;6996;X;1;
l;3162755556000;51700384;;0;4699;;2;
l;3160272529056;51869344;;0;1016;;2;
l;3158192093856;51667616;IG;0;73;;3;
l;3159332136608;51687072;Dem;1;7466;X;1;
l;3163493694112;51657376;Dem;0;2546;X;1;
l;3157251753632;51676832;GOP;1;7538;X;2;
l;3156111719072;51667616;IG;0;27;;3;
l;3156715760288;51870368;;0;6664;X;1;
l;3158124984992;51657376;Dem;0;1564;X;1;
l;3156917085856;51869344;;0;1784;;2;
l;3155172255392;51869344;;0;1817;;2;
l;3157385969312;51672736;GOP;1;8685;X;1;
l;3157655222944;51666592;GOP;1;3350;;2;
l;3158661916320;51868320;;0;2287;X;1;
l;3163761317536;51682976;GOP;1;36376;X;2;
l;3159668548256;51700384;;0;6621;;2;
l;3156917025440;51666592;GOP;1;3310;;2;
l;3160808515232;51664544;GOP;1;15446;X;2;
l;3160004093600;51869344;;0;2070;;2;
l;3161144883872;51666592;GOP;1;2574;;2;
l;3158996582048;51673760;IG;0;1610;;2;
l;115238560;51664544;GOP;1;143681;X;2;
l;3160608073376;51869344;;0;1664;;2;
l;3159534271136;51666592;GOP;1;21519;;2;
l;3161547597472;51869344;;0;597;;2;
l;3156984194720;51869344;;0;1318;;2;
l;3154501166752;51868320;;0;5113;X;1;
l;3161815148192;51662496;Dem;0;2515;;1;
l;3162688447136;51699360;;0;747;X;1;
l;3160540904096;51657376;Dem;0;6497;X;1;
l;3155440630432;51667616;IG;0;25;;3;
l;115259040;51694240;GOP;1;130207;X;2;
l;3157453955744;51700384;;0;12674;;2;
l;3155171378848;51677856;IG;0;35;;3;
l;3155038036640;51699360;;0;2607;X;1;
l;3156379346592;51688096;GOP;0;1973;;2;
l;3156580675232;51691168;GOP;1;14480;X;2;
l;3161010725536;51699360;;0;3491;X;1;
l;3161010666144;51657376;Dem;0;1894;X;1;
l;3158795261600;51681952;Dem;0;2463;;1;
l;3162420011680;51700384;;0;683;;2;
l;3160675181216;51700384;;0;1510;;2;
l;3160608074400;51871392;;0;1684;;2;
l;3158527638176;51657376;Dem;0;2302;X;1;
l;3161211174560;51672736;GOP;1;45686;X;1;
l;3157185520288;51699360;;0;50161;X;1;
l;3156782867104;51700384;;0;3925;;2;
l;3155306412704;51666592;GOP;1;3580;;2;
l;3160071142048;51667616;IG;0;416;;3;
l;3161815972512;51666592;GOP;1;2124;;2;
l;3154366074528;51678880;GOP;1;1310;X;1;
l;3156648589984;51667616;IG;0;66;;3;
l;3163828428448;51686048;Ind;0;2180;;3;
l;3161883081376;51666592;GOP;1;937;;2;
l;3155440630432;51666592;GOP;1;941;;2;
l;3158661037728;51673760;IG;0;825;;2;
l;3161681816224;51870368;;0;3018;X;1;
l;3163828434592;51695264;IG;0;1278;;3;
l;3162621278880;51667616;IG;0;623;;3;
l;3158863182496;51667616;IG;0;91;;3;
l;3158729025184;51868320;;0;5798;X;1;
l;3154702493344;51869344;;0;6311;;2;
l;3155507799712;51868320;;0;2183;X;1;
l;3161748925088;51870368;;0;1260;X;1;
l;3163292428960;51871392;;0;1951;;2;
l;3163963516576;51868320;;0;18725;X;1;
l;3156781995680;51681952;Dem;0;2748;;1;
l;3158930351776;51868320;;0;10022;X;1;
l;3155776174752;51657376;Dem;0;798;X;1;
l;3163492880032;51679904;Ind;0;747;;2;
l;3163762188960;51699360;;0;61219;X;1;
l;3154835836576;51680928;Ind;0;1386;;3;
l;3155172254368;51699360;;0;2534;X;1;
l;3155373580960;51699360;;0;6929;X;1;
l;3161211174560;51673760;IG;0;14331;;2;
l;3159601441440;51870368;;0;4480;X;1;
l;3158594747040;51657376;Dem;0;2149;X;1;
l;3163559978656;51665568;Ind;0;44;;3;
l;3161212052128;51700384;;0;22498;;2;
l;3160004094624;51870368;;0;2978;X;1;
l;3162084467360;51700384;;0;1823;;2;
l;3158594807456;51868320;;0;3101;X;1;
l;3157923718816;51869344;;0;3723;;2;
l;3158661917344;51871392;;0;1288;;2;
l;3163627973280;51871392;;0;3068;;2;
l;3157386848928;51871392;;0;4859;;2;
l;3161614707360;51870368;;0;5069;X;1;
l;3157721507488;51665568;Ind;0;71;;3;
l;3158259262112;51699360;;0;2476;X;1;
l;3161346210464;51657376;Dem;0;1544;X;1;
l;3159399241376;51682976;GOP;1;1668;X;2;
l;3162352037536;51689120;Dem;0;3374;;1;
l;3154568276640;51870368;;0;3010;X;1;
l;3159467222688;51869344;;0;855;;2;
l;3163560862368;51699360;;0;1264;X;1;
l;3159668549280;51869344;;0;7130;;2;
l;3161816031904;51699360;;0;2197;X;1;
l;3162755558048;51870368;;0;5222;X;1;
l;3163359476384;51666592;GOP;1;11637;;2;
l;3157989951136;51676832;GOP;1;2166;X;2;
l;3156313045664;51657376;Dem;0;9257;X;1;
l;3156715758240;51699360;;0;7377;X;1;
l;3162889773728;51700384;;0;11686;;2;
l;3156581541536;51868320;;0;12608;X;1;
l;3158259264160;51870368;;0;2477;X;1;
l;3156581542560;51870368;;0;12286;X;1;
l;3158125045408;51868320;;0;2333;X;1;
l;3160741422752;51688096;GOP;0;3373;;2;
l;3157990767264;51667616;IG;0;32;;3;
l;3157990767264;51657376;Dem;0;1543;X;1;
l;3161681814176;51700384;;0;3390;;2;
l;3155172194976;51666592;GOP;1;2358;;2;
l;3159332944544;51666592;GOP;1;6276;;2;
l;3156313105056;51700384;;0;8102;;2;
l;3157654398624;51665568;Ind;0;30;;3;
l;3162487061152;51666592;GOP;1;1680;;2;
l;3157789440672;51666592;GOP;1;3731;;2;
l;3156514431648;51700384;;0;5106;;2;
l;3161412505248;51679904;Ind;0;19;;2;
l;3155239303840;51666592;GOP;1;11801;;2;
l;3157789440672;51657376;Dem;0;2928;X;1;
l;3154568274592;51699360;;0;3757;X;1;
l;3162889774752;51869344;;0;11898;;2;
l;3155306412704;51657376;Dem;0;3771;X;1;
l;3155506923168;51677856;IG;0;36;;3;
l;3163895541408;51691168;GOP;1;7530;X;2;
l;3159869001376;51678880;GOP;1;9740;X;1;
l;3159869001376;51679904;Ind;0;1271;;2;
l;3159333003936;51699360;;0;7758;X;1;
l;3159668548256;51699360;;0;16855;X;1;
l;3162554231456;51870368;;0;26404;X;1;
l;3160675182240;51868320;;0;4720;X;1;
l;3164029750944;51678880;GOP;1;12560;X;1;
l;3159466337952;51662496;Dem;0;656;;1;
l;3157185460896;51667616;IG;0;1103;;3;
l;116125344;51874464;Dem;0;7032;;2;
l;3154366949024;51869344;;0;1940;;2;
l;3163292426912;51699360;;0;4046;X;1;
l;3163829238432;51657376;Dem;0;201906;X;1;
l;3156916209312;51676832;GOP;1;3386;X;2;
l;3155843283616;51666592;GOP;1;6715;;2;
l;3155977562784;51870368;;0;2786;X;1;
l;3159131617952;51657376;Dem;0;3747;X;1;
l;3162151578272;51870368;;0;1114;X;1;
l;3157051243168;51666592;GOP;1;6053;;2;
l;3161144945312;51871392;;0;3644;;2;
l;3162889775776;51870368;;0;14306;X;1;
l;3161816032928;51868320;;0;3081;X;1;
l;3158393420448;51667616;IG;0;51;;3;
l;3154635384480;51868320;;0;54022;X;1;
l;3154902951584;51687072;Dem;1;1415;X;1;
l;3154903819936;51869344;;0;793;;2;
l;3160070317728;51664544;GOP;1;16505;X;2;
l;3163157335712;51678880;GOP;1;6113;X;1;
l;3161144883872;51657376;Dem;0;9153;X;1;
l;3162420013728;51870368;;0;1217;X;1;
l;3155105146528;51869344;;0;2153;;2;
l;3158997400224;51667616;IG;0;108;;3;
l;3162688387744;51666592;GOP;1;504;;2;
l;115248800;51679904;Ind;0;24664;;2;
l;3155977561760;51869344;;0;1635;;2;
l;3161949365920;51662496;Dem;0;4501;;1;
l;3161613842080;51658400;Dem;0;3583;;1;
l;3154434058912;51871392;;0;1382;;2;
l;3154970868384;51657376;Dem;0;4438;X;1;
l;3162688387744;51667616;IG;0;6;;3;
l;3163090226848;51679904;Ind;0;5335;;2;
l;3154500292256;51679904;Ind;0;591;;2;
l;3160607188640;51664544;GOP;1;2858;X;2;
l;3161010726560;51869344;;0;1633;;2;
l;3161479612064;51677856;IG;0;116;;3;
l;3158125046432;51871392;;0;1463;;2;
l;3158393480864;51869344;;0;2163;;2;
l;3161748863648;51666592;GOP;1;1131;;2;
l;3155708260000;51692192;Lib;0;78;;3;
l;3157318864544;51680928;Ind;0;167;;3;
l;3158125044384;51700384;;0;1595;;2;
l;3162352037536;51693216;Ind;0;55;;4;
l;3157185522336;51870368;;0;64621;X;1;
l;3155104278176;51687072;Dem;1;5714;X;1;
l;3154903819936;51868320;;0;1040;X;1;
l;3157386787488;51666592;GOP;1;6987;;2;
l;3154434057888;51868320;;0;2242;X;1;
l;3163762129568;51667616;IG;0;1326;;3;
l;3162889774752;51868320;;0;13231;X;1;
l;3155172194976;51667616;IG;0;47;;3;
l;3158191277728;51676832;GOP;1;5238;X;2;
l;3162084407968;51666592;GOP;1;2943;;2;
l;3158259202720;51666592;GOP;1;2556;;2;
l;3156044670624;51869344;;0;2656;;2;
l;3163762191008;51871392;;0;32329;;2;
l;3157588174496;51868320;;0;3801;X;1;
l;3160742291104;51869344;;0;3359;;2;
l;3159467223712;51870368;;0;1515;X;1;
l;3159400053408;51657376;Dem;0;1741;X;1;
l;3156111779488;51869344;;0;1197;;2;
l;3163492880032;51678880;GOP;1;4054;X;1;
l;3157318864544;51678880;GOP;1;898;X;1;
l;115248800;51680928;Ind;0;25351;;3;
l;3155843343008;51700384;;0;3552;;2;
l;3163023120032;51682976;GOP;1;10190;X;2;
l;3157588173472;51700384;;0;2082;;2;
l;3163426646688;51870368;;0;70007;X;1;
l;3155507798688;51700384;;0;940;;2;
l;3162016485024;51679904;Ind;0;851;;2;
l;3158124160672;51664544;GOP;1;2617;X;2;
l;3156312221344;51662496;Dem;0;3715;;1;
l;3155977562784;51871392;;0;1385;;2;
l;3163493755552;51870368;;0;3728;X;1;
l;3162889773728;51699360;;0;15041;X;1;
l;3157789502112;51870368;;0;3747;X;1;
l;3162754678432;51672736;GOP;1;3286;X;1;
l;3159802765984;51699360;;0;6288;X;1;
l;3159333005984;51871392;;0;3466;;2;
l;3156917086880;51870368;;0;3034;X;1;
l;3156313107104;51870368;;0;12201;X;1;
l;3161681754784;51657376;Dem;0;3532;X;1;
l;3159063692960;51676832;GOP;1;3027;X;2;
l;3154568215200;51667616;IG;0;51;;3;
l;3159400114848;51871392;;0;1413;;2;
l;3163896409760;51873440;GOP;0;2324;X;1;
l;3159802767008;51868320;;0;4439;X;1;
l;3158393481888;51871392;;0;2139;;2;
l;3163963456160;51657376;Dem;0;13975;X;1;
l;3156313045664;51666592;GOP;1;12775;;2;
l;3161883140768;51700384;;0;477;;2;
l;3156581481120;51657376;Dem;0;7807;X;1;
l;3159936984736;51868320;;0;4976;X;1;
l;3162822666912;51871392;;0;1979;;2;
l;3161346270880;51868320;;0;3574;X;1;
l;3156849916576;51667616;IG;0;73;;3;
l;3162352037536;51691168;GOP;1;4676;X;2;
l;3158393420448;51666592;GOP;1;2722;;2;
l;3158527638176;51667616;IG;0;98;;3;
l;3157252629152;51700384;;0;3443;;2;
l;3155239363232;51699360;;0;12481;X;1;
l;3157990827680;51869344;;0;1253;;2;
l;115256992;51689120;Dem;0;98710;;1;
l;3157319678624;51666592;GOP;1;762;;2;
l;3162554229408;51699360;;0;24622;X;1;
l;3159869876896;51871392;;0;4760;;2;
l;3154299839136;51700384;;0;20741;;2;
l;3158192154272;51868320;;0;4234;X;1;
l;3155037161120;51677856;IG;0;29;;3;
l;3156581540512;51699360;;0;14770;X;1;
l;3158863243936;51870368;;0;3090;X;1;
l;3159869815456;51667616;IG;0;205;;3;
l;3160272528032;51700384;;0;1026;;2;
l;3159600565920;51679904;Ind;0;753;;2;
l;3159802765984;51700384;;0;897;;2;
l;3158124984992;51666592;GOP;1;2364;;2;
l;3160473795232;51667616;IG;0;113;;3;
l;3161345392288;51672736;GOP;1;4959;X;1;
l;3163359476384;51657376;Dem;0;11809;X;1;
l;3161681754784;51666592;GOP;1;1424;;2;
l;3159064569504;51868320;;0;2904;X;1;
l;3163627972256;51868320;;0;3872;X;1;
l;3160272468640;51657376;Dem;0;1534;X;1;
l;3162889714336;51657376;Dem;0;17453;X;1;
l;115252896;51685024;Dem;1;144471;X;1;
l;3156447324832;51870368;;0;4857;X;1;
l;3161547598496;51870368;;0;812;X;1;
l;3158124984992;51667616;IG;0;35;;3;
l;3162352903840;51869344;;0;2574;;2;
l;115240608;51668640;Dem;0;83476;;1;
l;3154970929824;51871392;;0;3992;;2;
l;3162554230432;51868320;;0;25434;X;1;
l;3154501167776;51870368;;0;5634;X;1;
l;3155709126304;51869344;;0;1831;;2;
l;3162822666912;51870368;;0;3009;X;1;
l;3157520180896;51665568;Ind;0;13;;3;
l;3156916209312;51675808;Dem;0;1831;;1;
l;3161883081376;51657376;Dem;0;853;X;1;
l;3159400053408;51666592;GOP;1;1593;;2;
l;3156782868128;51868320;;0;5568;X;1;
l;3160875638432;51686048;Ind;0;1269;;3;
l;3163963515552;51700384;;0;11389;;2;
l;116122272;51699360;;0;1325668;X;1;
l;3156379346592;51687072;Dem;1;3426;X;1;
l;3157923719840;51870368;;0;5382;X;1;
l;3163023993504;51870368;;0;37167;X;1;
l;3158661855904;51657376;Dem;0;2015;X;1;
l;3156380154528;51667616;IG;0;79;;3;
l;3161346269856;51700384;;0;1610;;2;
l;3158259264160;51871392;;0;1499;;2;
l;3159534330528;51699360;;0;23889;X;1;
l;3157051304608;51870368;;0;5854;X;1;
l;3162084469408;51871392;;0;1678;;2;
l;3157184648864;51684000;Ind;0;1171;;3;
l;3158593922720;51665568;Ind;0;55;;3;
l;3163895541408;51693216;Ind;0;109;;4;
l;3157252631200;51871392;;0;5273;;2;
l;3157587289760;51665568;Ind;0;72;;3;
l;3158125044384;51699360;;0;2325;X;1;
l;3156782869152;51870368;;0;5498;X;1;
l;3163359535776;51700384;;0;7685;;2;
l;3156781995680;51682976;GOP;1;5895;X;2;
l;3162755496608;51666592;GOP;1;1487;;2;
l;3162554231456;51871392;;0;16646;;2;
l;3160674313888;51688096;GOP;0;2570;;2;
l;3154434058912;51870368;;0;2348;X;1;
l;3157051302560;51699360;;0;7638;X;1;
l;3160809399968;51868320;;0;15207;X;1;
l;3157789440672;51667616;IG;0;62;;3;
l;3161412511392;51687072;Dem;1;1098;X;1;
l;3159601441440;51871392;;0;2320;;2;
l;3163292367520;51667616;IG;0;83;;3;
l;3155709065888;51666592;GOP;1;2700;;2;
l;3156044671648;51871392;;0;2345;;2;
l;3156715759264;51868320;;0;7156;X;1;
l;3161614645920;51666592;GOP;1;3451;;2;
l;3158728152736;51684000;Ind;0;162;;3;
l;3163359537824;51871392;;0;8732;;2;
l;3160004033184;51657376;Dem;0;2543;X;1;
l;3156984194720;51868320;;0;1305;X;1;
l;3159936983712;51699360;;0;7497;X;1;
l;3161748924064;51869344;;0;943;;2;
l;3157319678624;51667616;IG;0;17;;3;
l;3156111778464;51699360;;0;1904;X;1;
l;3163023120032;51684000;Ind;0;373;;3;
l;3156514372256;51666592;GOP;1;10898;;2;
l;3161547598496;51871392;;0;435;;2;
l;3158057935520;51700384;;0;1554;;2;
l;3155977560736;51700384;;0;749;;2;
l;3163828434592;51694240;GOP;1;88536;X;2;
l;3155909576352;51677856;IG;0;24;;3;
l;3162755496608;51657376;Dem;0;5944;X;1;
l;3163023991456;51700384;;0;36732;;2;
l;3156312239776;51692192;Lib;0;104;;3;
l;3159533457056;51678880;GOP;1;22661;X;1;
l;3160674313888;51687072;Dem;1;7300;X;1;
l;3156043792032;51672736;GOP;1;5750;X;1;
l;3157118413472;51871392;;0;12081;;2;
l;3160473795232;51666592;GOP;1;5684;;2;
l;3162755557024;51868320;;0;4648;X;1;
l;3157185520288;51700384;;0;48622;;2;
l;3160608072352;51700384;;0;1546;;2;
l;3155976693408;51688096;GOP;0;1378;;2;
l;3157050427040;51676832;GOP;1;6516;X;2;
l;3155105086112;51657376;Dem;0;3696;X;1;
l;3161950190240;51666592;GOP;1;14528;;2;
l;3161076960928;51679904;Ind;0;152;;2;
l;3154634514080;51661472;GOP;0;20158;;2;
l;116125344;51873440;GOP;0;7893;X;1;
l;3160809400992;51870368;;0;14230;X;1;
l;3160339637920;51869344;;0;1263;;2;
l;3157319739040;51869344;;0;411;;2;
l;3158930291360;51657376;Dem;0;6545;X;1;
l;3157185460896;51666592;GOP;1;49545;;2;
l;3154634514080;51685024;Dem;1;49541;X;1;
l;3156380154528;51657376;Dem;0;2234;X;1;
l;3154970054304;51678880;GOP;1;9899;X;1;
l;3160875638432;51661472;GOP;0;13103;;2;
l;3157722391200;51700384;;0;2261;;2;
l;3159869815456;51666592;GOP;1;8754;;2;
l;3161144944288;51869344;;0;3745;;2;
l;3160675121824;51667616;IG;0;62;;3;
l;3163493753504;51700384;;0;2316;;2;
l;3154903818912;51700384;;0;399;;2;
l;3162755556000;51699360;;0;2519;X;1;
l;3154835834528;51677856;IG;0;138;;3;
l;3160406746784;51868320;;0;6205;X;1;
l;3163157335712;51680928;Ind;0;568;;3;
l;3160272528032;51699360;;0;1632;X;1;
l;3160339577504;51667616;IG;0;52;;3;
l;3157922846368;51681952;Dem;0;3387;;1;
l;3154299779744;51666592;GOP;1;14906;;2;
l;3159467162272;51667616;IG;0;25;;3;
l;3160876509856;51870368;;0;31433;X;1;
l;3160876507808;51699360;;0;13213;X;1;
l;3161748045472;51673760;IG;0;565;;2;
l;3158259262112;51700384;;0;1672;;2;
l;3155843344032;51869344;;0;3762;;2;
l;3162621278880;51657376;Dem;0;31795;X;1;
l;3162688449184;51870368;;0;634;X;1;
l;3159668550304;51870368;;0;13376;X;1;
l;3159534331552;51868320;;0;22565;X;1;
l;3157319740064;51871392;;0;454;;2;
l;3154568275616;51868320;;0;2848;X;1;
l;3158930352800;51870368;;0;11083;X;1;
l;3157923658400;51667616;IG;0;147;;3;
l;3163091040928;51657376;Dem;0;14816;X;1;
l;3158326311584;51666592;GOP;1;11598;;2;
l;3158594747040;51667616;IG;0;40;;3;
l;3160675183264;51871392;;0;2785;;2;
l;3160338759328;51672736;GOP;1;1984;X;1;
l;3163560864416;51870368;;0;2155;X;1;
l;3157856610976;51871392;;0;32445;;2;
l;3161949367968;51669664;GOP;1;7307;X;2;
l;3163091101344;51869344;;0;9389;;2;
l;3160943557280;51666592;GOP;1;1048;;2;
l;3160004092576;51699360;;0;3716;X;1;
l;3154768727712;51678880;GOP;1;1290;X;1;
l;3155305600672;51684000;Ind;0;93;;3;
l;3158326372000;51868320;;0;14853;X;1;
l;3160339577504;51666592;GOP;1;1504;;2;
l;3163023992480;51868320;;0;31502;X;1;
l;3162150702752;51679904;Ind;0;271;;2;
l;3161346269856;51699360;;0;4267;X;1;
l;3156714874528;51662496;Dem;0;3381;;1;
l;3155172256416;51871392;;0;1717;;2;
l;3159936983712;51700384;;0;1634;;2;
l;3156513556128;51677856;IG;0;172;;3;
l;3157789500064;51700384;;0;816;;2;
l;3157655284384;51870368;;0;3043;X;1;
l;3156580675232;51689120;Dem;0;6462;;1;
l;3160675183264;51870368;;0;5710;X;1;
l;3159333003936;51700384;;0;3176;;2;
l;3159131679392;51871392;;0;3582;;2;
l;3161547537056;51657376;Dem;0;820;X;1;
l;3163829297824;51700384;;0;181794;;2;
l;3154635324064;51666592;GOP;1;19194;;2;
l;3159333005984;51870368;;0;6656;X;1;
l;3155440690848;51869344;;0;1050;;2;
l;3157856608928;51700384;;0;35878;;2;
l;3160876507808;51700384;;0;30899;;2;
l;3161412511392;51688096;GOP;0;251;;2;
l;3157051243168;51657376;Dem;0;4078;X;1;
l;3163896347296;51667616;IG;0;1120;;3;
l;3156782807712;51657376;Dem;0;3388;X;1;
l;116123296;51869344;;0;762932;;2;
l;3154366948000;51699360;;0;3733;X;1;
l;3160943616672;51700384;;0;642;;2;
l;3157587289760;51664544;GOP;1;4138;X;2;
l;3157050427040;51675808;Dem;0;3677;;1;
l;3160741422752;51687072;Dem;1;5631;X;1;
l;3156984134304;51667616;IG;0;20;;3;
l;3155306473120;51869344;;0;2833;;2;
l;3157386847904;51869344;;0;4502;;2;
l;3162621339296;51869344;;0;20046;;2;
l;3163493755552;51871392;;0;1719;;2;
l;3158325503648;51688096;GOP;0;7089;;2;
l;115259040;51658400;Dem;0;102334;;1;
l;3156782807712;51667616;IG;0;106;;3;
l;3156514372256;51667616;IG;0;257;;3;
l;3162420011680;51699360;;0;1273;X;1;
l;3158527697568;51700384;;0;1729;;2;
l;3154434056864;51700384;;0;1092;;2;
l;3156447322784;51700384;;0;3611;;2;
l;3160070330016;51681952;Dem;0;1885;;1;
l;3163560802976;51667616;IG;0;38;;3;
l;3155238487712;51676832;GOP;1;12431;X;2;
l;3158729026208;51870368;;0;5441;X;1;
l;3158258378400;51662496;Dem;0;1308;;1;
l;3160406745760;51700384;;0;1615;;2;
l;3158057064096;51681952;Dem;0;1529;;1;
l;3163023992480;51869344;;0;18620;;2;
l;3158057876128;51666592;GOP;1;2607;;2;
l;3155709127328;51870368;;0;3057;X;1;
l;3160339638944;51871392;;0;1056;;2;
l;3161614706336;51868320;;0;5125;X;1;
l;3157856549536;51666592;GOP;1;39169;;2;
l;3156917084832;51699360;;0;3396;X;1;
l;3161077835424;51868320;;0;972;X;1;
l;3163895522976;51664544;GOP;1;3817;X;2;
l;115256992;51693216;Ind;0;1899;;4;
l;3155976693408;51687072;Dem;1;3859;X;1;
l;3155709065888;51657376;Dem;0;2463;X;1;
l;3161815972512;51667616;IG;0;94;;3;
l;3161212054176;51871392;;0;25731;;2;
l;3160540964512;51868320;;0;8923;X;1;
l;3154836711072;51869344;;0;8439;;2;
l;3155373583008;51870368;;0;5239;X;1;
l;3156781995680;51684000;Ind;0;148;;3;
l;3158796073632;51666592;GOP;1;4358;;2;
l;3154836712096;51871392;;0;7513;;2;
l;3161883141792;51869344;;0;549;;2;
l;3155239364256;51868320;;0;10121;X;1;
l;3160003215008;51672736;GOP;1;3831;X;1;
l;3159735659168;51870368;;0;2863;X;1;
l;3159400113824;51868320;;0;1914;X;1;
l;3154702432928;51657376;Dem;0;7086;X;1;
l;3163762189984;51869344;;0;33467;;2;
l;3159735597728;51667616;IG;0;30;;3;
l;3158192153248;51700384;;0;1872;;2;
l;3160473856672;51871392;;0;3540;;2;
l;3156447322784;51699360;;0;4637;X;1;
l;3163493753504;51699360;;0;3546;X;1;
l;3154903818912;51699360;;0;1632;X;1;
l;3158393480864;51868320;;0;3220;X;1;
l;3154299839136;51699360;;0;14549;X;1;
l;3155038037664;51869344;;0;1513;;2;
l;3157789500064;51699360;;0;5743;X;1;
l;3161480487584;51700384;;0;3036;;2;
l;3156917086880;51871392;;0;1762;;2;
l;3163158149792;51667616;IG;0;97;;3;
l;3161144067744;51677856;IG;0;102;;3;
l;3160809339552;51667616;IG;0;244;;3;
l;3162017360544;51870368;;0;4972;X;1;
l;3161077834400;51700384;;0;509;;2;
l;3157453072032;51665568;Ind;0;308;;3;
l;3157990826656;51699360;;0;2465;X;1;
l;3160406745760;51699360;;0;9903;X;1;
l;3162956823200;51657376;Dem;0;1882;X;1;
l;3161748863648;51667616;IG;0;26;;3;
l;3154836710048;51699360;;0;17463;X;1;
l;3161480428192;51667616;IG;0;124;;3;
l;3156446447264;51675808;Dem;0;3501;;1;
l;3163761311392;51673760;IG;0;10964;;2;
l;3159400113824;51869344;;0;1209;;2;
l;3160473855648;51869344;;0;3566;;2;
l;3155373581984;51868320;;0;4913;X;1;
l;3163426585248;51667616;IG;0;1397;;3;
l;3158191277728;51675808;Dem;0;2887;;1;
l;3154836650656;51667616;IG;0;267;;3;
l;3155910453920;51871392;;0;1023;;2;
l;3157051303584;51868320;;0;5381;X;1;
l;3159400053408;51667616;IG;0;34;;3;
l;3156313106080;51868320;;0;12711;X;1;
l;3161883142816;51870368;;0;1152;X;1;
l;3163896408736;51871392;;0;28808;;2;
l;3163560802976;51666592;GOP;1;1375;;2;
l;3162620456608;51668640;Dem;0;10657;;1;
l;3159869815456;51657376;Dem;0;4865;X;1;
l;3158796134048;51869344;;0;2433;;2;
l;3159936985760;51870368;;0;5423;X;1;
l;3155977560736;51699360;;0;4290;X;1;
l;3163425762976;51669664;GOP;1;64011;X;2;
l;3161748923040;51700384;;0;803;;2;
l;3154701618848;51680928;Ind;0;1919;;3;
l;3158729025184;51869344;;0;3432;;2;
l;3161212053152;51868320;;0;36362;X;1;
l;3162554229408;51700384;;0;20159;;2;
l;3156110894752;51662496;Dem;0;990;;1;
l;3160675121824;51666592;GOP;1;5224;;2;
l;3154500292256;51678880;GOP;1;6452;X;1;
l;3155909576352;51675808;Dem;0;975;;1;
l;3163627105952;51691168;GOP;1;3998;X;2;
l;3160742290080;51699360;;0;6705;X;1;
l;115256992;51691168;GOP;1;137956;X;2;
l;3158593922720;51664544;GOP;1;3448;X;2;
l;3159064568480;51699360;;0;3241;X;1;
l;3162621278880;51666592;GOP;1;16847;;2;
l;3154298963616;51676832;GOP;1;16056;X;2;
l;3154232670880;51667616;IG;0;122;;3;
l;3159735658144;51869344;;0;2798;;2;
l;3157185522336;51871392;;0;29522;;2;
l;3157319738016;51700384;;0;370;;2;
l;3163627105952;51689120;Dem;0;2494;;1;
l;3154366950048;51871392;;0;1532;;2;
l;3163560802976;51657376;Dem;0;2066;X;1;
l;3157251753632;51677856;IG;0;55;;3;
l;3156648589984;51666592;GOP;1;3068;;2;
l;3162420014752;51874464;Dem;0;989;;2;
l;3155910453920;51870368;;0;1685;X;1;
l;3157722393248;51871392;;0;1684;;2;
l;3156715698848;51666592;GOP;1;7129;;2;
l;3155105146528;51868320;;0;3006;X;1;
l;3158796073632;51657376;Dem;0;2813;X;1;
l;3157184648864;51682976;GOP;1;48166;X;2;
l;3161883140768;51699360;;0;1259;X;1;
l;3156648650400;51868320;;0;2936;X;1;
l;3157923718816;51868320;;0;5191;X;1;
l;3157251761824;51688096;GOP;0;1980;;2;
l;3154702432928;51667616;IG;0;234;;3;
l;3159735597728;51666592;GOP;1;4192;;2;
l;3159936924320;51666592;GOP;1;5691;;2;
l;3164030626464;51870368;;0;12999;X;1;
l;3159667674784;51678880;GOP;1;18385;X;1;
l;3155038036640;51700384;;0;1945;;2;
l;3162017359520;51868320;;0;4864;X;1;
l;3155709125280;51700384;;0;2137;;2;
l;3158930291360;51667616;IG;0;95;;3;
l;3157588174496;51869344;;0;1951;;2;
l;3154835834528;51675808;Dem;0;3716;;1;
l;3163895522976;51665568;Ind;0;134;;3;
l;3156714874528;51664544;GOP;1;8273;X;2;
l;3155305588384;51665568;Ind;0;40;;3;
l;3161613842080;51694240;GOP;1;4372;X;2;
l;3157051303584;51869344;;0;3606;;2;
l;3162084468384;51868320;;0;2889;X;1;
l;3157922846368;51684000;Ind;0;167;;3;
l;3158460529312;51657376;Dem;0;2308;X;1;
l;3164030625440;51868320;;0;12009;X;1;
l;3162419146400;51692192;Lib;0;21;;3;
l;3160742292128;51870368;;0;5353;X;1;
l;3160808515232;51662496;Dem;0;6932;;1;
l;3158393479840;51700384;;0;2779;;2;
l;3156917025440;51657376;Dem;0;1955;X;1;
l;3160943557280;51667616;IG;0;23;;3;
l;3162487061152;51657376;Dem;0;2211;X;1;
l;3156849916576;51657376;Dem;0;2203;X;1;
l;3163627972256;51869344;;0;2277;;2;
l;3154232731296;51869344;;0;3339;;2;
l;3159064569504;51869344;;0;1716;;2;
l;3161950251680;51871392;;0;14764;;2;
l;3163158149792;51666592;GOP;1;5007;;2;
l;3158929475232;51677856;IG;0;181;;3;
l;3158192093856;51666592;GOP;1;4815;;2;
l;3155239365280;51870368;;0;10989;X;1;
l;3155305600672;51682976;GOP;1;1768;X;2;
l;115240608;51669664;GOP;1;88364;X;2;
l;3155776235168;51869344;;0;733;;2;
l;3156647782048;51687072;Dem;1;4126;X;1;
l;3163493754528;51868320;;0;3708;X;1;
l;3159064570528;51871392;;0;1657;;2;
l;3160809339552;51666592;GOP;1;13760;;2;
l;3155910392480;51666592;GOP;1;1757;;2;
l;3162553345696;51662496;Dem;0;7748;;1;
l;3158661915296;51700384;;0;1240;;2;
l;3154768727712;51680928;Ind;0;179;;3;
l;3156111778464;51700384;;0;1143;;2;
l;3156581540512;51700384;;0;6430;;2;
l;3161212052128;51699360;;0;42349;X;1;
l;3155306472096;51699360;;0;3972;X;1;
l;3163963515552;51699360;;0;20680;X;1;
l;3162822605472;51657376;Dem;0;1569;X;1;
l;3156513556128;51675808;Dem;0;5058;;1;
l;3157521066656;51870368;;0;1407;X;1;
l;3157722331808;51666592;GOP;1;2928;;2;
l;3157721507488;51664544;GOP;1;3251;X;2;
l;3159467221664;51700384;;0;736;;2;
l;3156514433696;51870368;;0;10297;X;1;
l;3157588175520;51871392;;0;2506;;2;
l;3162352843424;51667616;IG;0;104;;3;
l;3162419146400;51691168;GOP;1;1087;X;2;
l;3160607188640;51662496;Dem;0;1909;;1;
l;3160943618720;51870368;;0;1097;X;1;
l;3161950190240;51667616;IG;0;487;;3;
l;115252896;51661472;GOP;0;68994;;2;
l;3163560864416;51871392;;0;1052;;2;
l;3163023993504;51871392;;0;13579;;2;
l;3164030565024;51667616;IG;0;186;;3;
l;3156715698848;51667616;IG;0;173;;3;
l;3154970868384;51666592;GOP;1;8187;;2;
l;3161413379744;51868320;;0;888;X;1;
l;3159802768032;51870368;;0;4800;X;1;
l;3155239303840;51667616;IG;0;187;;3;
l;3157118412448;51868320;;0;24075;X;1;
l;3154970054304;51679904;Ind;0;1316;;2;
l;3157588114080;51666592;GOP;1;3577;;2;
l;3158527697568;51699360;;0;2383;X;1;
l;3161346271904;51870368;;0;3705;X;1;
l;3163963517600;51871392;;0;14798;;2;
l;3162956884640;51871392;;0;1036;;2;
l;3161815148192;51664544;GOP;1;2606;X;2;
l;3163158209184;51700384;;0;5612;;2;
l;3154568274592;51700384;;0;1213;;2;
l;3154769603232;51871392;;0;636;;2;
l;3160070330016;51684000;Ind;0;137;;3;
l;3161816033952;51871392;;0;1872;;2;
l;3158594808480;51870368;;0;3026;X;1;
l;3154702432928;51666592;GOP;1;16084;;2;
l;3160540963488;51700384;;0;3685;;2;
l;3163627971232;51700384;;0;2862;;2;
l;3162486245024;51675808;Dem;0;1580;;1;
l;3161614645920;51667616;IG;0;95;;3;
l;3157856609952;51868320;;0;47840;X;1;
l;3160272530080;51870368;;0;1616;X;1;
l;3155776236192;51870368;;0;1161;X;1;
l;3159466337952;51665568;Ind;0;41;;3;
l;3156849975968;51700384;;0;1074;;2;
l;3162956882592;51699360;;0;1919;X;1;
l;3155037977248;51657376;Dem;0;2676;X;1;
l;3160942741152;51675808;Dem;0;728;;1;
l;3156044610208;51666592;GOP;1;4495;;2;
l;3154970929824;51870368;;0;7975;X;1;
l;3156111719072;51657376;Dem;0;1444;X;1;
l;3158930351776;51869344;;0;7300;;2;
l;3161950249632;51699360;;0;21176;X;1;
l;3156917084832;51700384;;0;1869;;2;
l;3159533463200;51687072;Dem;1;3924;X;1;
l;3162084468384;51869344;;0;1938;;2;
l;3156984134304;51657376;Dem;0;1729;X;1;
l;3154702494368;51871392;;0;6435;;2;
l;3157855743648;51693216;Ind;0;706;;4;
l;115254944;51688096;GOP;0;61615;;2;
l;3157655283360;51869344;;0;2102;;2;
l;3162822665888;51868320;;0;3347;X;1;
l;3156849108640;51688096;GOP;0;2641;;2;
l;3163292427936;51868320;;0;3657;X;1;
l;3160809339552;51657376;Dem;0;9368;X;1;
l;3157453957792;51871392;;0;8603;;2;
l;3154299840160;51869344;;0;10463;;2;
l;3162821781152;51665568;Ind;0;80;;3;
l;3163359535776;51699360;;0;14602;X;1;
l;3159534271136;51667616;IG;0;435;;3;
l;3154769601184;51699360;;0;1242;X;1;
l;3154635324064;51657376;Dem;0;52976;X;1;
l;3160608072352;51699360;;0;3099;X;1;
l;3161614705312;51700384;;0;4212;;2;
l;3159601380000;51657376;Dem;0;3202;X;1;
l;3161479612064;51676832;GOP;1;6899;X;2;
l;3160004093600;51868320;;0;2868;X;1;
l;3159333004960;51869344;;0;4138;;2;
l;3156984195744;51871392;;0;1178;;2;
l;3163359537824;51870368;;0;12436;X;1;
l;3157923717792;51700384;;0;3380;;2;
l;3159064509088;51666592;GOP;1;2771;;2;
l;3161883081376;51667616;IG;0;19;;3;
l;3157990767264;51666592;GOP;1;2047;;2;
l;3154501106336;51657376;Dem;0;3974;X;1;
l;3154232732320;51871392;;0;3618;;2;
l;3158997460640;51869344;;0;2998;;2;
l;3155037159072;51673760;IG;0;212;;2;
l;3162352904864;51870368;;0;5070;X;1;
l;3164030565024;51666592;GOP;1;10252;;2;
l;3158392604320;51676832;GOP;1;2824;X;2;
l;3162755496608;51667616;IG;0;95;;3;
l;3155776236192;51871392;;0;734;;2;
l;3161680944800;51685024;Dem;1;3353;X;1;
l;3161547596448;51700384;;0;500;;2;
l;3163091040928;51666592;GOP;1;10766;;2;
l;3158057936544;51868320;;0;2542;X;1;
l;3163761317536;51684000;Ind;0;817;;3;
l;3159735597728;51657376;Dem;0;4361;X;1;
l;3161212054176;51870368;;0;35170;X;1;
l;3159802706592;51666592;GOP;1;4543;;2;
l;3158460590752;51871392;;0;2259;;2;
l;3155843345056;51870368;;0;6303;X;1;
l;3161211992736;51667616;IG;0;708;;3;
l;3155843343008;51699360;;0;7503;X;1;
l;3159869874848;51699360;;0;9845;X;1;
l;3162621339296;51868320;;0;25543;X;1;
l;3162889714336;51667616;IG;0;309;;3;
l;3156312221344;51664544;GOP;1;6753;X;2;
l;3162688447136;51700384;;0;244;;2;
l;3156714874528;51665568;Ind;0;172;;3;
l;3154568275616;51869344;;0;1747;;2;
l;3163560863392;51869344;;0;942;;2;
l;3157990827680;51868320;;0;1829;X;1;
l;3155038037664;51868320;;0;2810;X;1;
l;3158057937568;51871392;;0;1567;;2;
l;3156580675232;51692192;Lib;0;204;;3;
l;3159667674784;51680928;Ind;0;2272;;3;
l;3158997459616;51700384;;0;3091;;2;
l;3157453896352;51667616;IG;0;227;;3;
l;3161077836448;51871392;;0;506;;2;
l;3163158211232;51871392;;0;2988;;2;
l;3162017299104;51657376;Dem;0;3947;X;1;
l;3154366888608;51667616;IG;0;64;;3;
l;3159534332576;51870368;;0;23514;X;1;
l;3160071202464;51869344;;0;10210;;2;
l;3162419952288;51667616;IG;0;25;;3;
l;3157588173472;51699360;;0;3915;X;1;
l;3163023932064;51667616;IG;0;688;;3;
l;3157251753632;51675808;Dem;0;3159;;1;
l;3154836650656;51657376;Dem;0;8054;X;1;
l;3157118412448;51869344;;0;11834;;2;
l;3163896408736;51870368;;0;50562;X;1;
l;3162420012704;51868320;;0;1209;X;1;
l;3154635385504;51871392;;0;19366;;2;
l;3161144944288;51868320;;0;6920;X;1;
l;3156984134304;51666592;GOP;1;1316;;2;
l;3163828428448;51661472;GOP;0;34261;;2;
l;3158796133024;51700384;;0;1735;;2;
l;3158996582048;51672736;GOP;1;7767;X;1;
l;3156715758240;51700384;;0;4380;;2;
l;3158862374560;51687072;Dem;1;3525;X;1;
l;3160071142048;51657376;Dem;0;13204;X;1;
l;3156715760288;51871392;;0;4466;;2;
l;3161614706336;51869344;;0;2472;;2;
l;3163762188960;51700384;;0;45426;;2;
l;3163829297824;51699360;;0;153813;X;1;
l;3155172254368;51700384;;0;1658;;2;
l;115259040;51695264;IG;0;2036;;3;
l;3155440691872;51870368;;0;1354;X;1;
l;3155037161120;51676832;GOP;1;1557;X;2;
l;3156447263392;51657376;Dem;0;3837;X;1;
l;3157118352032;51667616;IG;0;339;;3;
l;3154366074528;51679904;Ind;0;197;;2;
l;3156447263392;51666592;GOP;1;4512;;2;
l;3158795261600;51682976;GOP;1;4424;X;2;
l;3162352905888;51873440;GOP;0;4602;X;1;
l;3160808515232;51665568;Ind;0;310;;3;
l;3154769603232;51870368;;0;910;X;1;
l;3162084407968;51667616;IG;0;64;;3;
l;3161546718880;51672736;GOP;1;1068;X;1;
l;3157252629152;51699360;;0;12432;X;1;
l;3158728152736;51681952;Dem;0;3453;;1;
l;3163493754528;51869344;;0;1717;;2;
l;3161413319328;51667616;IG;0;30;;3;
l;3161547597472;51868320;;0;728;X;1;
l;3162822664864;51700384;;0;1859;;2;
l;3163828428448;51685024;Dem;1;61495;X;1;
l;3158057064096;51684000;Ind;0;101;;3;
l;3154299840160;51868320;;0;22344;X;1;
l;3155373521568;51667616;IG;0;135;;3;
l;3158929475232;51675808;Dem;0;5793;;1;
l;3157588114080;51657376;Dem;0;2419;X;1;
l;3155105147552;51870368;;0;3216;X;1;
l;3155306472096;51700384;;0;3196;;2;
l;3162687579808;51687072;Dem;1;854;X;1;
l;3163292428960;51870368;;0;4616;X;1;
l;3158192093856;51657376;Dem;0;3309;X;1;
l;3157788632736;51687072;Dem;1;4966;X;1;
l;3163829298848;51869344;;0;84820;;2;
l;3158997400224;51657376;Dem;0;2727;X;1;
l;3163091100320;51699360;;0;13958;X;1;
l;3159869875872;51868320;;0;7960;X;1;
l;3163492880032;51680928;Ind;0;798;;3;
l;3154835836576;51679904;Ind;0;835;;2;
l;3156313105056;51699360;;0;13924;X;1;
l;3162151578272;51871392;;0;532;;2;
l;3161077775008;51667616;IG;0;23;;3;
l;3158526815904;51669664;GOP;1;1834;X;2;
l;3161681816224;51871392;;0;1511;;2;
l;3163559978656;51664544;GOP;1;1709;X;2;
l;3161144943264;51700384;;0;8942;;2;
l;3161010725536;51700384;;0;1201;;2;
l;3160473795232;51657376;Dem;0;4362;X;1;
l;3157118413472;51870368;;0;24228;X;1;
l;3163895543456;51695264;IG;0;679;;3;
l;3163627105952;51692192;Lib;0;58;;3;
l;3157386848928;51870368;;0;6683;X;1;
l;3156312239776;51689120;Dem;0;3916;;1;
l;3157453072032;51662496;Dem;0;9313;;1;
l;3158326370976;51699360;;0;12497;X;1;
l;3158796133024;51699360;;0;4879;X;1;
l;3160540965536;51871392;;0;4870;;2;
l;3156111779488;51868320;;0;1636;X;1;
l;3162487061152;51667616;IG;0;35;;3;
l;3162419146400;51689120;Dem;0;840;;1;
l;3158997461664;51871392;;0;3071;;2;
l;3155977501344;51657376;Dem;0;2960;X;1;
l;3159668549280;51868320;;0;13482;X;1;
l;3157856549536;51657376;Dem;0;40326;X;1;
l;3163426585248;51666592;GOP;1;64828;;2;
l;115250848;51681952;Dem;0;87272;;1;
l;3156514372256;51657376;Dem;0;6785;X;1;
l;3158326373024;51871392;;0;7365;;2;
l;3161680944800;51661472;GOP;0;1472;;2;
l;3161346210464;51667616;IG;0;87;;3;
l;3158527698592;51868320;;0;2247;X;1;
l;3156380214944;51869344;;0;2065;;2;
l;3161009858208;51687072;Dem;1;3071;X;1;
l;3158460589728;51869344;;0;2399;;2;
l;3157453896352;51666592;GOP;1;13832;;2;
l;3162420013728;51871392;;0;662;;2;
l;3159668488864;51667616;IG;0;251;;3;
l;3159064509088;51657376;Dem;0;2519;X;1;
l;3159601439392;51700384;;0;2865;;2;
l;3161480489632;51870368;;0;7188;X;1;
l;3163359476384;51667616;IG;0;223;;3;
l;3163426585248;51657376;Dem;0;57631;X;1;
l;3155506923168;51676832;GOP;1;2613;X;2;
l;3156581481120;51667616;IG;0;253;;3;
l;3158460590752;51870368;;0;4022;X;1;
l;3159869001376;51680928;Ind;0;1970;;3;
l;3159400112800;51699360;;0;1861;X;1;
l;115244704;51673760;IG;0;46344;;2;
l;3162486245024;51677856;IG;0;26;;3;
l;3158930291360;51666592;GOP;1;12913;;2;
l;3162889714336;51666592;GOP;1;9527;;2;
l;3154366950048;51870368;;0;3514;X;1;
l;3160071203488;51871392;;0;11290;;2;
l;3154635383456;51700384;;0;52876;;2;
l;3157654398624;51664544;GOP;1;3817;X;2;
l;3155775366816;51688096;GOP;0;641;;2;
l;3160942741152;51677856;IG;0;23;;3;
l;3155440630432;51657376;Dem;0;1514;X;1;
l;3163158209184;51699360;;0;8266;X;1;
l;3155910452896;51869344;;0;1175;;2;
l;3163627971232;51699360;;0;3691;X;1;
l;3157655283360;51868320;;0;2847;X;1;
l;3161144945312;51870368;;0;7128;X;1;
l;3162956883616;51869344;;0;1226;;2;
l;3159936116384;51687072;Dem;1;5690;X;1;
l;3161681815200;51869344;;0;1270;;2;
l;3158527638176;51666592;GOP;1;1860;;2;
l;3159332944544;51667616;IG;0;175;;3;
l;3159533457056;51680928;Ind;0;2565;;3;
l;3154970928800;51868320;;0;7750;X;1;
l;3157051304608;51871392;;0;3384;;2;
l;3160875638432;51685024;Dem;1;30082;X;1;
l;3159735657120;51699360;;0;7088;X;1;
l;3162822665888;51869344;;0;1622;;2;
l;3163426645664;51868320;;0;74194;X;1;
l;3158997400224;51666592;GOP;1;7047;;2;
l;3155507800736;51870368;;0;2382;X;1;
l;3158796135072;51870368;;0;3926;X;1;
l;3164029750944;51679904;Ind;0;1561;;2;
l;3163292426912;51700384;;0;3113;;2;
l;3157319739040;51868320;;0;742;X;1;
l;3154702492320;51700384;;0;6119;;2;
l;115246752;51675808;Dem;0;84206;;1;
l;3158661916320;51869344;;0;1572;;2;
l;3163090226848;51680928;Ind;0;3003;;3;
l;3154500292256;51680928;Ind;0;2080;;3;
l;3157588114080;51667616;IG;0;75;;3;
l;3163091102368;51870368;;0;16208;X;1;
l;3160876508832;51868320;;0;32031;X;1;
l;3157453956768;51868320;;0;17039;X;1;
l;3155708260000;51693216;Ind;0;46;;4;
l;3161748045472;51672736;GOP;1;1661;X;1;
l;3158259202720;51667616;IG;0;50;;3;
l;3162554170016;51667616;IG;0;566;;3;
l;3160004094624;51871392;;0;1969;;2;
l;3162017299104;51667616;IG;0;91;;3;
l;3154366888608;51657376;Dem;0;2818;X;1;
l;3157252630176;51869344;;0;5580;;2;
l;3160472989344;51693216;Ind;0;114;;4;
l;3156782867104;51699360;;0;4877;X;1;
l;3159131678368;51869344;;0;3986;;2;
l;3158057876128;51657376;Dem;0;1864;X;1;
l;3161748925088;51871392;;0;908;;2;
l;3154501167776;51871392;;0;3533;;2;
l;3163896347296;51666592;GOP;1;42120;;2;
l;3155172194976;51657376;Dem;0;1995;X;1;
l;3155105086112;51667616;IG;0;52;;3;
l;3159936984736;51869344;;0;3133;;2;
l;3158326311584;51657376;Dem;0;12477;X;1;
l;3158930350752;51700384;;0;3671;;2;
l;3159332944544;51657376;Dem;0;4616;X;1;
l;3155776234144;51700384;;0;506;;2;
l;3163829299872;51871392;;0;102147;;2;
l;3160405878432;51687072;Dem;1;8438;X;1;
l;3155305588384;51662496;Dem;0;1466;;1;
l;3160071142048;51666592;GOP;1;17935;;2;
l;3164030625440;51869344;;0;6212;;2;
l;3162621338272;51699360;;0;22368;X;1;
l;3159131617952;51667616;IG;0;94;;3;
l;3162352037536;51692192;Lib;0;91;;3;
l;3163023120032;51681952;Dem;0;9319;;1;
l;3155306474144;51870368;;0;3809;X;1;
l;3157252631200;51870368;;0;8803;X;1;
l;3157923658400;51657376;Dem;0;4131;X;1;
l;3162016485024;51680928;Ind;0;1428;;3;
l;3161547596448;51699360;;0;787;X;1;
l;3161211992736;51666592;GOP;1;33750;;2;
l;3162084469408;51870368;;0;3298;X;1;
l;3157117540000;51682976;GOP;1;28560;X;2;
l;3162151516832;51666592;GOP;1;651;;2;
l;3159131677344;51700384;;0;3229;;2;
l;3160742291104;51868320;;0;4815;X;1;
l;3162352843424;51666592;GOP;1;4301;;2;
l;3154567399072;51676832;GOP;1;3495;X;2;
l;3154501106336;51667616;IG;0;111;;3;
l;3159400114848;51870368;;0;1745;X;1;
l;3162419952288;51657376;Dem;0;948;X;1;
l;3159735657120;51700384;;0;1163;;2;
l;3160272529056;51868320;;0;1445;X;1;
l;3155507739296;51667616;IG;0;52;;3;
l;3154701618848;51679904;Ind;0;2177;;2;
l;3163292367520;51657376;Dem;0;3429;X;1;
l;3157521064608;51700384;;0;822;;2;
l;3156380154528;51666592;GOP;1;3106;;2;
l;3155440689824;51700384;;0;1201;;2;
l;3157855743648;51691168;GOP;1;46071;X;2;
l;3162352905888;51874464;Dem;0;3731;;2;
l;3155843344032;51868320;;0;6662;X;1;
l;3157385969312;51673760;IG;0;2767;;2;
l;3163761317536;51681952;Dem;0;18782;;1;
l;3157185521312;51868320;;0;60175;X;1;
l;3154231848608;51669664;GOP;1;4796;X;2;
l;3163493694112;51667616;IG;0;70;;3;
l;3162017360544;51871392;;0;2166;;2;
l;3159130799776;51672736;GOP;1;3235;X;1;
l;3159467162272;51657376;Dem;0;940;X;1;
l;3161010726560;51868320;;0;2565;X;1;
l;3159467223712;51871392;;0;754;;2;
l;3154501106336;51666592;GOP;1;5739;;2;
l;3158259263136;51868320;;0;2498;X;1;
l;3161949365920;51665568;Ind;0;118;;3;
l;3160071201440;51700384;;0;10562;;2;
l;3157655282336;51699360;;0;3174;X;1;
l;3154232730272;51700384;;0;2983;;2;
l;3163091102368;51871392;;0;7507;;2;
l;3155171378848;51676832;GOP;1;2591;X;2;
l;3160943557280;51657376;Dem;0;868;X;1;
l;3158258378400;51665568;Ind;0;52;;3;
l;3160943616672;51699360;;0;1149;X;1;
l;116124320;51871392;;0;771902;;2;
l;116062880;51667616;IG;0;26106;;3;
l;3155843283616;51657376;Dem;0;4351;X;1;
l;3161345392288;51673760;IG;0;696;;2;
l;3157118411424;51699360;;0;25190;X;1;
l;3157521064608;51699360;;0;1356;X;1;
l;3155105145504;51700384;;0;697;;2;
l;115250848;51684000;Ind;0;4156;;3;
l;3157453956768;51869344;;0;7244;;2;
l;3162151577248;51869344;;0;547;;2;
l;3156447263392;51667616;IG;0;73;;3;
l;3156380214944;51868320;;0;2804;X;1;
l;3158661037728;51672736;GOP;1;3057;X;1;
l;3162151576224;51700384;;0;1081;;2;
l;3158594807456;51869344;;0;1717;;2;
l;3162352903840;51868320;;0;5375;X;1;
l;3157923658400;51666592;GOP;1;5445;;2;
l;3155372713632;51688096;GOP;0;3976;;2;
l;3161816031904;51700384;;0;3008;;2;
l;3155105086112;51666592;GOP;1;2919;;2;
l;3159802706592;51667616;IG;0;39;;3;
l;3155038038688;51871392;;0;1277;;2;
l;3163963516576;51869344;;0;12024;;2;
l;3159467162272;51666592;GOP;1;1578;;2;
l;3158259263136;51869344;;0;1454;;2;
l;3162821781152;51662496;Dem;0;1019;;1;
l;3163896406688;51700384;;0;33257;;2;
l;3155105145504;51699360;;0;6200;X;1;
l;3156447323808;51868320;;0;5082;X;1;
l;3157521065632;51869344;;0;745;;2;
l;3156514432672;51868320;;0;9688;X;1;
l;3163962631840;51664544;GOP;1;20280;X;2;
l;3156648651424;51870368;;0;3178;X;1;
l;3158527699616;51870368;;0;2071;X;1;
l;3158057876128;51667616;IG;0;51;;3;
l;3157386846880;51700384;;0;4191;;2;
l;3160809399968;51869344;;0;6556;;2;
l;3155977561760;51868320;;0;2460;X;1;
l;3156312239776;51691168;GOP;1;7323;X;2;
l;3157453072032;51664544;GOP;1;15968;X;2;
l;3158192153248;51699360;;0;5629;X;1;
l;3162822605472;51666592;GOP;1;3640;;2;
l;3159601440416;51868320;;0;4375;X;1;
l;3154232670880;51666592;GOP;1;4726;;2;
l;3154568276640;51871392;;0;1554;;2;
l;3155507799712;51869344;;0;1272;;2;
l;3157789501088;51868320;;0;3197;X;1;
l;3157185521312;51869344;;0;34412;;2;
l;3160608073376;51868320;;0;2684;X;1;
l;3156647782048;51688096;GOP;0;1540;;2;
l;3163292367520;51666592;GOP;1;3779;;2;
l;3157989951136;51675808;Dem;0;1290;;1;
l;3155709065888;51667616;IG;0;54;;3;
l;3163560863392;51868320;;0;2246;X;1;
l;3154635383456;51699360;;0;18764;X;1;
l;3156581541536;51869344;;0;7308;;2;
l;3156983316128;51672736;GOP;1;1943;X;1;
l;3159601439392;51699360;;0;4251;X;1;
l;3162620456608;51669664;GOP;1;10416;X;2;
l;3160608012960;51667616;IG;0;65;;3;
l;3162822605472;51667616;IG;0;54;;3;
l;3156380213920;51700384;;0;2415;;2;
l;3163359536800;51868320;;0;12758;X;1;
l;3163895541408;51692192;Lib;0;149;;3;
l;3163158149792;51657376;Dem;0;3648;X;1;
l;3158661855904;51667616;IG;0;54;;3;
l;3161412505248;51680928;Ind;0;18;;3;
l;3162352902816;51700384;;0;3167;;2;
l;3156110894752;51665568;Ind;0;49;;3;
l;3154501165728;51699360;;0;6063;X;1;
l;3162889775776;51871392;;0;11036;;2;
l;3158125046432;51870368;;0;2237;X;1;
l;3163828432544;51691168;GOP;1;43530;X;2;
l;3158326373024;51870368;;0;15129;X;1;
l;3160070317728;51665568;Ind;0;474;;3;
l;3159600565920;51678880;GOP;1;4939;X;1;
l;3161211992736;51657376;Dem;0;30657;X;1;
l;3156984195744;51870368;;0;1492;X;1;
l;3154769602208;51869344;;0;649;;2;
l;3154298963616;51677856;IG;0;316;;3;
l;3156849976992;51869344;;0;1909;;2;
l;3159936985760;51871392;;0;2729;;2;
l;3162151577248;51868320;;0;1099;X;1;
l;3157118411424;51700384;;0;13682;;2;
l;3154299841184;51870368;;0;21876;X;1;
l;3160406747808;51870368;;0;7221;X;1;
l;3155977501344;51667616;IG;0;38;;3;
l;3157050427040;51677856;IG;0;95;;3;
l;3155776174752;51666592;GOP;1;1181;;2;
l;3160472989344;51691168;GOP;1;6110;X;2;
l;3156648649376;51699360;;0;4009;X;1;
l;3155440691872;51871392;;0;902;;2;
l;3159801898656;51687072;Dem;1;4706;X;1;
l;3161816032928;51869344;;0;1796;;2;
l;3158863182496;51657376;Dem;0;2270;X;1;
l;3162688448160;51868320;;0;530;X;1;
l;3158729024160;51699360;;0;6146;X;1;
l;3162956882592;51700384;;0;1607;;2;
l;3154634514080;51686048;Ind;0;2512;;3;
l;3158393481888;51870368;;0;3282;X;1;
l;3155105147552;51871392;;0;1981;;2;
l;3159064509088;51667616;IG;0;58;;3;
l;3158862374560;51688096;GOP;0;1987;;2;
l;3160540904096;51666592;GOP;1;10812;;2;
l;3159064568480;51700384;;0;1855;;2;
l;3162621340320;51870368;;0;27994;X;1;
l;3163426644640;51700384;;0;52271;;2;
l;3154836710048;51700384;;0;6939;;2;
l;3155306473120;51868320;;0;3126;X;1;
l;115246752;51677856;IG;0;1901;;3;
l;3162017299104;51666592;GOP;1;4018;;2;
l;3163157335712;51679904;Ind;0;1569;;2;
l;3155305588384;51664544;GOP;1;2191;X;2;
l;3160339636896;51699360;;0;1940;X;1;
l;3160339637920;51868320;;0;1422;X;1;
l;3158057064096;51682976;GOP;1;2790;X;2;
l;3161346270880;51869344;;0;1901;;2;
l;3163091100320;51700384;;0;11616;;2;
l;3155977501344;51666592;GOP;1;2417;;2;
l;3161010727584;51871392;;0;1604;;2;
l;3157318864544;51679904;Ind;0;104;;2;
l;3154769541792;51666592;GOP;1;1025;;2;
l;3155306474144;51871392;;0;2699;;2;
l;3162151516832;51667616;IG;0;26;;3;
l;3160675121824;51657376;Dem;0;4558;X;1;
l;3154232670880;51657376;Dem;0;4333;X;1;
l;3156648589984;51657376;Dem;0;2588;X;1;
l;3163358658208;51673760;IG;0;5801;;2;
l;3154434057888;51869344;;0;1471;;2;
l;3160943617696;51869344;;0;619;;2;
l;3162956015264;51688096;GOP;0;953;;2;
l;3154366080672;51688096;GOP;0;968;;2;
l;3162822664864;51699360;;0;3325;X;1;
l;3158460529312;51667616;IG;0;89;;3;
l;3155507800736;51871392;;0;1237;;2;
l;3160540096160;51687072;Dem;1;10803;X;1;
l;3161076960928;51680928;Ind;0;187;;3;
l;3157722391200;51699360;;0;2726;X;1;
l;3163762191008;51870368;;0;63882;X;1;
l;3160272468640;51667616;IG;0;26;;3;
l;3161949367968;51668640;Dem;0;7537;;1;
l;3161413380768;51871392;;0;489;;2;
l;3161010666144;51666592;GOP;1;2933;;2;
l;3157252569760;51666592;GOP;1;9099;;2;
l;3162553345696;51665568;Ind;0;305;;3;
l;3154970054304;51680928;Ind;0;1080;;3;
l;3155910451872;51700384;;0;985;;2;
l;3164030565024;51657376;Dem;0;9303;X;1;
l;3160406746784;51869344;;0;4136;;2;
l;3161212053152;51869344;;0;24339;;2;
l;3162150702752;51680928;Ind;0;449;;3;
l;3161413378720;51699360;;0;1067;X;1;
l;3161346271904;51871392;;0;1734;;2;
l;3163828432544;51689120;Dem;0;37944;;1;
l;3156446447264;51677856;IG;0;78;;3;
l;3160540904096;51667616;IG;0;130;;3;
l;3157789502112;51871392;;0;1868;;2;
l;3162754678432;51673760;IG;0;2034;;2;
l;3157386846880;51699360;;0;7858;X;1;
l;3160809400992;51871392;;0;7625;;2;
l;3161748863648;51657376;Dem;0;1298;X;1;
l;3159063692960;51675808;Dem;0;2167;;1;
l;3154635324064;51667616;IG;0;755;;3;
l;3159601380000;51666592;GOP;1;4005;;2;
l;3158192155296;51871392;;0;2392;;2;
l;3159802767008;51869344;;0;1984;;2;
l;3162084467360;51699360;;0;3370;X;1;
l;3161882273440;51688096;GOP;0;689;;2;
l;3158192154272;51869344;;0;2611;;2;
l;3163762129568;51666592;GOP;1;61956;;2;
l;3162956823200;51667616;IG;0;44;;3;
l;3156715698848;51657376;Dem;0;4583;X;1;
l;3156581542560;51871392;;0;7731;;2;
l;3157855743648;51689120;Dem;0;32867;;1;
l;3159936924320;51667616;IG;0;72;;3;
l;3160742290080;51700384;;0;2201;;2;
l;3159869874848;51700384;;0;3790;;2;
l;3158393420448;51657376;Dem;0;3101;X;1;
l;3161077834400;51699360;;0;1168;X;1;
l;3163829238432;51667616;IG;0;3270;;3;
l;115238560;51665568;Ind;0;3321;;3;
l;3158057936544;51869344;;0;1460;;2;
l;3157923719840;51871392;;0;3607;;2;
l;3161883142816;51871392;;0;449;;2;
l;3163896407712;51869344;;0;26388;;2;
l;3161815148192;51665568;Ind;0;88;;3;
l;3162487120544;51699360;;0;2428;X;1;
l;3156447324832;51871392;;0;2943;;2;
l;3154366948000;51700384;;0;1580;;2;
l;3161950251680;51870368;;0;22238;X;1;
l;3158661855904;51666592;GOP;1;2463;;2;
l;3162487122592;51870368;;0;2208;X;1;
l;3159734789792;51688096;GOP;0;2146;;2;
l;3155238487712;51675808;Dem;0;4738;;1;
l;3158863241888;51700384;;0;1174;;2;
l;3158863243936;51871392;;0;1933;;2;
l;3155708260000;51691168;GOP;1;3151;X;2;
l;3158124160672;51665568;Ind;0;49;;3;
l;3160339636896;51700384;;0;1087;;2;
l;3155842471584;51684000;Ind;0;194;;3;
l;3157453896352;51657376;Dem;0;11860;X;1;
l;3163829238432;51666592;GOP;1;137222;;2;
l;3160339638944;51870368;;0;1640;X;1;
l;3160607188640;51665568;Ind;0;147;;3;
l;3156984193696;51699360;;0;1778;X;1;
l;3161480488608;51869344;;0;4009;;2;
l;3159668550304;51871392;;0;7346;;2;
l;3156313045664;51667616;IG;0;266;;3;
l;3156111719072;51666592;GOP;1;1674;;2;
l;3157655282336;51700384;;0;1945;;2;
l;3158460588704;51700384;;0;2405;;2;
l;3158930352800;51871392;;0;6835;;2;
l;3159801898656;51688096;GOP;0;2143;;2;
l;3161950250656;51868320;;0;20939;X;1;
l;3158863182496;51666592;GOP;1;3310;;2;
l;3163828434592;51658400;Dem;0;71753;;1;
l;3156044671648;51870368;;0;4228;X;1;
l;3155709126304;51868320;;0;3020;X;1;
l;3160003215008;51673760;IG;0;1055;;2;
l;3155172256416;51870368;;0;2238;X;1;
l;3163426645664;51869344;;0;42508;;2;
l;3157252569760;51667616;IG;0;166;;3;
l;3160876448416;51657376;Dem;0;31607;X;1;
l;3162821781152;51664544;GOP;1;4121;X;2;
l;3156849916576;51666592;GOP;1;3312;;2;
l;3160608074400;51870368;;0;2784;X;1;
l;3154970927776;51699360;;0;9163;X;1;
l;3160540964512;51869344;;0;5794;;2;
l;3155239303840;51657376;Dem;0;5480;X;1;
l;3156849978016;51871392;;0;1708;;2;
l;3161413378720;51700384;;0;486;;2;
l;3161547537056;51666592;GOP;1;729;;2;
l;3154836712096;51870368;;0;15086;X;1;
l;3158795261600;51684000;Ind;0;197;;3;
l;3161144067744;51676832;GOP;1;2879;X;2;
l;3155842471584;51682976;GOP;1;7315;X;2;
l;3154836650656;51666592;GOP;1;16763;;2;
l;3163828432544;51693216;Ind;0;561;;4;
l;3161748924064;51868320;;0;1324;X;1;
l;3157721507488;51662496;Dem;0;1769;;1;
l;3158057935520;51699360;;0;2859;X;1;
l;3159936924320;51657376;Dem;0;3540;X;1;
l;3154903759520;51657376;Dem;0;760;X;1;
l;3161681754784;51667616;IG;0;44;;3;
l;3158728964768;51667616;IG;0;100;;3;
l;3161076960928;51678880;GOP;1;1209;X;1;
l;3156514431648;51699360;;0;12590;X;1;
l;3157722392224;51868320;;0;3181;X;1;
l;3155037159072;51672736;GOP;1;609;X;1;
l;3162956015264;51687072;Dem;1;2574;X;1;
l;3154366080672;51687072;Dem;1;2769;X;1;
l;3157989951136;51677856;IG;0;23;;3;
l;3154769541792;51667616;IG;0;23;;3;
l;3157118352032;51666592;GOP;1;26447;;2;
l;3162352902816;51699360;;0;5165;X;1;
l;3156715759264;51869344;;0;4025;;2;
l;3160473855648;51868320;;0;5734;X;1;
l;3160405878432;51688096;GOP;0;3394;;2;
l;3160742230688;51667616;IG;0;145;;3;
l;3159802706592;51657376;Dem;0;2797;X;1;
l;3160406686368;51666592;GOP;1;6613;;2;
l;3162688449184;51871392;;0;300;;2;
l;3157319678624;51657376;Dem;0;429;X;1;
l;3159601380000;51667616;IG;0;91;;3;
l;3162352843424;51657376;Dem;0;4003;X;1;
l;3162487120544;51700384;;0;1394;;2;
l;3163426646688;51871392;;0;47862;;2;
l;3163895543456;51694240;GOP;1;37299;X;2;
l;3163091101344;51868320;;0;14200;X;1;
l;3163359536800;51869344;;0;8416;;2;
l;3158192155296;51870368;;0;4499;X;1;
l;3156312239776;51693216;Ind;0;71;;4;
l;3159533457056;51679904;Ind;0;3639;;2;
l;3159131677344;51699360;;0;6433;X;1;
l;3163091040928;51667616;IG;0;315;;3;
l;3162084407968;51657376;Dem;0;2349;X;1;
l;3154298963616;51675808;Dem;0;19331;;1;
l;3159802768032;51871392;;0;1704;;2;
l;115254944;51687072;Dem;1;129181;X;1;
l;3158796135072;51871392;;0;2451;;2;
l;3161882273440;51687072;Dem;1;1119;X;1;
l;3163762129568;51657376;Dem;0;42204;X;1;
l;3156916209312;51677856;IG;0;77;;3;
l;3155843283616;51667616;IG;0;138;;3;
l;3160472989344;51689120;Dem;0;3806;;1;
l;3160473856672;51870368;;0;5831;X;1;
l;3154434056864;51699360;;0;2950;X;1;
l;3160742230688;51666592;GOP;1;5689;;2;
l;3158124160672;51662496;Dem;0;1147;;1;
l;3159332136608;51688096;GOP;0;3451;;2;
l;3161413379744;51869344;;0;594;;2;
l;3158728964768;51657376;Dem;0;4294;X;1;
l;3161077836448;51870368;;0;1113;X;1;
l;3160809398944;51699360;;0;13330;X;1;
l;3154702493344;51868320;;0;14868;X;1;
l;3161010727584;51870368;;0;2624;X;1;
l;3161816033952;51870368;;0;3055;X;1;
l;3163896347296;51657376;Dem;0;44155;X;1;
l;3160406686368;51657376;Dem;0;5192;X;1;
l;3158930350752;51699360;;0;15293;X;1;
l;3156514432672;51869344;;0;6493;;2;
l;3164030624416;51699360;;0;10157;X;1;
l;3158661917344;51870368;;0;2596;X;1;
l;3154970927776;51700384;;0;3543;;2;
l;3159399241376;51684000;Ind;0;75;;3;
l;3157722331808;51657376;Dem;0;2141;X;1;
l;3157789501088;51869344;;0;2344;;2;
l;3161613842080;51695264;IG;0;79;;3;
l;3161077835424;51869344;;0;536;;2;
l;3157922846368;51682976;GOP;1;5908;X;2;
l;3154366949024;51868320;;0;3052;X;1;
l;3162419146400;51693216;Ind;0;17;;4;
l;3160876509856;51871392;;0;11255;;2;
l;3161546718880;51673760;IG;0;291;;2;
l;3158326370976;51700384;;0;11656;;2;
l;3158326372000;51869344;;0;7831;;2;
l;3159668488864;51657376;Dem;0;6916;X;1;
l;3162688387744;51657376;Dem;0;546;X;1;
l;3155104278176;51688096;GOP;0;1395;;2;
l;3159735659168;51871392;;0;2496;;2;
l;3160004033184;51666592;GOP;1;2779;;2;
l;3158728964768;51666592;GOP;1;5738;;2;
l;3163896407712;51868320;;0;52507;X;1;
l;3159601440416;51869344;;0;2252;;2;
l;3163023932064;51657376;Dem;0;38896;X;1;
l;3160004092576;51700384;;0;1470;;2;
l;3162487121568;51869344;;0;1487;;2;
l;3157655222944;51657376;Dem;0;2022;X;1;
l;3155373583008;51871392;;0;2824;;2;
l;3163627911840;51666592;GOP;1;3351;;2;
l;3155776235168;51868320;;0;1122;X;1;
l;3160338759328;51673760;IG;0;611;;2;
