l;3423745552088;54766296;Dem;1;7961;X;1;
l;3423007355608;54901464;Lib;0;329;;3;
l;3423477107416;54893272;Dem;0;1417;;1;
l;3423343178456;55010008;GOP;1;20503;X;2;
l;3422873413336;55003864;;0;2460;X;1;
l;3423611612888;55006936;;0;2763;;2;
l;3422739197656;55005912;;0;3294;X;1;
l;119924440;54968024;;0;16206;X;1;
l;3423477114584;54899416;Lib;0;783;;3;
l;3423947154136;55002840;;0;1129;;2;
l;3423141679832;54909656;;0;913;;2;
l;3422873136856;54766296;Dem;1;3813;X;1;
l;3423745526488;54871768;GOP;0;405;X;2;
l;3423007352536;54899416;Lib;0;122;;3;
l;120020696;54989528;;0;2922;;2;
l;3423678550744;54908632;;0;2583;X;1;
l;3423946802904;54827736;Dem;0;3721;;1;
l;3422739026648;54909656;;0;822;;2;
l;3423745828568;55004888;;0;3460;;2;
l;3423410192088;54979288;;0;1188;;2;
l;3422873415384;55005912;;0;3933;X;1;
l;120024792;55005912;;0;139184;X;1;
l;3423946880728;54809304;Dem;0;3479;;1;
l;3423812937432;55004888;;0;2437;;2;
l;3423342874328;54872792;Dem;0;1731;X;1;
l;3423410101976;54906584;;0;4110;X;1;
l;3423678441176;54799064;Dem;0;1842;;1;
l;3424148202200;54806232;Dem;0;663;;1;
l;119911128;54963928;;0;11768;X;1;
l;3423410101976;54907608;;0;999;;2;
l;3422672086744;55003864;;0;8622;X;1;
l;3422873166552;54885080;Dem;0;1326;;1;
l;3422738921176;54809304;Dem;0;739;;1;
l;3423208677080;54813400;GOP;1;1375;X;2;
l;3423544225496;54766296;Dem;1;596;X;1;
l;119770840;54849240;Dem;0;1539;X;1;
l;3423946828504;54729432;Dem;1;2515;X;1;
l;3422671812312;54809304;Dem;0;4280;;1;
l;3423812661976;54901464;Lib;0;381;;3;
l;3424081374936;55006936;;0;756;;2;
l;3423342900952;54810328;GOP;0;21403;X;2;
l;3424081372888;55004888;;0;725;;2;
l;3423745552088;54802136;GOP;0;3523;;2;
l;3423477224152;54909656;;0;4370;;2;
l;3422738916056;54808280;GOP;0;3542;X;2;
l;3422672088792;55005912;;0;9771;X;1;
l;3423342895832;54806232;Dem;0;10776;;1;
l;3422739013336;54906584;;0;2984;X;1;
l;119933656;54985432;;0;1594;;2;
l;3422873134808;54713048;GOP;1;2634;X;2;
l;3423812939480;55006936;;0;939;;2;
l;3423343178456;55008984;Dem;0;10699;;1;
l;3422806027992;54766296;Dem;1;6958;X;1;
l;3423007448792;54906584;;0;1809;X;1;
l;3422671810264;54802136;GOP;0;2418;;2;
l;119925464;54970072;;0;11755;X;1;
l;3424081094360;54899416;Lib;0;114;;3;
l;3423544363736;54960856;;0;205;;2;
l;3423007634136;55010008;GOP;1;2372;X;2;
l;3423812768472;54908632;;0;1746;X;1;
l;3423678718680;55002840;;0;904;;2;
l;3423410283224;55001816;;0;4336;X;1;
l;3422671917784;54908632;;0;7317;X;1;
l;3423208679128;54799064;Dem;0;999;;1;
l;119712472;54863576;Dem;0;506;;1;
l;119932632;54982360;;0;17644;X;1;
l;3424014081752;54907608;;0;1024;;2;
l;3422739194584;55002840;;0;875;;2;
l;3423343175384;55003864;;0;19103;X;1;
l;3422940246744;54805208;GOP;0;4147;X;2;
l;3423812939480;55005912;;0;1784;X;1;
l;3423544226520;54901464;Lib;0;86;;3;
l;3423879771864;54809304;Dem;0;4832;;1;
l;3424081371864;55002840;;0;777;;2;
l;3424014095064;54908632;;0;4453;X;1;
l;3423342896856;54713048;GOP;1;11869;X;2;
l;3423812768472;54909656;;0;469;;2;
l;119911128;54964952;;0;2864;;2;
l;3423007350488;54812376;Dem;0;747;;1;
l;3424013983448;54813400;GOP;1;3632;X;2;
l;3424013988568;54805208;GOP;0;4957;X;2;
l;3423678440152;54808280;GOP;0;2605;X;2;
l;3423812656856;54813400;GOP;1;1781;X;2;
l;3424148205272;54766296;Dem;1;1635;X;1;
l;3424081372888;55003864;;0;2526;X;1;
l;119670488;54827736;Dem;0;3930;;1;
l;3423007633112;55005912;;0;1848;X;1;
l;3423208959704;55006936;;0;540;;2;
l;3424081098456;54809304;Dem;0;632;;1;
l;3422671989464;54971096;;0;2101;;2;
l;3423141710552;54960856;;0;773;;2;
l;3423812755160;54906584;;0;1788;X;1;
l;3423946878680;54802136;GOP;0;1730;;2;
l;3423611332312;54899416;Lib;0;561;;3;
l;3424014169816;54974168;;0;4584;X;1;
l;3423611334360;54766296;Dem;1;7482;X;1;
l;120021720;55002840;;0;45779;;2;
l;3423074743000;55010008;GOP;1;8934;X;2;
l;3423947030232;54994648;;0;4982;X;1;
l;3422805957336;54790872;GOP;1;4123;X;2;
l;3423342841560;54844120;GOP;0;1659;X;2;
l;3423812940504;55008984;Dem;0;603;;1;
l;3423879766744;54806232;Dem;0;5365;;1;
l;119925464;54971096;;0;3190;;2;
l;3423276068568;55005912;;0;2332;X;1;
l;3422940383960;54960856;;0;882;;2;
l;3423678360280;54815448;Dem;0;636;;1;
l;3424014095064;54909656;;0;1050;;2;
l;3423678719704;55004888;;0;1236;;2;
l;3423276065496;55001816;;0;2221;X;1;
l;3422806303448;55002840;;0;3486;;2;
l;3424081094360;54799064;Dem;0;1457;;1;
l;119933656;54984408;;0;7189;X;1;
l;3423880049368;55010008;GOP;1;8004;X;2;
l;3423208775384;54906584;;0;1520;X;1;
l;3422671990488;54991576;;0;1510;;2;
l;3423007631064;55004888;;0;971;;2;
l;119747288;54901464;Lib;0;32526;;3;
l;3423342894808;54813400;GOP;1;17120;X;2;
l;3423410007768;54766296;Dem;1;3347;X;1;
l;3423343040216;54992600;;0;21535;X;1;
l;3422873231064;54906584;;0;4096;X;1;
l;119928536;54974168;;0;18498;X;1;
l;3422738921176;54810328;GOP;0;3664;X;2;
l;3423678444248;54901464;Lib;0;645;;3;
l;3423678721752;55006936;;0;1177;;2;
l;3424013989592;54810328;GOP;0;4458;X;2;
l;3423880049368;55008984;Dem;0;4759;;1;
l;3423544500952;55001816;;0;758;X;1;
l;119773912;54776536;GOP;1;1265;;2;
l;3423141568216;54812376;Dem;0;1473;;1;
l;3423745831640;55008984;Dem;0;3420;;1;
l;3423141679832;54908632;;0;3414;X;1;
l;3423007352536;54799064;Dem;0;717;;1;
l;3422738916056;54806232;Dem;0;867;;1;
l;3422739197656;55006936;;0;974;;2;
l;3422738915032;54813400;GOP;1;3067;X;2;
l;3423141848792;55003864;;0;3528;X;1;
l;3423477113560;54806232;Dem;0;7997;;1;
l;3423074557656;54907608;;0;2462;;2;
l;3423342877400;54751960;Dem;1;1394;X;1;
l;3422671519448;54911704;GOP;0;56;;2;
l;3424013983448;54812376;Dem;0;2452;;1;
l;3422738917080;54713048;GOP;1;2986;X;2;
l;3423208960728;55008984;Dem;0;599;;1;
l;3423410008792;54901464;Lib;0;791;;3;
l;3423410009816;54810328;GOP;0;4673;X;2;
l;3424148312792;54908632;;0;1727;X;1;
l;3422806027992;54802136;GOP;0;3999;;2;
l;3423477088984;54746840;GOP;1;2005;X;2;
l;3423342993112;54906584;;0;22170;X;1;
l;119880408;54961880;;0;22022;X;1;
l;3422671838936;54777560;GOP;1;2067;X;2;
l;3423410190040;54974168;;0;4250;X;1;
l;3423074743000;55008984;Dem;0;4809;;1;
l;3423880045272;55001816;;0;8165;X;1;
l;3423544222424;54806232;Dem;0;296;;1;
l;3423275764440;54871768;GOP;0;1805;X;2;
l;3422806135512;54908632;;0;7000;X;1;
l;3423611332312;54799064;Dem;0;3867;;1;
l;119455448;54911704;GOP;0;1796;;2;
l;3424148299480;54907608;;0;506;;2;
l;3423074739928;55004888;;0;5439;;2;
l;3424014264024;55004888;;0;3115;;2;
l;3422873085656;54771416;Dem;1;1646;X;1;
l;3422873412312;55002840;;0;1521;;2;
l;3422671838936;54884056;Dem;0;1702;;1;
l;119748312;54810328;GOP;0;134623;X;2;
l;3423343052504;54953688;;0;20687;X;1;
l;3423007351512;54808280;GOP;0;2258;X;2;
l;119717592;54868696;Dem;0;1140;;1;
l;3423745554136;54810328;GOP;0;8468;X;2;
l;3423208682200;54901464;Lib;0;323;;3;
l;3423678537432;54906584;;0;2607;X;1;
l;119743192;54806232;Dem;0;59491;;1;
l;3423141759704;54984408;;0;3822;X;1;
l;3423611610840;55004888;;0;3753;;2;
l;119712472;54864600;GOP;0;2306;X;2;
l;3422671519448;54912728;Ind;0;9;;3;
l;3423879877336;54908632;;0;8610;X;1;
l;3423007634136;55008984;Dem;0;524;;1;
l;3422873132760;54812376;Dem;0;2503;;1;
l;119714520;54742744;GOP;1;2460;X;2;
l;119733976;54949592;Ind;0;693;;3;
l;3423342894808;54812376;Dem;0;13326;;1;
l;119744216;54713048;GOP;1;93336;X;2;
l;3424013987544;54766296;Dem;1;3956;X;1;
l;3424014266072;55006936;;0;2150;;2;
l;3423007629016;54988504;;0;1868;X;1;
l;3423477303000;54983384;;0;4419;;2;
l;3422738919128;54766296;Dem;1;2860;X;1;
l;3423141848792;55004888;;0;1070;;2;
l;3423611613912;55010008;GOP;1;9321;X;2;
l;3424081092312;54812376;Dem;0;1093;;1;
l;3423343177432;55006936;;0;7327;;2;
l;3423477118680;54809304;Dem;0;6875;;1;
l;3422873316056;54970072;;0;4064;X;1;
l;119926488;54990552;;0;11462;X;1;
l;3422940521176;55002840;;0;1013;;2;
l;120021720;55001816;;0;130505;X;1;
l;3423208679128;54899416;Lib;0;124;;3;
l;120025816;55010008;GOP;1;134942;X;2;
l;119716568;54744792;GOP;1;1322;;2;
l;3422806015704;54892248;GOP;1;1448;X;2;
l;3422806302424;54989528;;0;1898;;2;
l;3422738917080;54899416;Lib;0;202;;3;
l;3424148206296;54805208;GOP;0;2193;X;2;
l;119840472;54906584;;0;130118;X;1;
l;3423074463448;54766296;Dem;1;9529;X;1;
l;119887576;54992600;;0;21535;X;1;
l;3423343075032;54967000;;0;5714;;2;
l;3423477393112;55003864;;0;15425;X;1;
l;3423812940504;55010008;GOP;1;2260;X;2;
l;3422940247768;54810328;GOP;0;3882;X;2;
l;3423745827544;55002840;;0;1928;;2;
l;3423611441880;54909656;;0;1787;;2;
l;3423208681176;54766296;Dem;1;1742;X;1;
l;119718616;54746840;GOP;1;2005;X;2;
l;3424148481752;55003864;;0;1747;X;1;
l;3422672089816;55010008;GOP;1;6915;X;2;
l;3423544501976;55003864;;0;693;X;1;
l;3423477253848;54957784;;0;18227;X;1;
l;3423611332312;54713048;GOP;1;7177;X;2;
l;3424148479704;54989528;;0;480;;2;
l;3423946876632;54799064;Dem;0;6218;;1;
l;3423343062744;54987480;;0;6080;;2;
l;3423611428568;54906584;;0;7324;X;1;
l;3422873413336;55004888;;0;3049;;2;
l;3423410003672;54813400;GOP;1;4082;X;2;
l;3423477112536;54813400;GOP;1;13798;X;2;
l;3423141847768;55002840;;0;827;;2;
l;3423477393112;55004888;;0;9128;;2;
l;3423275791064;54901464;Lib;0;447;;3;
l;3423342874328;54876888;GOP;0;1360;;2;
l;3423611519704;54981336;;0;1876;;2;
l;3423544227544;54810328;GOP;0;921;X;2;
l;3423879954136;54978264;;0;8347;X;1;
l;3423880048344;55005912;;0;8634;X;1;
l;3423544363736;54959832;;0;713;X;1;
l;3423544319704;54907608;;0;218;;2;
l;3424148207320;54810328;GOP;0;2063;X;2;
l;119713496;54866648;GOP;0;961;;2;
l;3423477116632;54802136;GOP;0;6584;;2;
l;3422940433112;54984408;;0;3367;X;1;
l;3423208788696;54909656;;0;430;;2;
l;3422873134808;54799064;Dem;0;2769;;1;
l;3423745646296;54907608;;0;2136;;2;
l;3422873133784;54806232;Dem;0;2048;;1;
l;3422873132760;54813400;GOP;1;3020;X;2;
l;3422873138904;54810328;GOP;0;3762;X;2;
l;3423611331288;54806232;Dem;0;2484;;1;
l;3423879770840;54901464;Lib;0;2985;;3;
l;3422671904472;54907608;;0;1754;;2;
l;3422873133784;54808280;GOP;0;3514;X;2;
l;3423812660952;54766296;Dem;1;1728;X;1;
l;119746264;54766296;Dem;1;135389;X;1;
l;3423946874584;54812376;Dem;0;4323;;1;
l;3423342840536;54842072;Dem;0;1956;;1;
l;3423879771864;54810328;GOP;0;7349;X;2;
l;3422806303448;55001816;;0;6547;X;1;
l;3424081190616;54906584;;0;2335;X;1;
l;119932632;54983384;;0;4419;;2;
l;3423275791064;54805208;GOP;0;2808;X;2;
l;3423410284248;55004888;;0;2698;;2;
l;3423812658904;54899416;Lib;0;101;;3;
l;119742168;54813400;GOP;1;108537;X;2;
l;3424014263000;55001816;;0;4042;X;1;
l;3423074393816;54832856;Dem;0;2465;;1;
l;3423477114584;54799064;Dem;0;13848;;1;
l;120020696;54988504;;0;11717;X;1;
l;3423477107416;54760152;GOP;1;1570;X;2;
l;3424081374936;55005912;;0;2504;X;1;
l;3423007630040;55002840;;0;741;;2;
l;3422806122200;54906584;;0;7230;X;1;
l;3423007356632;54809304;Dem;0;486;;1;
l;3423074738904;55002840;;0;3762;;2;
l;119493336;54834904;GOP;0;3260;X;2;
l;119743192;54808280;GOP;0;126706;X;2;
l;3424148484824;55010008;GOP;1;2145;X;2;
l;3423812661976;54805208;GOP;0;2295;X;2;
l;119696088;54729432;Dem;1;2515;X;1;
l;3424148203224;54713048;GOP;1;1711;X;2;
l;119899864;54953688;;0;20687;X;1;
l;3423477088984;54941400;Dem;0;1009;;1;
l;119744216;54899416;Lib;0;7481;;3;
l;3422873317080;54991576;;0;1051;;2;
l;3422805994200;54864600;GOP;0;2306;X;2;
l;3423074464472;54805208;GOP;0;10286;X;2;
l;3422806304472;55004888;;0;9079;;2;
l;3423946875608;54808280;GOP;0;3965;X;2;
l;3423208677080;54812376;Dem;0;829;;1;
l;3423879765720;54813400;GOP;1;5899;X;2;
l;3423342898904;54766296;Dem;1;23000;X;1;
l;119696088;54857432;GOP;0;1670;;2;
l;3423342844632;54934232;Dem;0;1107;;1;
l;3423880046296;55003864;;0;4638;X;1;
l;119739096;54895320;Dem;0;1022;;1;
l;3424148206296;54901464;Lib;0;330;;3;
l;3423880045272;55002840;;0;3628;;2;
l;119853784;54909656;;0;34014;;2;
l;3423544333016;54908632;;0;634;X;1;
l;3423342877400;54880984;GOP;0;708;;2;
l;119744216;54799064;Dem;0;92324;;1;
l;119729880;54888152;Dem;0;1688;X;1;
l;3423611336408;54809304;Dem;0;2175;;1;
l;3423477114584;54713048;GOP;1;10793;X;2;
l;3423342895832;54808280;GOP;0;19821;X;2;
l;3423477224152;54908632;;0;17471;X;1;
l;3423410286296;55006936;;0;1696;;2;
l;3423678444248;54805208;GOP;0;3113;X;2;
l;3423074741976;55006936;;0;3894;;2;
l;3423476863704;54833880;Dem;0;3134;;1;
l;3423141489368;54786776;GOP;1;2770;X;2;
l;3423745547992;54812376;Dem;0;4196;;1;
l;3423343040216;54993624;;0;6571;;2;
l;3423880046296;55004888;;0;7515;;2;
l;3423141574360;54810328;GOP;0;3674;X;2;
l;3423678550744;54909656;;0;909;;2;
l;3423342816984;54817496;Dem;0;2346;;1;
l;3422738920152;54901464;Lib;0;527;;3;
l;119687896;54723288;GOP;1;1947;;2;
l;3423141666520;54907608;;0;937;;2;
l;3423678441176;54713048;GOP;1;1967;X;2;
l;3423812657880;54806232;Dem;0;664;;1;
l;3422873136856;54802136;GOP;0;1928;;2;
l;3422671837912;54776536;GOP;1;1265;;2;
l;3424014264024;55003864;;0;2938;X;1;
l;3422806307544;55010008;GOP;1;8801;X;2;
l;3423611609816;55002840;;0;2060;;2;
l;3423074465496;54809304;Dem;0;3545;;1;
l;3422873244376;54908632;;0;4121;X;1;
l;3423275787992;54799064;Dem;0;1117;;1;
l;3423275884248;54907608;;0;644;;2;
l;119737048;54760152;GOP;1;1570;X;2;
l;3423275786968;54806232;Dem;0;711;;1;
l;3422672085720;55002840;;0;2530;;2;
l;3423678439128;54812376;Dem;0;1378;;1;
l;3423074570968;54909656;;0;2458;;2;
l;3423544505048;55008984;Dem;0;179;;1;
l;3423879864024;54907608;;0;2078;;2;
l;3422671519448;54781656;Dem;1;42;X;1;
l;3423208866520;54981336;;0;396;;2;
l;3424014171864;54978264;;0;4410;X;1;
l;3423275787992;54899416;Lib;0;134;;3;
l;3423678445272;54809304;Dem;0;1017;;1;
l;3423342899928;54805208;GOP;0;23768;X;2;
l;119676632;54791896;GOP;1;3843;X;2;
l;3423611334360;54802136;GOP;0;4208;;2;
l;119910104;54986456;;0;22239;X;1;
l;3424148312792;54909656;;0;475;;2;
l;119455448;54781656;Dem;1;3404;X;1;
l;3423007351512;54806232;Dem;0;544;;1;
l;3423074430680;54866648;GOP;0;961;;2;
l;3423007350488;54813400;GOP;1;2045;X;2;
l;3423678721752;55005912;;0;2614;X;1;
l;3422806023896;54813400;GOP;1;7577;X;2;
l;3423879766744;54808280;GOP;0;6876;X;2;
l;3422806122200;54907608;;0;2144;;2;
l;3423745831640;55010008;GOP;1;7993;X;2;
l;3422671904472;54906584;;0;7635;X;1;
l;3423678443224;54766296;Dem;1;2604;X;1;
l;3422872846040;54912728;Ind;0;534;;3;
l;3422806302424;54988504;;0;8072;X;1;
l;3423074387672;54827736;Dem;0;209;;1;
l;3423477395160;55005912;;0;20002;X;1;
l;3423544504024;55006936;;0;247;;2;
l;3424081375960;55008984;Dem;0;806;;1;
l;3422671989464;54970072;;0;7691;X;1;
l;3423410005720;54899416;Lib;0;266;;3;
l;3422806307544;55008984;Dem;0;2158;;1;
l;3424148480728;55001816;;0;1785;X;1;
l;3423074738904;55001816;;0;8468;X;1;
l;3422671975128;54964952;;0;1754;;2;
l;3422940243672;54899416;Lib;0;197;;3;
l;3423678719704;55003864;;0;2535;X;1;
l;3423946972888;54906584;;0;5071;X;1;
l;3423275785944;54812376;Dem;0;809;;1;
l;3424013971160;54889176;GOP;0;958;;2;
l;119775960;54887128;GOP;0;1745;X;2;
l;3422806024920;54808280;GOP;0;8405;X;2;
l;3424014263000;55002840;;0;1792;;2;
l;3423343006424;54909656;;0;6268;;2;
l;3423410192088;54978264;;0;4304;X;1;
l;3423208678104;54808280;GOP;0;1688;X;2;
l;3423946879704;54805208;GOP;0;5076;X;2;
l;3424013985496;54713048;GOP;1;3476;X;2;
l;3424148484824;55008984;Dem;0;508;;1;
l;3423544222424;54808280;GOP;0;756;X;2;
l;3423879767768;54799064;Dem;0;6648;;1;
l;119687896;54842072;Dem;0;1956;;1;
l;3423342844632;54852312;GOP;0;1125;;2;
l;119675608;54831832;Dem;0;1567;;1;
l;3422671990488;54990552;;0;7240;X;1;
l;3422672086744;55004888;;0;2693;;2;
l;3423343033048;54962904;;0;6439;;2;
l;3423141568216;54813400;GOP;1;3218;X;2;
l;3423946802904;54787800;GOP;1;3662;X;2;
l;3423275792088;54810328;GOP;0;2721;X;2;
l;3423477210840;54906584;;0;18019;X;1;
l;119739096;54897368;GOP;0;1584;X;2;
l;119883480;54958808;;0;4564;;2;
l;3424013988568;54901464;Lib;0;1043;;3;
l;3423946875608;54806232;Dem;0;3934;;1;
l;3424148483800;55006936;;0;798;;2;
l;3423208683224;54809304;Dem;0;500;;1;
l;3424081096408;54802136;GOP;0;945;;2;
l;3423410115288;54909656;;0;990;;2;
l;3422806025944;54799064;Dem;0;3289;;1;
l;3423879952088;54974168;;0;9664;X;1;
l;3422671807192;54806232;Dem;0;5052;;1;
l;3422672088792;55006936;;0;1766;;2;
l;119721688;54876888;GOP;0;1360;;2;
l;3423275786968;54808280;GOP;0;2565;X;2;
l;3422873231064;54907608;;0;1180;;2;
l;3423007462104;54908632;;0;1780;X;1;
l;119910104;54987480;;0;6080;;2;
l;3423477109464;54895320;Dem;0;1022;;1;
l;3423074461400;54713048;GOP;1;6541;X;2;
l;3422806029016;54805208;GOP;0;9256;X;2;
l;3423410287320;55008984;Dem;0;1567;;1;
l;3422738917080;54799064;Dem;0;1328;;1;
l;3423611613912;55008984;Dem;0;2293;;1;
l;3423007354584;54802136;GOP;0;1207;;2;
l;3424013985496;54899416;Lib;0;334;;3;
l;3422940525272;55010008;GOP;1;3956;X;2;
l;3423678718680;55001816;;0;2641;X;1;
l;3422940353240;54909656;;0;882;;2;
l;3423141570264;54799064;Dem;0;1991;;1;
l;3423946972888;54907608;;0;939;;2;
l;3422671807192;54808280;GOP;0;6141;X;2;
l;3423343077080;54969048;;0;12334;;2;
l;3422739194584;55001816;;0;3151;X;1;
l;3423343174360;55001816;;0;19657;X;1;
l;3422806306520;55005912;;0;7193;X;1;
l;3423947158232;55008984;Dem;0;3863;;1;
l;3422873137880;54805208;GOP;0;4149;X;2;
l;3423074615000;54994648;;0;9531;X;1;
l;3424014267096;55008984;Dem;0;1820;;1;
l;3423812663000;54809304;Dem;0;555;;1;
l;3423276066520;55004888;;0;1930;;2;
l;3423208682200;54805208;GOP;0;1820;X;2;
l;3423208681176;54802136;GOP;0;558;;2;
l;3422940245720;54766296;Dem;1;3309;X;1;
l;3424081203928;54908632;;0;2314;X;1;
l;119688920;54844120;GOP;0;1659;X;2;
l;3422940522200;55003864;;0;3160;X;1;
l;3423343175384;55004888;;0;10895;;2;
l;119775960;54885080;Dem;0;1370;;1;
l;119664344;54817496;Dem;0;2346;;1;
l;3423745549016;54808280;GOP;0;7686;X;2;
l;3423544221400;54812376;Dem;0;266;;1;
l;3423745553112;54901464;Lib;0;1661;;3;
l;3424081096408;54766296;Dem;1;2482;X;1;
l;3424081371864;55001816;;0;2325;X;1;
l;3423275897560;54908632;;0;2261;X;1;
l;3423007629016;54989528;;0;544;;2;
l;3423477303000;54982360;;0;17644;X;1;
l;119884504;54960856;;0;2752;;2;
l;3422738915032;54812376;Dem;0;1287;;1;
l;3423208679128;54713048;GOP;1;1160;X;2;
l;3423611612888;55005912;;0;8373;X;1;
l;3423812658904;54713048;GOP;1;1717;X;2;
l;119774936;54777560;GOP;1;2067;X;2;
l;3423342923480;54850264;GOP;0;1004;;2;
l;119738072;54951640;Lib;0;538;;3;
l;3423544223448;54899416;Lib;0;32;;3;
l;119688920;54843096;Dem;0;1269;;1;
l;3422672089816;55008984;Dem;0;4830;;1;
l;3422873301720;54963928;;0;4350;X;1;
l;3423074461400;54899416;Lib;0;618;;3;
l;3422940524248;55005912;;0;3667;X;1;
l;3423946880728;54810328;GOP;0;4340;X;2;
l;3423141710552;54959832;;0;3873;X;1;
l;3423879864024;54906584;;0;8839;X;1;
l;119747288;54805208;GOP;0;148014;X;2;
l;3424081093336;54806232;Dem;0;712;;1;
l;119716568;54867672;Dem;0;1645;X;1;
l;3422806030040;54809304;Dem;0;1787;;1;
l;119724760;54880984;GOP;0;708;;2;
l;3423410008792;54805208;GOP;0;5029;X;2;
l;3423074460376;54808280;GOP;0;9127;X;2;
l;3423879954136;54979288;;0;2262;;2;
l;3423745550040;54799064;Dem;0;5255;;1;
l;3423141850840;55006936;;0;989;;2;
l;3423946828504;54857432;GOP;0;1670;;2;
l;3423275884248;54906584;;0;2272;X;1;
l;3422806135512;54909656;;0;2154;;2;
l;3423343033048;54961880;;0;22022;X;1;
l;3423007631064;55003864;;0;1796;X;1;
l;3423343077080;54968024;;0;16206;X;1;
l;3423275785944;54813400;GOP;1;2482;X;2;
l;119897816;54995672;;0;3204;;2;
l;3423410287320;55010008;GOP;1;4593;X;2;
l;3423812657880;54808280;GOP;0;2110;X;2;
l;3422806030040;54810328;GOP;0;8708;X;2;
l;3422806304472;55003864;;0;1728;X;1;
l;120025816;55008984;Dem;0;57640;;1;
l;3423745830616;55006936;;0;2572;;2;
l;3423342900952;54809304;Dem;0;9063;;1;
l;3423678443224;54802136;GOP;0;1357;;2;
l;3423275897560;54909656;;0;635;;2;
l;3422671808216;54799064;Dem;0;7350;;1;
l;3422671917784;54909656;;0;1769;;2;
l;3422806024920;54806232;Dem;0;2132;;1;
l;3422806306520;55006936;;0;3393;;2;
l;3422671806168;54813400;GOP;1;5211;X;2;
l;3422940339928;54906584;;0;3511;X;1;
l;3423141569240;54808280;GOP;0;3441;X;2;
l;3423007448792;54907608;;0;581;;2;
l;119930584;54979288;;0;4529;;2;
l;3423477109464;54897368;GOP;0;1584;X;2;
l;3423477392088;55001816;;0;18537;X;1;
l;3422940243672;54713048;GOP;1;2674;X;2;
l;3423477396184;55010008;GOP;1;17723;X;2;
l;3423342816984;54821592;GOP;0;3793;X;2;
l;3423276069592;55008984;Dem;0;624;;1;
l;3423141489368;54815448;Dem;0;1967;;1;
l;3423477108440;54951640;Lib;0;538;;3;
l;3422940246744;54901464;Lib;0;699;;3;
l;3423342923480;54849240;Dem;0;1539;X;1;
l;3424148203224;54899416;Lib;0;120;;3;
l;3423678581464;54959832;;0;2629;X;1;
l;119742168;54812376;Dem;0;76910;;1;
l;3423812936408;55001816;;0;1741;X;1;
l;3423208957656;55004888;;0;665;;2;
l;3424081092312;54813400;GOP;1;2235;X;2;
l;119714520;54940376;Lib;0;597;;3;
l;3422873301720;54964952;;0;1110;;2;
l;3423544223448;54799064;Dem;0;336;;1;
l;3422739104472;54981336;;0;758;;2;
l;3424081190616;54907608;;0;528;;2;
l;3423611335384;54901464;Lib;0;1495;;3;
l;3423477118680;54810328;GOP;0;17452;X;2;
l;3423946986200;54908632;;0;4886;X;1;
l;3422806015704;54949592;Ind;0;693;;3;
l;3423343052504;54954712;;0;7889;;2;
l;3423745526488;54943448;Ind;0;195;;3;
l;3423477113560;54808280;GOP;0;16425;X;2;
l;119695064;54771416;Dem;1;1646;X;1;
l;3424081097432;54805208;GOP;0;2912;X;2;
l;3424014171864;54979288;;0;1079;;2;
l;119455448;54912728;Ind;0;543;;3;
l;3423141573336;54901464;Lib;0;715;;3;
l;3423074460376;54806232;Dem;0;4116;;1;
l;3423611335384;54805208;GOP;0;9654;X;2;
l;3423141570264;54713048;GOP;1;2662;X;2;
l;3423745659608;54908632;;0;7391;X;1;
l;3423879877336;54909656;;0;2114;;2;
l;3423007633112;55006936;;0;896;;2;
l;119922392;54967000;;0;5714;;2;
l;3422940241624;54812376;Dem;0;1508;;1;
l;3424148207320;54809304;Dem;0;509;;1;
l;3424013984472;54806232;Dem;0;1843;;1;
l;3423410003672;54812376;Dem;0;1884;;1;
l;3423946878680;54766296;Dem;1;7247;X;1;
l;119670488;54787800;GOP;1;4346;X;2;
l;3423342840536;54723288;GOP;1;1947;;2;
l;3423544505048;55010008;GOP;1;874;X;2;
l;3423208959704;55005912;;0;1631;X;1;
l;3422671837912;54882008;Dem;0;1257;;1;
l;3423410009816;54809304;Dem;0;1277;;1;
l;119713496;54784728;Dem;1;1519;X;1;
l;3423343075032;54965976;;0;22150;X;1;
l;119924440;54969048;;0;12334;;2;
l;3423141570264;54899416;Lib;0;176;;3;
l;3423276068568;55006936;;0;908;;2;
l;3422739026648;54908632;;0;2955;X;1;
l;119675608;54790872;GOP;1;4123;X;2;
l;3422805957336;54831832;Dem;0;1567;;1;
l;3423947030232;54995672;;0;895;;2;
l;3423141572312;54802136;GOP;0;1592;;2;
l;119931608;54981336;;0;3030;;2;
l;3423342841560;54843096;Dem;0;1269;;1;
l;3423745646296;54906584;;0;7488;X;1;
l;3423947158232;55010008;GOP;1;4943;X;2;
l;3422940339928;54907608;;0;867;;2;
l;119720664;54871768;GOP;0;2210;X;2;
l;3423141759704;54985432;;0;717;;2;
l;3424148201176;54812376;Dem;0;858;;1;
l;3424148481752;55004888;;0;799;;2;
l;3423007354584;54766296;Dem;1;1694;X;1;
l;3423276065496;55002840;;0;932;;2;
l;3422739195608;55003864;;0;2942;X;1;
l;3423678439128;54813400;GOP;1;2494;X;2;
l;3424148203224;54799064;Dem;0;822;;1;
l;3423477108440;54761176;GOP;1;1996;X;2;
l;3423611428568;54907608;;0;1787;;2;
l;3422940522200;55004888;;0;1631;;2;
l;3423544500952;55002840;;0;213;;2;
l;3423879765720;54812376;Dem;0;6255;;1;
l;3423544333016;54909656;;0;217;;2;
l;3423141572312;54766296;Dem;1;3242;X;1;
l;3423678722776;55008984;Dem;0;1105;;1;
l;3423477116632;54766296;Dem;1;18769;X;1;
l;119770840;54850264;GOP;0;1004;;2;
l;3423275764440;54943448;Ind;0;1498;;3;
l;3423544223448;54713048;GOP;1;685;X;2;
l;119853784;54908632;;0;127451;X;1;
l;3423208866520;54980312;;0;1527;X;1;
l;3423477117656;54805208;GOP;0;19324;X;2;
l;3423880048344;55006936;;0;3541;;2;
l;3423477253848;54958808;;0;4564;;2;
l;3424013989592;54809304;Dem;0;1628;;1;
l;3423141573336;54805208;GOP;0;3976;X;2;
l;3423812660952;54802136;GOP;0;1136;;2;
l;3423343006424;54908632;;0;21809;X;1;
l;3423074461400;54799064;Dem;0;6610;;1;
l;3422940242648;54806232;Dem;0;1242;;1;
l;3424081093336;54808280;GOP;0;2625;X;2;
l;3423477086936;54744792;GOP;1;1322;;2;
l;3422873166552;54887128;GOP;0;1682;X;2;
l;3423074739928;55003864;;0;7385;X;1;
l;3423544227544;54809304;Dem;0;112;;1;
l;3423410004696;54806232;Dem;0;1449;;1;
l;3423074557656;54906584;;0;8853;X;1;
l;3423678581464;54960856;;0;892;;2;
l;3423477210840;54907608;;0;4378;;2;
l;3423141574360;54809304;Dem;0;1046;;1;
l;3423745549016;54806232;Dem;0;3457;;1;
l;3422806025944;54713048;GOP;1;7213;X;2;
l;3423208956632;55002840;;0;469;;2;
l;3423141851864;55008984;Dem;0;1094;;1;
l;3422738920152;54805208;GOP;0;3853;X;2;
l;3422873138904;54809304;Dem;0;1750;;1;
l;119721688;54872792;Dem;0;1731;X;1;
l;3423947155160;55004888;;0;3355;;2;
l;3422738919128;54802136;GOP;0;1695;;2;
l;3422873085656;54854360;GOP;0;1045;;2;
l;3422940242648;54808280;GOP;0;3664;X;2;
l;3423745550040;54899416;Lib;0;372;;3;
l;3423410190040;54975192;;0;911;;2;
l;3422873416408;55008984;Dem;0;1901;;1;
l;3423947154136;55001816;;0;6339;X;1;
l;3422671808216;54899416;Lib;0;421;;3;
l;120022744;55003864;;0;107425;X;1;
l;3423745554136;54809304;Dem;0;2675;;1;
l;3422671975128;54963928;;0;7418;X;1;
l;3423410005720;54799064;Dem;0;2008;;1;
l;119691992;54934232;Dem;0;1107;;1;
l;119663320;54786776;GOP;1;3609;X;2;
l;3423678537432;54907608;;0;917;;2;
l;3424148299480;54906584;;0;1782;X;1;
l;3423074393816;54791896;GOP;1;3843;X;2;
l;3424013971160;54888152;Dem;0;1688;X;1;
l;3423007630040;55001816;;0;1884;X;1;
l;119748312;54809304;Dem;0;50529;;1;
l;3423074387672;54787800;GOP;1;684;X;2;
l;3422940525272;55008984;Dem;0;1095;;1;
l;3423544501976;55004888;;0;325;;2;
l;3424014266072;55005912;;0;3902;X;1;
l;3423611610840;55003864;;0;7276;X;1;
l;3424081094360;54713048;GOP;1;1851;X;2;
l;3423074464472;54901464;Lib;0;2449;;3;
l;3423745659608;54909656;;0;2088;;2;
l;119738072;54761176;GOP;1;1996;X;2;
l;3423275790040;54802136;GOP;0;1159;;2;
l;3422806023896;54812376;Dem;0;2917;;1;
l;3422873317080;54990552;;0;4222;X;1;
l;119664344;54821592;GOP;0;3793;X;2;
l;3423074431704;54940376;Lib;0;597;;3;
l;3424013984472;54808280;GOP;0;4242;X;2;
l;3422940521176;55001816;;0;3618;X;1;
l;3423275790040;54766296;Dem;1;2256;X;1;
l;3424081375960;55010008;GOP;1;2613;X;2;
l;3422940524248;55006936;;0;1144;;2;
l;3423410284248;55003864;;0;3294;X;1;
l;3422940247768;54809304;Dem;0;1032;;1;
l;119883480;54957784;;0;18227;X;1;
l;3424081097432;54901464;Lib;0;361;;3;
l;3423343177432;55005912;;0;23139;X;1;
l;119737048;54893272;Dem;0;1417;;1;
l;3423611336408;54810328;GOP;0;9044;X;2;
l;3423812755160;54907608;;0;453;;2;
l;3422873316056;54971096;;0;1089;;2;
l;3423544226520;54805208;GOP;0;927;X;2;
l;3424013987544;54802136;GOP;0;2317;;2;
l;3423477112536;54812376;Dem;0;10536;;1;
l;3423477087960;54745816;GOP;1;2669;X;2;
l;3424014169816;54975192;;0;953;;2;
l;119733976;54892248;GOP;1;1448;X;2;
l;3422873415384;55006936;;0;1537;;2;
l;3423476863704;54834904;GOP;0;3260;X;2;
l;3422806025944;54899416;Lib;0;406;;3;
l;3423745827544;55001816;;0;8723;X;1;
l;3423611441880;54908632;;0;7431;X;1;
l;3423343174360;55002840;;0;9494;;2;
l;3423477395160;55006936;;0;4787;;2;
l;3423208957656;55003864;;0;1520;X;1;
l;3423074459352;54812376;Dem;0;8342;;1;
l;3423410005720;54713048;GOP;1;3881;X;2;
l;3423342898904;54802136;GOP;0;8300;;2;
l;119729880;54889176;GOP;0;958;;2;
l;119746264;54802136;GOP;0;57999;;2;
l;3423208956632;55001816;;0;1600;X;1;
l;3422739198680;55008984;Dem;0;831;;1;
l;3423812656856;54812376;Dem;0;923;;1;
l;3422940245720;54802136;GOP;0;1757;;2;
l;3423007355608;54805208;GOP;0;2431;X;2;
l;3423947155160;55003864;;0;4746;X;1;
l;3422739198680;55010008;GOP;1;3687;X;2;
l;3423410283224;55002840;;0;1306;;2;
l;3423342899928;54901464;Lib;0;6071;;3;
l;3424148479704;54988504;;0;1777;X;1;
l;3423007462104;54909656;;0;553;;2;
l;3424013985496;54799064;Dem;0;2440;;1;
l;3422739104472;54980312;;0;2992;X;1;
l;3423343062744;54986456;;0;22239;X;1;
l;3423208775384;54907608;;0;431;;2;
l;3423812937432;55003864;;0;406;X;1;
l;3423141666520;54906584;;0;3431;X;1;
l;3423879767768;54713048;GOP;1;5532;X;2;
l;3422671839960;54885080;Dem;0;44;;1;
l;119773912;54882008;Dem;0;1257;;1;
l;3423544221400;54813400;GOP;1;768;X;2;
l;3422873412312;55001816;;0;3809;X;1;
l;119695064;54854360;GOP;0;1045;;2;
l;3423074465496;54810328;GOP;0;9564;X;2;
l;119928536;54975192;;0;3835;;2;
l;3423611519704;54980312;;0;7807;X;1;
l;3422671811288;54805208;GOP;0;7944;X;2;
l;3424081098456;54810328;GOP;0;2691;X;2;
l;3422873137880;54901464;Lib;0;1229;;3;
l;120024792;55006936;;0;46291;;2;
l;3423410007768;54802136;GOP;0;2818;;2;
l;3423812663000;54810328;GOP;0;2179;X;2;
l;3422940353240;54908632;;0;3397;X;1;
l;3424081203928;54909656;;0;517;;2;
l;3422940243672;54799064;Dem;0;2170;;1;
l;119676632;54832856;Dem;0;2465;;1;
l;3422940241624;54813400;GOP;1;3426;X;2;
l;3423879769816;54802136;GOP;0;3045;;2;
l;3423410004696;54808280;GOP;0;4548;X;2;
l;3422739013336;54907608;;0;852;;2;
l;3423477087960;54868696;Dem;0;1140;;1;
l;3424014267096;55010008;GOP;1;4457;X;2;
l;3423879769816;54766296;Dem;1;9730;X;1;
l;3423007356632;54810328;GOP;0;2318;X;2;
l;3422872846040;54911704;GOP;0;1740;;2;
l;3422671808216;54713048;GOP;1;4133;X;2;
l;119884504;54959832;;0;10659;X;1;
l;3423208960728;55010008;GOP;1;1681;X;2;
l;3423410286296;55005912;;0;4165;X;1;
l;119718616;54941400;Dem;0;1009;;1;
l;3424148483800;55005912;;0;1789;X;1;
l;119691992;54852312;GOP;0;1125;;2;
l;119880408;54962904;;0;6439;;2;
l;3423879767768;54899416;Lib;0;577;;3;
l;119717592;54745816;GOP;1;2669;X;2;
l;3424148480728;55002840;;0;660;;2;
l;3423477392088;55002840;;0;4922;;2;
l;3422872846040;54781656;Dem;1;3362;X;1;
l;3422873134808;54899416;Lib;0;330;;3;
l;3423678360280;54786776;GOP;1;839;X;2;
l;3423678722776;55010008;GOP;1;2848;X;2;
l;3424014081752;54906584;;0;4576;X;1;
l;3423141847768;55001816;;0;3618;X;1;
l;3423141851864;55010008;GOP;1;3717;X;2;
l;119724760;54751960;Dem;1;1394;X;1;
l;3423477086936;54867672;Dem;0;1645;X;1;
l;119720664;54943448;Ind;0;1693;;3;
l;3423074431704;54742744;GOP;1;2460;X;2;
l;119887576;54993624;;0;6571;;2;
l;119493336;54833880;Dem;0;3134;;1;
l;3423946874584;54813400;GOP;1;3608;X;2;
l;3423879770840;54805208;GOP;0;8966;X;2;
l;3423946876632;54713048;GOP;1;2598;X;2;
l;3423812658904;54799064;Dem;0;1055;;1;
l;3423812936408;55002840;;0;810;;2;
l;3423208788696;54908632;;0;1506;X;1;
l;3422671806168;54812376;Dem;0;5845;;1;
l;3422805994200;54863576;Dem;0;506;;1;
l;3423678440152;54806232;Dem;0;1315;;1;
l;3422739195608;55004888;;0;1266;;2;
l;119774936;54884056;Dem;0;1702;;1;
l;3423275787992;54713048;GOP;1;2116;X;2;
l;3424148201176;54813400;GOP;1;1713;X;2;
l;3423141569240;54806232;Dem;0;1285;;1;
l;119897816;54994648;;0;14513;X;1;
l;3423745553112;54805208;GOP;0;9130;X;2;
l;3422806029016;54901464;Lib;0;1240;;3;
l;119931608;54980312;;0;12326;X;1;
l;3422671810264;54766296;Dem;1;9449;X;1;
l;3423946879704;54901464;Lib;0;2007;;3;
l;3423611330264;54813400;GOP;1;7991;X;2;
l;3423947157208;55006936;;0;1497;;2;
l;3423208683224;54810328;GOP;0;1713;X;2;
l;119926488;54991576;;0;2561;;2;
l;3424148205272;54802136;GOP;0;1028;;2;
l;3423410115288;54908632;;0;4093;X;1;
l;3423275792088;54809304;Dem;0;535;;1;
l;3423879952088;54975192;;0;1971;;2;
l;3423074741976;55005912;;0;9051;X;1;
l;3423544319704;54906584;;0;668;X;1;
l;3423611331288;54808280;GOP;0;8760;X;2;
l;3423745550040;54713048;GOP;1;5883;X;2;
l;3423208678104;54806232;Dem;0;539;;1;
l;3424148202200;54808280;GOP;0;1942;X;2;
l;119930584;54978264;;0;17061;X;1;
l;119840472;54907608;;0;34048;;2;
l;3423678441176;54899416;Lib;0;145;;3;
l;119663320;54815448;Dem;0;2603;;1;
l;3422671812312;54810328;GOP;0;6725;X;2;
l;3423007352536;54713048;GOP;1;2077;X;2;
l;3422940433112;54985432;;0;877;;2;
l;3423074430680;54784728;Dem;1;1519;X;1;
l;3422940383960;54959832;;0;3444;X;1;
l;3423477396184;55008984;Dem;0;7553;;1;
l;120022744;55004888;;0;77234;;2;
l;3423544504024;55005912;;0;769;X;1;
l;3423074463448;54802136;GOP;0;4237;;2;
l;3422873244376;54909656;;0;1159;;2;
l;3423946876632;54899416;Lib;0;210;;3;
l;3422873416408;55010008;GOP;1;3836;X;2;
l;3423611609816;55001816;;0;8445;X;1;
l;3423074570968;54908632;;0;8552;X;1;
l;3423342896856;54799064;Dem;0;18188;;1;
l;3423342993112;54907608;;0;6233;;2;
l;3423342896856;54899416;Lib;0;1136;;3;
l;3422672085720;55001816;;0;8095;X;1;
l;3423141850840;55005912;;0;3629;X;1;
l;3423745830616;55005912;;0;8520;X;1;
l;3423745547992;54813400;GOP;1;6935;X;2;
l;3423477117656;54901464;Lib;0;4149;;3;
l;3423074615000;54995672;;0;2309;;2;
l;3423678445272;54810328;GOP;0;2851;X;2;
l;3423947157208;55005912;;0;6640;X;1;
l;3423276066520;55003864;;0;1371;X;1;
l;3423544225496;54802136;GOP;0;458;;2;
l;3423946986200;54909656;;0;985;;2;
l;3423745828568;55003864;;0;7586;X;1;
l;119922392;54965976;;0;22150;X;1;
l;3423074459352;54813400;GOP;1;5060;X;2;
l;3423276069592;55010008;GOP;1;2766;X;2;
l;3422671811288;54901464;Lib;0;2563;;3;
l;3422671839960;54887128;GOP;0;63;X;2;
l;3423611330264;54812376;Dem;0;3160;;1;
l;119899864;54954712;;0;7889;;2;
