l;1275223044448;23528800;Ind;0;36;;8;
l;1279317012832;23565664;;0;1682;;2;
l;1275760239968;23558496;;0;33393;X;1;
l;1278914352480;23550304;;0;9545;X;1;
l;1278041616736;23527776;Ind;0;15;;7;
l;1276833657184;23527776;Ind;0;222;;7;
l;1278712641888;23544160;GOP;0;779;X;2;
l;1278712705376;23532896;Ind;0;8;;12;
l;1275760245088;23569760;;0;22122;;2;
l;1277169526112;23558496;;0;6595;X;1;
l;1276968201568;23562592;;0;22415;;1;
l;1279182796128;23567712;;0;3345;;2;
l;1279115683168;23558496;;0;7041;X;1;
l;1276498440544;23564640;;0;2125;X;1;
l;1278377481568;23551328;;0;7472;;2;
l;1277907719520;23551328;;0;1821;;2;
l;1278310052192;23528800;Ind;0;23;;8;
l;1276766548320;23526752;Ind;0;23;;5;
l;1278444598624;23567712;;0;6280;;2;
l;1276229613920;23545184;Dem;0;59130;;1;
l;1279115679072;23550304;;0;7572;X;1;
l;1276297114976;23566688;;0;1050;X;1;
l;1278578817376;23569760;;0;31359;;2;
l;1278914031968;23512416;Dem;0;3839;;1;
l;1277034920288;23544160;GOP;0;16622;X;2;
l;1276699765088;23561568;;0;3419;;2;
l;1277236630880;23551328;;0;8280;;2;
l;1275760244064;23566688;;0;24507;X;1;
l;1277773502816;23553376;;0;15535;;2;
l;1278645533024;23545184;Dem;0;11789;;1;
l;1275290473824;23551328;;0;7703;;2;
l;1278041616736;23514464;RP;0;58;;9;
l;1277773511008;23568736;;0;16722;X;1;
l;1276095782240;23554400;;0;3409;X;1;
l;1277572183392;23566688;;0;17082;X;1;
l;1277236246880;23544160;GOP;0;26288;X;2;
l;1278444595552;23561568;;0;5548;;2;
l;1277505069408;23557472;;0;40294;X;2;
l;1276900766048;23524704;Ind;0;87;;3;
l;1275223371104;23563616;;0;2916;X;2;
l;1278780135776;23552352;;0;17232;X;1;
l;1278713027936;23554400;;0;794;X;1;
l;1277840290144;23530848;Ind;0;9;;11;
l;1276632267104;23544160;GOP;0;12407;X;2;
l;1275558910304;23552352;;0;3342;X;1;
l;1278780142944;23566688;;0;14996;X;1;
l;1275894456672;23556448;;0;800;;1;
l;1278713025888;23551328;;0;415;;2;
l;1277706402144;23569760;;0;3031;;2;
l;1277102092640;23514464;RP;0;21;;9;
l;1278175770976;23544160;GOP;0;1682;X;2;
l;1276162890080;23553376;;0;2218;;2;
l;1279316685152;23527776;Ind;0;12;;7;
l;1279048573280;23556448;;0;4013;;1;
l;1276901094752;23566688;;0;3773;X;1;
l;1275760242016;23562592;;0;17692;;1;
l;1277303419232;23549280;Lib;0;17;;6;
l;1276498437472;23558496;;0;2870;X;1;
l;1277571854688;23514464;RP;0;154;;9;
l;1277907335520;23545184;Dem;0;2192;;1;
l;1275894133088;23549280;Lib;0;19;;6;
l;1275491807584;23565664;;0;4754;;2;
l;1277907721568;23555424;;0;1865;;2;
l;1276766874976;23563616;;0;2682;X;2;
l;1278444269920;23512416;Dem;0;6331;;1;
l;1279317011808;23563616;;0;1916;X;2;
l;1277907521888;23349600;GOP;1;4098;X;1;
l;1279316685152;23526752;Ind;0;14;;5;
l;1277370528096;23530848;Ind;0;51;;11;
l;1276900890976;23353696;GOP;1;0;X;1;
l;1276699767136;23565664;;0;4651;;2;
l;1276162891104;23555424;;0;2033;;2;
l;1279249576288;23530848;Ind;0;22;;11;
l;1275424694624;23556448;;0;3585;;1;
l;1275961567584;23560544;;0;1334;X;1;
l;1279115480416;23539040;Ind;0;484;;3;
l;1276028678496;23564640;;0;1700;X;1;
l;1277370850656;23554400;;0;4212;X;1;
l;1277840290144;23524704;Ind;0;28;;3;
l;1277773181280;23529824;Ind;0;164;;10;
l;1278780141920;23565664;;0;10054;;2;
l;1276565543264;23553376;;0;2183;;2;
l;1278511705440;23562592;;0;4623;;1;
l;1278444597600;23565664;;0;7427;;2;
l;1276229677408;23530848;Ind;0;678;;11;
l;1277572180320;23561568;;0;13237;;2;
l;1275491479904;23512416;Dem;0;1899;;1;
l;1275692806496;23514464;RP;0;286;;9;
l;1278176158048;23557472;;0;1967;X;2;
l;1275760245088;23568736;;0;26321;X;1;
l;1277035304288;23551328;;0;5600;;2;
l;1275759915360;23528800;Ind;0;211;;8;
l;1275827350880;23563616;;0;1488;X;2;
l;1277773181280;23359840;GOP;1;21802;X;2;
l;1279115682144;23556448;;0;4741;;1;
l;1277034983776;23529824;Ind;0;57;;10;
l;1277840617824;23565664;;0;1449;;2;
l;1276565542240;23551328;;0;1666;;2;
l;1279182467424;23359840;GOP;1;3988;X;2;
l;1276699768160;23567712;;0;4175;;2;
l;1275223044448;23525728;Ind;0;30;;4;
l;1277974629728;23347552;GOP;1;4613;X;2;
l;1275357586784;23559520;;0;2194;;2;
l;1276296786272;23359840;GOP;1;893;X;2;
l;1276900766048;23530848;Ind;0;55;;11;
l;1277639287136;23556448;;0;2810;;1;
l;1278176154976;23550304;;0;2356;X;1;
l;1278108725600;23528800;Ind;0;31;;8;
l;1277236310368;23530848;Ind;0;278;;11;
l;1277907521888;23540064;Ind;0;1070;;2;
l;1279249904992;23567712;;0;1172;;2;
l;1276431325536;23552352;;0;5531;X;1;
l;1277169529184;23565664;;0;5369;;2;
l;1278712705376;23524704;Ind;0;20;;3;
l;1278041616736;23529824;Ind;0;35;;10;
l;1279048249696;23528800;Ind;0;53;;8;
l;1275491800416;23551328;;0;2127;;2;
l;1278981140832;23530848;Ind;0;63;;11;
l;1278914360672;23567712;;0;6639;;2;
l;1279048571232;23552352;;0;5803;X;1;
l;1275155935584;23530848;Ind;0;155;;11;
l;1279249576288;23526752;Ind;0;9;;5;
l;1276699769184;23569760;;0;4039;;2;
l;1276230002016;23558496;;0;81693;X;1;
l;1276364223840;23566688;;0;3047;X;1;
l;1278309988704;23545184;Dem;0;7825;;1;
l;1275961241952;23532896;Ind;0;25;;12;
l;1275357262176;23527776;Ind;0;20;;7;
l;1276565551456;23568736;;0;2429;X;1;
l;1277370852704;23558496;;0;3799;X;1;
l;1276766548320;23512416;Dem;0;1416;;1;
l;1278847045984;23349600;GOP;1;5285;X;1;
l;1279249512800;23544160;GOP;0;2005;X;2;
l;1278243263840;23551328;;0;2391;;2;
l;1275625634144;23545184;Dem;0;9292;;1;
l;1277974835552;23564640;;0;2266;X;1;
l;1275961241952;23529824;Ind;0;11;;10;
l;1277169525088;23557472;;0;4802;X;2;
l;1275826960736;23544160;GOP;0;1755;X;2;
l;1276028350816;23512416;Dem;0;1394;;1;
l;1276297106784;23551328;;0;921;;2;
l;1275626027360;23568736;;0;15372;X;1;
l;1278243265888;23554400;;0;4218;X;1;
l;1278310381920;23568736;;0;5967;X;1;
l;1275424699744;23566688;;0;3913;X;1;
l;1276699375968;23544160;GOP;0;4603;X;2;
l;1276431329632;23560544;;0;4489;X;1;
l;1277572175200;23551328;;0;12135;;2;
l;1279316685152;23524704;Ind;0;26;;3;
l;1276766548320;23532896;Ind;0;25;;12;
l;1277169531232;23568736;;0;5852;X;1;
l;1275223044448;23524704;Ind;0;49;;3;
l;1278175834464;23525728;Ind;0;46;;4;
l;1278712641888;23545184;Dem;0;666;;1;
l;1277437961568;23558496;;0;5486;X;1;
l;1278310052192;23524704;Ind;0;97;;3;
l;1278109049184;23557472;;0;6444;X;2;
l;1276699439456;23512416;Dem;0;5788;;1;
l;1278176160096;23560544;;0;2044;X;1;
l;1277303748960;23569760;;0;923;;2;
l;1278444591456;23552352;;0;10025;X;1;
l;1275827348832;23559520;;0;973;;2;
l;1277370528096;23526752;Ind;0;35;;5;
l;1275290277216;23351648;GOP;1;14171;X;2;
l;1279115685216;23563616;;0;6118;X;2;
l;1276095781216;23552352;;0;3437;X;1;
l;1275357198688;23545184;Dem;0;3352;;1;
l;1278243264864;23553376;;0;2987;;2;
l;1275223368032;23556448;;0;1747;;1;
l;1277035305312;23553376;;0;8179;;2;
l;1279317010784;23560544;;0;2392;X;1;
l;1277907399008;23524704;Ind;0;75;;3;
l;1275491479904;23529824;Ind;0;28;;10;
l;1279384120672;23563616;;0;2240;X;2;
l;1278914359648;23564640;;0;5602;X;1;
l;1278981140832;23532896;Ind;0;79;;12;
l;1279182467424;23532896;Ind;0;43;;12;
l;1277370528096;23514464;RP;0;36;;9;
l;1275558588768;23527776;Ind;0;22;;7;
l;1276632659296;23567712;;0;8487;;2;
l;1275558913376;23558496;;0;2723;X;1;
l;1278780136800;23555424;;0;8303;;2;
l;1277035312480;23566688;;0;13875;X;1;
l;1278377161056;23526752;Ind;0;186;;5;
l;1277303745888;23563616;;0;1253;X;2;
l;1277638900064;23545184;Dem;0;2557;;1;
l;1278981140832;23512416;Dem;0;1645;;1;
l;1277572175200;23550304;;0;24573;X;1;
l;1276364221792;23562592;;0;2252;;1;
l;1276968202592;23564640;;0;25707;X;1;
l;1277035306336;23555424;;0;8288;;2;
l;1275357587808;23560544;;0;3492;X;1;
l;1278846923104;23527776;Ind;0;16;;7;
l;1278377488736;23564640;;0;9439;X;1;
l;1279182787936;23551328;;0;1934;;2;
l;1279384121696;23565664;;0;2119;;2;
l;1276632330592;23529824;Ind;0;54;;10;
l;1278645925216;23566688;;0;16329;X;1;
l;1277504745824;23528800;Ind;0;196;;8;
l;1277706393952;23553376;;0;2658;;2;
l;1276162568544;23525728;Ind;0;33;;4;
l;1275693134176;23565664;;0;29837;;2;
l;1276565221728;23532896;Ind;0;43;;12;
l;1276363895136;23528800;Ind;0;19;;8;
l;1275491808608;23566688;;0;4372;X;1;
l;1278175834464;23529824;Ind;0;28;;10;
l;1278444269920;23514464;RP;0;62;;9;
l;1278713034080;23566688;;0;609;X;1;
l;1275894454624;23553376;;0;681;;2;
l;1278511378784;23359840;GOP;1;8515;X;2;
l;1277437636960;23549280;Lib;0;76;;6;
l;1277639291232;23565664;;0;2416;;2;
l;1278310376800;23559520;;0;4446;;2;
l;1278712705376;23549280;Lib;0;19;;6;
l;1277437959520;23554400;;0;5467;X;1;
l;1275491479904;23532896;Ind;0;46;;12;
l;1276968203616;23566688;;0;30921;X;1;
l;1276498436448;23557472;;0;2404;X;2;
l;1278578809184;23552352;;0;36065;X;1;
l;1278780135776;23553376;;0;7103;;2;
l;1276498112864;23359840;GOP;1;3481;X;2;
l;1279384122720;23567712;;0;1800;;2;
l;1275760237920;23554400;;0;36272;X;1;
l;1277907719520;23550304;;0;3271;X;1;
l;1278243269984;23562592;;0;3241;;1;
l;1276833593696;23545184;Dem;0;46764;;1;
l;1275693136224;23568736;;0;37312;X;1;
l;1275424307552;23544160;GOP;0;4777;X;2;
l;1277236310368;23512416;Dem;0;5854;;1;
l;1279048579424;23569760;;0;4169;;2;
l;1279115681120;23555424;;0;3465;;2;
l;1278176159072;23558496;;0;2297;X;1;
l;1277370650976;23540064;Ind;0;1791;;2;
l;1275223365984;23552352;;0;2968;X;1;
l;1277840290144;23549280;Lib;0;9;;6;
l;1277706196320;23522656;Dem;0;1037;;1;
l;1276565545312;23557472;;0;2901;X;2;
l;1276162894176;23561568;;0;2819;;2;
l;1276565221728;23514464;RP;0;30;;9;
l;1277303748960;23568736;;0;1285;X;1;
l;1276364222816;23564640;;0;2616;X;1;
l;1278444599648;23569760;;0;5952;;2;
l;1277840226656;23544160;GOP;0;1274;X;2;
l;1277505075552;23568736;;0;41405;X;1;
l;1276498437472;23559520;;0;1862;;2;
l;1275290274144;23518560;Dem;0;5093;;1;
l;1279317008736;23557472;;0;1867;X;2;
l;1278041553248;23544160;GOP;0;4638;X;2;
l;1278310372704;23550304;;0;7913;X;1;
l;1278109053280;23564640;;0;8681;X;1;
l;1276162898272;23569760;;0;2853;;2;
l;1276498112864;23526752;Ind;0;25;;5;
l;1276967874912;23549280;Lib;0;768;;6;
l;1276766872928;23559520;;0;1500;;2;
l;1278913968480;23544160;GOP;0;9536;X;2;
l;1279182793056;23560544;;0;4634;X;1;
l;1277169528160;23562592;;0;4158;;1;
l;1277638900064;23544160;GOP;0;3840;X;2;
l;1277370853728;23560544;;0;3940;X;1;
l;1276565542240;23550304;;0;3116;X;1;
l;1276565544288;23554400;;0;2953;X;1;
l;1275491801440;23552352;;0;5393;X;1;
l;1276431004000;23529824;Ind;0;56;;10;
l;1276028676448;23561568;;0;1128;;2;
l;1276901086560;23550304;;0;5857;X;1;
l;1278377486688;23560544;;0;12971;X;1;
l;1278377488736;23565664;;0;12468;;2;
l;1277907723616;23558496;;0;2753;X;1;
l;1277907399008;23526752;Ind;0;31;;5;
l;1276229677408;23532896;Ind;0;723;;12;
l;1277437963616;23563616;;0;5425;X;2;
l;1278377489760;23567712;;0;10747;;2;
l;1279115684192;23560544;;0;6316;X;1;
l;1276632655200;23559520;;0;6471;;2;
l;1278175958368;23351648;GOP;1;1920;X;2;
l;1276967874912;23512416;Dem;0;18768;;1;
l;1277303419232;23529824;Ind;0;9;;10;
l;1277773506912;23561568;;0;15209;;2;
l;1278175834464;23527776;Ind;0;17;;7;
l;1276364019040;23351648;GOP;1;4118;X;2;
l;1279115680096;23553376;;0;2690;;2;
l;1278511707488;23566688;;0;6701;X;1;
l;1276028350816;23532896;Ind;0;24;;12;
l;1277169527136;23560544;;0;6241;X;1;
l;1277102422368;23568736;;0;1048;X;1;
l;1277236434272;23351648;GOP;1;29224;X;2;
l;1278310052192;23527776;Ind;0;20;;7;
l;1275760236896;23552352;;0;30232;X;1;
l;1276967874912;23524704;Ind;0;440;;3;
l;1278713032032;23562592;;0;509;;1;
l;1276297112928;23563616;;0;1169;X;2;
l;1277639285088;23553376;;0;2011;;2;
l;1275760235872;23550304;;0;36648;X;1;
l;1277974507872;23359840;GOP;1;4247;X;2;
l;1276296786272;23524704;Ind;0;93;;3;
l;1279115685216;23562592;;0;4308;;1;
l;1277504745824;23532896;Ind;0;419;;12;
l;1278981468512;23564640;;0;3055;X;1;
l;1277437636960;23526752;Ind;0;38;;5;
l;1276028350816;23526752;Ind;0;17;;5;
l;1276900766048;23532896;Ind;0;51;;12;
l;1278041946464;23569760;;0;3548;;2;
l;1279182789984;23554400;;0;4714;X;1;
l;1278779814240;23525728;Ind;0;133;;4;
l;1276230005088;23564640;;0;61738;X;1;
l;1276162568544;23549280;Lib;0;56;;6;
l;1277370855776;23564640;;0;2952;X;1;
l;1276028673376;23554400;;0;2463;X;1;
l;1278310052192;23532896;Ind;0;70;;12;
l;1278511378784;23549280;Lib;0;151;;6;
l;1279317013856;23566688;;0;1834;X;1;
l;1278981262688;23521632;Dem;0;1443;;1;
l;1276565549408;23565664;;0;2954;;2;
l;1276901088608;23554400;;0;5509;X;1;
l;1278846923104;23526752;Ind;0;22;;5;
l;1278377161056;23529824;Ind;0;106;;10;
l;1277638963552;23525728;Ind;0;38;;4;
l;1279182467424;23512416;Dem;0;3408;;1;
l;1276766870880;23555424;;0;1301;;2;
l;1276565550432;23566688;;0;2120;X;1;
l;1278041938272;23553376;;0;3623;;2;
l;1277437636960;23530848;Ind;0;42;;11;
l;1275894133088;23525728;Ind;0;7;;4;
l;1275558916448;23564640;;0;1693;X;1;
l;1278108725600;23525728;Ind;0;146;;4;
l;1277504745824;23524704;Ind;0;627;;3;
l;1278645596512;23512416;Dem;0;9404;;1;
l;1276699439456;23549280;Lib;0;103;;6;
l;1277236639072;23567712;;0;14678;;2;
l;1278578811232;23557472;;0;30021;X;2;
l;1275155935584;23512416;Dem;0;4719;;1;
l;1277236633952;23557472;;0;17593;X;2;
l;1276632657248;23562592;;0;7179;;1;
l;1276431004000;23525728;Ind;0;70;;4;
l;1278712705376;23359840;GOP;1;759;X;2;
l;1276297116000;23569760;;0;984;;2;
l;1277974830432;23555424;;0;1864;;2;
l;1279048186208;23544160;GOP;0;7224;X;2;
l;1278242943328;23514464;RP;0;35;;9;
l;1278914359648;23565664;;0;7868;;2;
l;1275827024224;23359840;GOP;1;1784;X;2;
l;1276297114976;23567712;;0;975;;2;
l;1277169525088;23556448;;0;5266;;1;
l;1275692806496;23549280;Lib;0;659;;6;
l;1276833986912;23568736;;0;52713;X;1;
l;1275424493920;23349600;GOP;1;6155;X;1;
l;1276699439456;23359840;GOP;1;3996;X;2;
l;1277706397024;23559520;;0;2702;;2;
l;1276363895136;23524704;Ind;0;84;;3;
l;1276028472672;23347552;GOP;1;2449;X;2;
l;1278780137824;23556448;;0;10768;;1;
l;1278779814240;23528800;Ind;0;63;;8;
l;1275424693600;23555424;;0;2892;;2;
l;1275155872096;23545184;Dem;0;6437;;1;
l;1276297107808;23552352;;0;1057;X;1;
l;1276229801312;23522656;Dem;0;52682;;1;
l;1278108844384;23516512;Dem;0;783;;1;
l;1278578812256;23559520;;0;31410;;2;
l;1275223044448;23359840;GOP;1;3065;X;2;
l;1276364221792;23563616;;0;3775;X;2;
l;1275155935584;23532896;Ind;0;109;;12;
l;1278578815328;23564640;;0;42420;X;1;
l;1275424697696;23562592;;0;2816;;1;
l;1278914356576;23559520;;0;5181;;2;
l;1276162568544;23527776;Ind;0;34;;7;
l;1275357585760;23557472;;0;2795;X;2;
l;1279316809056;23522656;Dem;0;1372;;1;
l;1278578606432;23533920;Ind;0;1425;;3;
l;1276901090656;23558496;;0;4954;X;1;
l;1278981466464;23560544;;0;4755;X;1;
l;1276095459680;23526752;Ind;0;22;;5;
l;1275223370080;23561568;;0;1923;;2;
l;1278780134752;23550304;;0;18532;X;1;
l;1279115688288;23568736;;0;6254;X;1;
l;1278713033056;23565664;;0;661;;2;
l;1277706072416;23359840;GOP;1;3867;X;2;
l;1276296909152;23349600;GOP;1;1452;X;1;
l;1276430940512;23544160;GOP;0;5281;X;2;
l;1276296786272;23528800;Ind;0;40;;8;
l;1278847243616;23550304;;0;4223;X;1;
l;1278444590432;23550304;;0;9071;X;1;
l;1277773511008;23569760;;0;16145;;2;
l;1277169324384;23349600;GOP;1;8395;X;1;
l;1277303355744;23544160;GOP;0;1320;X;2;
l;1276968200544;23561568;;0;19564;;2;
l;1275961562464;23550304;;0;1675;X;1;
l;1278713032032;23563616;;0;738;X;2;
l;1276967874912;23530848;Ind;0;1257;;11;
l;1275156257120;23552352;;0;9870;X;1;
l;87640416;23518560;Dem;0;61909;;1;
l;1277169522016;23551328;;0;2439;;2;
l;1275290479968;23563616;;0;15785;X;2;
l;1276766868832;23551328;;0;1379;;2;
l;1275290277216;23522656;Dem;0;3250;;1;
l;1276095786336;23563616;;0;2336;X;2;
l;1275357262176;23549280;Lib;0;41;;6;
l;1276028350816;23529824;Ind;0;30;;10;
l;1275491806560;23563616;;0;5121;X;2;
l;1277974829408;23552352;;0;3826;X;1;
l;1276364215648;23550304;;0;4381;X;1;
l;1276296786272;23529824;Ind;0;20;;10;
l;87519584;23549280;Lib;0;13952;;6;
l;1278914353504;23553376;;0;4439;;2;
l;87519584;23527776;Ind;0;4042;;7;
l;1276296786272;23549280;Lib;0;34;;6;
l;1278176162144;23564640;;0;1618;X;1;
l;1276968201568;23563616;;0;33979;X;2;
l;1276498434400;23552352;;0;3081;X;1;
l;1275693132128;23561568;;0;23811;;2;
l;1275558588768;23524704;Ind;0;94;;3;
l;87837024;23546208;GOP;0;22513;X;2;
l;1275626019168;23552352;;0;16535;X;1;
l;1275156258144;23554400;;0;9491;X;1;
l;1276901093728;23565664;;0;4534;;2;
l;1276028677472;23562592;;0;1465;;1;
l;1277437958496;23553376;;0;3409;;2;
l;1279316685152;23528800;Ind;0;15;;8;
l;1275827024224;23512416;Dem;0;680;;1;
l;1278981467488;23563616;;0;5224;X;2;
l;1276431329632;23561568;;0;3573;;2;
l;1276028472672;23521632;Dem;0;1189;;1;
l;1275223372128;23565664;;0;2796;;2;
l;1278176157024;23555424;;0;1261;;2;
l;1278846923104;23524704;Ind;0;77;;3;
l;1277035104608;23542112;GOP;0;16777;X;2;
l;1277102421344;23567712;;0;2760;;2;
l;1278914354528;23555424;;0;4688;;2;
l;1276364220768;23560544;;0;3749;X;1;
l;1279048249696;23526752;Ind;0;39;;5;
l;1275759851872;23545184;Dem;0;21257;;1;
l;1277370528096;23525728;Ind;0;41;;4;
l;1278847245664;23554400;;0;4011;X;1;
l;1276028350816;23530848;Ind;0;23;;11;
l;87642464;23540064;Ind;0;33279;;2;
l;1276431326560;23555424;;0;3195;;2;
l;1275961178464;23544160;GOP;0;1878;X;2;
l;1278847249760;23562592;;0;2143;;1;
l;1279383794016;23528800;Ind;0;138;;8;
l;1275156259168;23556448;;0;6202;;1;
l;1276833980768;23556448;;0;58761;;1;
l;1275155935584;23529824;Ind;0;43;;10;
l;1275760243040;23564640;;0;19672;X;1;
l;1277706394976;23555424;;0;2630;;2;
l;1277974507872;23532896;Ind;0;40;;12;
l;1276297112928;23562592;;0;863;;1;
l;1278109055328;23569760;;0;7158;;2;
l;1277437636960;23527776;Ind;0;23;;7;
l;1277169201504;23532896;Ind;0;57;;12;
l;1275357262176;23529824;Ind;0;16;;10;
l;1276296786272;23532896;Ind;0;32;;12;
l;1276900766048;23527776;Ind;0;94;;7;
l;1277907722592;23557472;;0;2766;X;2;
l;1278041944416;23564640;;0;4236;X;1;
l;1277102417248;23559520;;0;1105;;2;
l;1277034983776;23549280;Lib;0;196;;6;
l;1278847246688;23556448;;0;2717;;1;
l;1277370528096;23532896;Ind;0;57;;12;
l;1277504745824;23549280;Lib;0;924;;6;
l;1275625697632;23527776;Ind;0;61;;7;
l;1277571977568;23349600;GOP;1;28819;X;1;
l;1278914031968;23359840;GOP;1;10571;X;2;
l;1277505074528;23567712;;0;25061;;2;
l;1278108725600;23524704;Ind;0;76;;3;
l;1275491479904;23528800;Ind;0;87;;8;
l;1277974837600;23569760;;0;2442;;2;
l;1275156260192;23558496;;0;8555;X;1;
l;1277437573472;23545184;Dem;0;4581;;1;
l;1276028350816;23359840;GOP;1;2387;X;2;
l;1278109051232;23561568;;0;4497;;2;
l;1277437960544;23557472;;0;4795;X;2;
l;1278578487648;23527776;Ind;0;119;;7;
l;1279115480416;23347552;GOP;1;7894;X;2;
l;1277437636960;23359840;GOP;1;5178;X;2;
l;1278981469536;23567712;;0;3666;;2;
l;1278242943328;23549280;Lib;0;43;;6;
l;1275692928352;23347552;GOP;1;36997;X;2;
l;1278041945440;23566688;;0;4560;X;1;
l;1275223364960;23551328;;0;1599;;2;
l;1275156265312;23569760;;0;7326;;2;
l;1278847247712;23558496;;0;3477;X;1;
l;1276833982816;23560544;;0;76890;X;1;
l;1275424371040;23359840;GOP;1;4925;X;2;
l;1277169529184;23564640;;0;4581;X;1;
l;1275223369056;23559520;;0;1536;;2;
l;1276968204640;23569760;;0;23635;;2;
l;1275894457696;23559520;;0;696;;2;
l;1279182794080;23563616;;0;4286;X;2;
l;1278578424160;23545184;Dem;0;19004;;1;
l;1275558916448;23565664;;0;2379;;2;
l;1275558588768;23529824;Ind;0;20;;10;
l;1277169526112;23559520;;0;3556;;2;
l;1275894133088;23524704;Ind;0;28;;3;
l;1277303739744;23550304;;0;1497;X;1;
l;1276229677408;23526752;Ind;0;388;;5;
l;1278377485664;23559520;;0;9283;;2;
l;1277974828384;23551328;;0;2036;;2;
l;1277437965664;23567712;;0;4088;;2;
l;1278310373728;23553376;;0;5322;;2;
l;1278578487648;23526752;Ind;0;165;;5;
l;1276028287328;23545184;Dem;0;1753;;1;
l;1279249896800;23551328;;0;681;;2;
l;1277169201504;23525728;Ind;0;40;;4;
l;1278914352480;23551328;;0;4593;;2;
l;1278578817376;23568736;;0;39255;X;1;
l;1276900766048;23529824;Ind;0;23;;10;
l;1277706072416;23527776;Ind;0;57;;7;
l;1276900766048;23525728;Ind;0;34;;4;
l;1277034920288;23545184;Dem;0;8481;;1;
l;1276699765088;23560544;;0;5216;X;1;
l;1277303739744;23551328;;0;788;;2;
l;1278041616736;23524704;Ind;0;67;;3;
l;1278444269920;23526752;Ind;0;55;;5;
l;1276498440544;23565664;;0;2494;;2;
l;1278511699296;23550304;;0;10563;X;1;
l;1277706072416;23526752;Ind;0;50;;5;
l;1278377161056;23528800;Ind;0;181;;8;
l;1279182794080;23562592;;0;2889;;1;
l;1277638963552;23514464;RP;0;16;;9;
l;1278444598624;23566688;;0;7079;X;1;
l;1276632658272;23565664;;0;10584;;2;
l;1278444595552;23560544;;0;7979;X;1;
l;1278444269920;23549280;Lib;0;155;;6;
l;1277504745824;23512416;Dem;0;73005;;1;
l;1275424371040;23529824;Ind;0;32;;10;
l;1277706394976;23554400;;0;4623;X;1;
l;1279115358560;23532896;Ind;0;86;;12;
l;1275961570656;23566688;;0;1111;X;1;
l;1277504865632;23535968;Ind;0;680;;3;
l;1277840611680;23553376;;0;619;;2;
l;1277035104608;23518560;Dem;0;7752;;1;
l;1277974507872;23529824;Ind;0;24;;10;
l;1278310052192;23525728;Ind;0;93;;4;
l;1278780143968;23568736;;0;13826;X;1;
l;1277706072416;23529824;Ind;0;31;;10;
l;87519584;23524704;Ind;0;9970;;3;
l;1277572183392;23567712;;0;18141;;2;
l;1276363895136;23512416;Dem;0;2925;;1;
l;1277102092640;23530848;Ind;0;35;;11;
l;1276699766112;23562592;;0;3415;;1;
l;1276162890080;23552352;;0;4411;X;1;
l;1276498112864;23527776;Ind;0;20;;7;
l;1276699439456;23524704;Ind;0;117;;3;
l;1276363895136;23529824;Ind;0;15;;10;
l;1279317014880;23569760;;0;1421;;2;
l;1278310374752;23555424;;0;4322;;2;
l;1275625697632;23532896;Ind;0;138;;12;
l;1277035306336;23554400;;0;14468;X;1;
l;1275827349856;23561568;;0;1072;;2;
l;1275491479904;23526752;Ind;0;35;;5;
l;1276632267104;23545184;Dem;0;8672;;1;
l;1275558910304;23553376;;0;1106;;2;
l;1277840290144;23527776;Ind;0;7;;7;
l;1276297109856;23557472;;0;1189;X;2;
l;1276833657184;23526752;Ind;0;326;;5;
l;1275692806496;23532896;Ind;0;545;;12;
l;1277236637024;23562592;;0;11841;;1;
l;1275290153312;23530848;Ind;0;208;;11;
l;1277907721568;23554400;;0;3123;X;1;
l;1278108662112;23544160;GOP;0;10088;X;2;
l;1278041616736;23525728;Ind;0;97;;4;
l;1277639084384;23542112;GOP;0;4273;X;2;
l;1279048573280;23557472;;0;5845;X;2;
l;1278041616736;23532896;Ind;0;87;;12;
l;1279249576288;23512416;Dem;0;485;;1;
l;1277102092640;23526752;Ind;0;26;;5;
l;1276431328608;23558496;;0;4526;X;1;
l;1278780142944;23567712;;0;8467;;2;
l;1276699767136;23564640;;0;3939;X;1;
l;1276162891104;23554400;;0;4457;X;1;
l;1279249576288;23529824;Ind;0;21;;10;
l;1275424694624;23557472;;0;4150;X;2;
l;1277303419232;23524704;Ind;0;31;;3;
l;1277907399008;23528800;Ind;0;47;;8;
l;1279317009760;23558496;;0;2331;X;1;
l;1275625697632;23512416;Dem;0;6620;;1;
l;1276028672352;23553376;;0;393;;2;
l;1277773181280;23528800;Ind;0;328;;8;
l;1278444597600;23564640;;0;5837;X;1;
l;1278645922144;23560544;;0;17973;X;1;
l;1277505068384;23554400;;0;49173;X;1;
l;1276498112864;23530848;Ind;0;43;;11;
l;1275223373152;23566688;;0;2181;X;1;
l;1278176158048;23556448;;0;1543;;1;
l;1277907335520;23544160;GOP;0;3480;X;2;
l;1276632660320;23569760;;0;7913;;2;
l;1278242943328;23359840;GOP;1;3145;X;2;
l;1275961567584;23561568;;0;1080;;2;
l;1278109052256;23563616;;0;6175;X;2;
l;1276565343584;23539040;Ind;0;74;;3;
l;1277907399008;23525728;Ind;0;27;;4;
l;87639392;23517536;Dem;0;83653;X;1;
l;1279115358560;23359840;GOP;1;7380;X;2;
l;1278444596576;23562592;;0;5368;;1;
l;1276230000992;23557472;;0;66238;X;2;
l;1277370853728;23561568;;0;2595;;2;
l;1277236310368;23527776;Ind;0;72;;7;
l;1275357586784;23558496;;0;3541;X;1;
l;1276229677408;23359840;GOP;1;64271;X;2;
l;1275894461792;23567712;;0;1074;;2;
l;1277572178272;23556448;;0;16584;;1;
l;1277572184416;23568736;;0;20722;X;1;
l;1276162893152;23559520;;0;2256;;2;
l;1277974507872;23549280;Lib;0;55;;6;
l;1277638963552;23359840;GOP;1;3605;X;2;
l;1279249904992;23566688;;0;1143;X;1;
l;1278041616736;23526752;Ind;0;26;;5;
l;1278176162144;23565664;;0;1838;;2;
l;1278578606432;23516512;Dem;0;12817;;1;
l;1275759915360;23525728;Ind;0;322;;4;
l;1275357262176;23526752;Ind;0;27;;5;
l;1277102215520;23540064;Ind;0;356;;2;
l;1275491800416;23550304;;0;6252;X;1;
l;1279048368480;23516512;Dem;0;3039;;1;
l;1279249900896;23559520;;0;1010;;2;
l;1277437962592;23561568;;0;3695;;2;
l;1277034983776;23532896;Ind;0;234;;12;
l;1277303419232;23530848;Ind;0;16;;11;
l;1276699769184;23568736;;0;4709;X;1;
l;1276230002016;23559520;;0;41748;;2;
l;1276364216672;23552352;;0;3461;X;1;
l;1278377097568;23545184;Dem;0;13725;;1;
l;1277035311456;23564640;;0;12318;X;1;
l;1277639289184;23560544;;0;3851;X;1;
l;1276431333728;23569760;;0;3729;;2;
l;1279048249696;23529824;Ind;0;32;;10;
l;1279115295072;23545184;Dem;0;5583;;1;
l;1279384114528;23551328;;0;1378;;2;
l;1279048571232;23553376;;0;4330;;2;
l;1276431004000;23530848;Ind;0;111;;11;
l;1278242943328;23527776;Ind;0;18;;7;
l;1275826960736;23545184;Dem;0;873;;1;
l;1275894133088;23512416;Dem;0;400;;1;
l;1276297106784;23550304;;0;1231;X;1;
l;1276968197472;23554400;;0;41021;X;1;
l;1277034983776;23530848;Ind;0;144;;11;
l;1277974507872;23512416;Dem;0;1105;;1;
l;1275290480992;23564640;;0;14609;X;1;
l;1276297111904;23561568;;0;942;;2;
l;1277639284064;23551328;;0;1702;;2;
l;1277840290144;23525728;Ind;0;11;;4;
l;1278645715296;23341408;GOP;1;20007;X;2;
l;1275759915360;23514464;RP;0;355;;9;
l;1275223167328;23349600;GOP;1;1725;X;1;
l;1275625634144;23544160;GOP;0;18176;X;2;
l;1279384119648;23560544;;0;1928;X;1;
l;1278175834464;23532896;Ind;0;25;;12;
l;1277236310368;23532896;Ind;0;188;;12;
l;1276968198496;23557472;;0;27998;X;2;
l;1276095459680;23512416;Dem;0;1764;;1;
l;1276632660320;23568736;;0;10967;X;1;
l;1278243265888;23555424;;0;2615;;2;
l;1278041942368;23561568;;0;2613;;2;
l;1275424699744;23567712;;0;3742;;2;
l;1279316809056;23351648;GOP;1;2447;X;2;
l;1278377482592;23552352;;0;12387;X;1;
l;1275155935584;23514464;RP;0;69;;9;
l;1278578810208;23555424;;0;25807;;2;
l;1279115358560;23526752;Ind;0;61;;5;
l;1279048249696;23530848;Ind;0;106;;11;
l;1278243271008;23565664;;0;3016;;2;
l;1278444390752;23518560;Dem;0;4426;;1;
l;1276028672352;23552352;;0;3361;X;1;
l;1277974835552;23565664;;0;2779;;2;
l;1278779750752;23545184;Dem;0;8715;;1;
l;1275760238944;23556448;;0;22115;;1;
l;1275961241952;23530848;Ind;0;13;;11;
l;1278444593504;23557472;;0;7340;X;2;
l;1276565548384;23563616;;0;3250;X;2;
l;1276833978720;23553376;;0;54177;;2;
l;1275357591904;23569760;;0;2287;;2;
l;1277303746912;23564640;;0;1137;X;1;
l;1277706399072;23563616;;0;3864;X;2;
l;1275693134176;23564640;;0;31492;X;1;
l;1275961566560;23558496;;0;1564;X;1;
l;1275290153312;23527776;Ind;0;86;;7;
l;1279384120672;23562592;;0;1253;;1;
l;1279383794016;23512416;Dem;0;963;;1;
l;1277437636960;23514464;RP;0;39;;9;
l;1275424307552;23545184;Dem;0;3938;;1;
l;1278645921120;23559520;;0;11209;;2;
l;1276162690400;23521632;Dem;0;2267;;1;
l;1278377483616;23554400;;0;14579;X;1;
l;1278175834464;23514464;RP;0;49;;9;
l;1279317010784;23561568;;0;1073;;2;
l;1275894258016;23353696;GOP;1;0;X;1;
l;1279048249696;23512416;Dem;0;3533;;1;
l;1276364224864;23569760;;0;2782;;2;
l;1279115681120;23554400;;0;7366;X;1;
l;1276431004000;23527776;Ind;0;105;;7;
l;1278310052192;23526752;Ind;0;47;;5;
l;1277102415200;23555424;;0;903;;2;
l;1278578487648;23530848;Ind;0;530;;11;
l;1275558913376;23559520;;0;1443;;2;
l;1278780138848;23558496;;0;14573;X;1;
l;1276162892128;23557472;;0;3514;X;2;
l;1278981262688;23539040;Ind;0;186;;3;
l;1275759915360;23359840;GOP;1;30899;X;2;
l;1279048576352;23562592;;0;4442;;1;
l;1278914358624;23563616;;0;8124;X;2;
l;1277504745824;23527776;Ind;0;207;;7;
l;1277974629728;23521632;Dem;0;973;;1;
l;1277169201504;23514464;RP;0;43;;9;
l;1278578815328;23565664;;0;27248;;2;
l;1277505066336;23550304;;0;63021;X;1;
l;1276431004000;23532896;Ind;0;50;;12;
l;1278377484640;23556448;;0;10442;;1;
l;1275290478944;23560544;;0;20047;X;1;
l;1277840614752;23558496;;0;1544;X;1;
l;1278444269920;23359840;GOP;1;9331;X;2;
l;1276900766048;23514464;RP;0;47;;9;
l;1276565221728;23529824;Ind;0;28;;10;
l;1275223166304;23521632;Dem;0;663;;1;
l;1278243273056;23569760;;0;3234;;2;
l;1276095785312;23561568;;0;1696;;2;
l;1277572176224;23552352;;0;18808;X;1;
l;1276833980768;23557472;;0;44317;X;2;
l;1276095787360;23564640;;0;2350;X;1;
l;1278780134752;23551328;;0;6142;;2;
l;1275827024224;23532896;Ind;0;31;;12;
l;1277840290144;23529824;Ind;0;7;;10;
l;1276431004000;23359840;GOP;1;5464;X;2;
l;1275290153312;23532896;Ind;0;193;;12;
l;1275156265312;23568736;;0;7903;X;1;
l;1278511378784;23526752;Ind;0;56;;5;
l;1277773509984;23567712;;0;16393;;2;
l;1275894454624;23552352;;0;1454;X;1;
l;1276833775968;23516512;Dem;0;10571;;1;
l;1277639291232;23564640;;0;3215;X;1;
l;1275357198688;23544160;GOP;0;3606;X;2;
l;1275626021216;23556448;;0;10811;;1;
l;1279383794016;23529824;Ind;0;39;;10;
l;1277437959520;23555424;;0;3339;;2;
l;87639392;23538016;Ind;0;645;;4;
l;1275558918496;23569760;;0;1892;;2;
l;1279384122720;23566688;;0;1735;X;1;
l;1278444591456;23553376;;0;4318;;2;
l;1277303542112;23540064;Ind;0;638;;2;
l;1277236434272;23522656;Dem;0;4609;;1;
l;1278712705376;23526752;Ind;0;4;;5;
l;1278511708512;23569760;;0;6577;;2;
l;1276498435424;23554400;;0;3101;X;1;
l;1276833985888;23567712;;0;31788;;2;
l;1276833593696;23544160;GOP;0;71652;X;2;
l;1277370857824;23569760;;0;2808;;2;
l;1276565546336;23559520;;0;1979;;2;
l;1277169201504;23526752;Ind;0;53;;5;
l;1275491805536;23561568;;0;2680;;2;
l;1278444590432;23551328;;0;5064;;2;
l;1276229677408;23514464;RP;0;517;;9;
l;1276162898272;23568736;;0;3546;X;1;
l;1276229613920;23544160;GOP;0;73822;X;2;
l;1278511702368;23557472;;0;5685;X;2;
l;1278913968480;23545184;Dem;0;5688;;1;
l;1276565545312;23556448;;0;1782;;1;
l;1275223044448;23532896;Ind;0;27;;12;
l;1276095459680;23529824;Ind;0;25;;10;
l;1278243269984;23563616;;0;3348;X;2;
l;1277504682336;23545184;Dem;0;74171;;1;
l;1277236636000;23561568;;0;12102;;2;
l;1275693127008;23550304;;0;44996;X;1;
l;1279182791008;23556448;;0;3279;;1;
l;1275424692576;23552352;;0;4264;X;1;
l;1278780139872;23561568;;0;7248;;2;
l;1276498441568;23566688;;0;2032;X;1;
l;87638368;23341408;GOP;1;157150;X;2;
l;1276833977696;23550304;;0;84412;X;1;
l;1276833981792;23559520;;0;49208;;2;
l;1278981466464;23561568;;0;3223;;2;
l;1276364222816;23565664;;0;3420;;2;
l;1278243264864;23552352;;0;3956;X;1;
l;1277773506912;23560544;;0;17655;X;1;
l;1275961241952;23525728;Ind;0;14;;4;
l;1279048574304;23558496;;0;6348;X;1;
l;1276632451424;23542112;GOP;0;14667;X;2;
l;1275894133088;23529824;Ind;0;12;;10;
l;1278377486688;23561568;;0;9231;;2;
l;1276632330592;23525728;Ind;0;89;;4;
l;1278109050208;23558496;;0;7902;X;1;
l;1277706196320;23351648;GOP;1;2889;X;2;
l;1278779935072;23518560;Dem;0;9646;;1;
l;1277236637024;23563616;;0;19375;X;2;
l;1278377161056;23512416;Dem;0;11539;;1;
l;1278243064160;23518560;Dem;0;4418;;1;
l;87519584;23514464;RP;0;5879;;9;
l;1275424693600;23554400;;0;4940;X;1;
l;87639392;23343456;GOP;1;43364;;2;
l;1277639285088;23552352;;0;3848;X;1;
l;1278645925216;23567712;;0;11516;;2;
l;1276229999968;23554400;;0;76651;X;1;
l;1278444269920;23530848;Ind;0;134;;11;
l;1277773507936;23563616;;0;21676;X;2;
l;1275961241952;23514464;RP;0;9;;9;
l;1279249902944;23563616;;0;1449;X;2;
l;1277102418272;23560544;;0;1142;X;1;
l;1275759915360;23529824;Ind;0;222;;10;
l;1277505072480;23562592;;0;45991;;1;
l;1275692806496;23528800;Ind;0;425;;8;
l;1277504745824;23526752;Ind;0;294;;5;
l;1277773507936;23562592;;0;10431;;1;
l;1275626025312;23565664;;0;13337;;2;
l;1279182789984;23555424;;0;2615;;2;
l;1275827024224;23527776;Ind;0;11;;7;
l;1278175834464;23530848;Ind;0;36;;11;
l;1276565221728;23530848;Ind;0;53;;11;
l;1275894453600;23551328;;0;688;;2;
l;1276901092704;23562592;;0;2731;;1;
l;1275626020192;23555424;;0;7554;;2;
l;1279383794016;23532896;Ind;0;20;;12;
l;1278981140832;23528800;Ind;0;85;;8;
l;1275759915360;23524704;Ind;0;551;;3;
l;1277102092640;23525728;Ind;0;23;;4;
l;1276901088608;23555424;;0;2213;;2;
l;1278511704416;23560544;;0;8213;X;1;
l;1277169201504;23529824;Ind;0;31;;10;
l;1277236310368;23529824;Ind;0;111;;10;
l;1278981468512;23565664;;0;4841;;2;
l;1277102414176;23552352;;0;3084;X;1;
l;1276833657184;23532896;Ind;0;861;;12;
l;1278377161056;23532896;Ind;0;135;;12;
l;1277035308384;23559520;;0;9656;;2;
l;1277773508960;23564640;;0;12637;X;1;
l;1275424696672;23561568;;0;3315;;2;
l;1275155935584;23524704;Ind;0;146;;3;
l;1278108725600;23529824;Ind;0;30;;10;
l;1278645920096;23557472;;0;16042;X;2;
l;1278645923168;23563616;;0;16097;X;2;
l;1277102419296;23563616;;0;3016;X;2;
l;1276028671328;23551328;;0;956;;2;
l;1277034983776;23512416;Dem;0;7512;;1;
l;1276364224864;23568736;;0;3378;X;1;
l;1278846923104;23514464;RP;0;51;;9;
l;1278645596512;23359840;GOP;1;20251;X;2;
l;1276833979744;23555424;;0;43518;;2;
l;1275693130080;23556448;;0;26359;;1;
l;1275693135200;23566688;;0;35529;X;1;
l;1278041938272;23552352;;0;3819;X;1;
l;1276229677408;23549280;Lib;0;2119;;6;
l;1275558588768;23512416;Dem;0;2006;;1;
l;87641440;23347552;GOP;1;105206;X;2;
l;1277102416224;23556448;;0;779;;1;
l;1278377161056;23514464;RP;0;145;;9;
l;1277974837600;23568736;;0;2677;X;1;
l;1278109054304;23566688;;0;9498;X;1;
l;1277706398048;23560544;;0;4405;X;1;
l;1277303747936;23567712;;0;1011;;2;
l;1275827024224;23526752;Ind;0;16;;5;
l;1277706393952;23552352;;0;4752;X;1;
l;1277169201504;23359840;GOP;1;6768;X;2;
l;1277236633952;23556448;;0;14114;;1;
l;1276431004000;23524704;Ind;0;150;;3;
l;1276297116000;23568736;;0;1072;X;1;
l;1278645919072;23554400;;0;18549;X;1;
l;1277773509984;23566688;;0;15985;X;1;
l;1279048186208;23545184;Dem;0;4252;;1;
l;1275357591904;23568736;;0;3469;X;1;
l;1278578812256;23558496;;0;39710;X;1;
l;1276028674400;23557472;;0;1612;X;2;
l;1275155935584;23359840;GOP;1;11627;X;2;
l;1277571854688;23532896;Ind;0;216;;12;
l;1278847252832;23569760;;0;2676;;2;
l;1275558710624;23347552;GOP;1;2601;X;2;
l;1275693131104;23558496;;0;43344;X;1;
l;1278914031968;23526752;Ind;0;59;;5;
l;1275290274144;23542112;GOP;0;8082;X;2;
l;1278713028960;23556448;;0;530;;1;
l;87642464;23349600;GOP;1;122030;X;1;
l;1275491802464;23555424;;0;2253;;2;
l;1279383916896;23349600;GOP;1;3174;X;1;
l;1275223370080;23560544;;0;2613;X;1;
l;1278713025888;23550304;;0;886;X;1;
l;1279182467424;23529824;Ind;0;18;;10;
l;1278108846432;23542112;GOP;0;7678;X;2;
l;1276833657184;23528800;Ind;0;232;;8;
l;1278310052192;23514464;RP;0;46;;9;
l;1275961364832;23349600;GOP;1;2263;X;1;
l;1276833776992;23517536;Dem;0;22468;X;1;
l;1278981461344;23551328;;0;2622;;2;
l;1278981465440;23559520;;0;2733;;2;
l;1277102215520;23349600;GOP;1;3445;X;1;
l;1277303355744;23545184;Dem;0;1280;;1;
l;1276968200544;23560544;;0;38073;X;1;
l;1275961562464;23551328;;0;818;;2;
l;1278914357600;23560544;;0;7954;X;1;
l;1277303419232;23512416;Dem;0;1190;;1;
l;1275223044448;23530848;Ind;0;28;;11;
l;1275626023264;23561568;;0;9503;;2;
l;1275290473824;23550304;;0;22391;X;1;
l;1276498442592;23569760;;0;2330;;2;
l;1276230003040;23561568;;0;41741;;2;
l;87643488;23351648;GOP;1;138552;X;2;
l;1278713031008;23560544;;0;723;X;1;
l;1276363895136;23525728;Ind;0;39;;4;
l;1276699439456;23532896;Ind;0;48;;12;
l;1275491806560;23562592;;0;2966;;1;
l;1277974829408;23553376;;0;1554;;2;
l;1275693133152;23562592;;0;26980;;1;
l;1276833776992;23538016;Ind;0;202;;4;
l;1277840612704;23554400;;0;1381;X;1;
l;1277907399008;23512416;Dem;0;1845;;1;
l;1276900766048;23528800;Ind;0;31;;8;
l;1275759915360;23527776;Ind;0;317;;7;
l;1276833977696;23551328;;0;24735;;2;
l;87519584;23528800;Ind;0;5732;;8;
l;1275626024288;23563616;;0;14640;X;2;
l;1277706072416;23549280;Lib;0;82;;6;
l;1278041737568;23518560;Dem;0;2603;;1;
l;87641440;23539040;Ind;0;8960;;3;
l;1278712705376;23527776;Ind;0;1;;7;
l;1275156258144;23555424;;0;5994;;2;
l;1277907726688;23565664;;0;2687;;2;
l;1276364215648;23551328;;0;1931;;2;
l;1278578487648;23528800;Ind;0;168;;8;
l;1279317005664;23550304;;0;2696;X;1;
l;1275894133088;23530848;Ind;0;21;;11;
l;1279048249696;23525728;Ind;0;75;;4;
l;1277236631904;23552352;;0;17359;X;1;
l;1276565221728;23526752;Ind;0;29;;5;
l;1278981467488;23562592;;0;2620;;1;
l;1278041937248;23551328;;0;2420;;2;
l;1275692928352;23521632;Dem;0;29116;;1;
l;1276363895136;23549280;Lib;0;101;;6;
l;1278176157024;23554400;;0;2297;X;1;
l;1278780143968;23569760;;0;9959;;2;
l;1275290482016;23566688;;0;15964;X;1;
l;1275424697696;23563616;;0;4799;X;2;
l;1277974507872;23524704;Ind;0;56;;3;
l;1278981470560;23569760;;0;3404;;2;
l;1278109054304;23567712;;0;4846;;2;
l;1275155935584;23525728;Ind;0;80;;4;
l;1276296722784;23545184;Dem;0;1583;;1;
l;1279048572256;23554400;;0;6601;X;1;
l;1279182467424;23525728;Ind;0;39;;4;
l;1277505073504;23564640;;0;55008;X;1;
l;1276498435424;23555424;;0;1642;;2;
l;1278645596512;23549280;Lib;0;328;;6;
l;1275156259168;23557472;;0;8938;X;2;
l;1275759915360;23532896;Ind;0;259;;12;
l;1278914031968;23524704;Ind;0;153;;3;
l;1275894456672;23557472;;0;1263;X;2;
l;1277236632928;23555424;;0;10154;;2;
l;1275894133088;23532896;Ind;0;15;;12;
l;1275558915424;23562592;;0;1546;;1;
l;1277169530208;23567712;;0;4609;;2;
l;1278242943328;23529824;Ind;0;15;;10;
l;1279249903968;23564640;;0;993;X;1;
l;1276699439456;23514464;RP;0;40;;9;
l;1276632651104;23551328;;0;5469;;2;
l;1276095459680;23549280;Lib;0;43;;6;
l;1278981463392;23555424;;0;2597;;2;
l;1277974831456;23557472;;0;3183;X;2;
l;1275961178464;23545184;Dem;0;944;;1;
l;1276431332704;23567712;;0;3982;;2;
l;1276766871904;23556448;;0;1834;;1;
l;1275290153312;23528800;Ind;0;105;;8;
l;1275827353952;23568736;;0;1200;X;1;
l;1277370856800;23566688;;0;3383;X;1;
l;1278846923104;23359840;GOP;1;4292;X;2;
l;1277505074528;23566688;;0;55213;X;1;
l;1275961565536;23557472;;0;1436;X;2;
l;1277169201504;23528800;Ind;0;51;;8;
l;1275156260192;23559520;;0;6680;;2;
l;1275961241952;23359840;GOP;1;1926;X;2;
l;1275626026336;23567712;;0;10894;;2;
l;1277303742816;23556448;;0;994;;1;
l;1277102417248;23558496;;0;2660;X;1;
l;1275424700768;23568736;;0;4200;X;1;
l;1278243266912;23556448;;0;2992;;1;
l;1277370528096;23359840;GOP;1;4002;X;2;
l;1278779814240;23532896;Ind;0;197;;12;
l;1276431327584;23556448;;0;3660;;1;
l;1275625819488;23347552;GOP;1;20312;X;2;
l;1275626022240;23559520;;0;8597;;2;
l;1276095782240;23555424;;0;1243;;2;
l;1278176163168;23567712;;0;1739;;2;
l;1275223364960;23550304;;0;3065;X;1;
l;1275961241952;23528800;Ind;0;14;;8;
l;1277571854688;23528800;Ind;0;184;;8;
l;1277974833504;23560544;;0;2543;X;1;
l;1276095582560;23540064;Ind;0;967;;2;
l;1278310376800;23558496;;0;6723;X;1;
l;1275223166304;23347552;GOP;1;1619;X;2;
l;1276968204640;23568736;;0;34012;X;1;
l;1275961566560;23559520;;0;866;;2;
l;1278109050208;23559520;;0;6797;;2;
l;1278578424160;23544160;GOP;0;57178;X;2;
l;1276833657184;23530848;Ind;0;648;;11;
l;1275491479904;23527776;Ind;0;42;;7;
l;1277303743840;23558496;;0;1347;X;1;
l;1275693132128;23560544;;0;38499;X;1;
l;1279383730528;23545184;Dem;0;1458;;1;
l;1278109046112;23550304;;0;11845;X;1;
l;1276632330592;23527776;Ind;0;54;;7;
l;1276766873952;23560544;;0;2506;X;1;
l;1277706397024;23558496;;0;4465;X;1;
l;1276296786272;23512416;Dem;0;1270;;1;
l;1275290477920;23559520;;0;10018;;2;
l;1276028287328;23544160;GOP;0;2261;X;2;
l;1279249896800;23550304;;0;1745;X;1;
l;1277638963552;23527776;Ind;0;9;;7;
l;1279317011808;23562592;;0;1538;;1;
l;1276900702560;23544160;GOP;0;5201;X;2;
l;1276565547360;23561568;;0;2225;;2;
l;1277437957472;23550304;;0;6195;X;1;
l;1277236630880;23550304;;0;24544;X;1;
l;1276632657248;23563616;;0;11342;X;2;
l;1278310052192;23530848;Ind;0;62;;11;
l;1275558914400;23560544;;0;2313;X;1;
l;1276833775968;23341408;GOP;1;57656;X;2;
l;1275558710624;23539040;Ind;0;145;;3;
l;1279182795104;23565664;;0;3907;;2;
l;1278846923104;23529824;Ind;0;29;;10;
l;1279048570208;23550304;;0;6747;X;1;
l;1278310377824;23561568;;0;3322;;2;
l;1276766548320;23528800;Ind;0;69;;8;
l;1277437636960;23528800;Ind;0;339;;8;
l;1278578809184;23553376;;0;34154;;2;
l;1278175834464;23512416;Dem;0;2254;;1;
l;1276766869856;23552352;;0;3793;X;1;
l;1277034983776;23524704;Ind;0;155;;3;
l;1275760243040;23565664;;0;28008;;2;
l;1276296786272;23526752;Ind;0;44;;5;
l;1278175834464;23528800;Ind;0;18;;8;
l;1275290482016;23567712;;0;12613;;2;
l;1279317009760;23559520;;0;1210;;2;
l;1278578816352;23567712;;0;22831;;2;
l;1276833983840;23563616;;0;41991;X;2;
l;1277102414176;23553376;;0;769;;2;
l;1279249576288;23514464;RP;0;23;;9;
l;1277639286112;23554400;;0;3794;X;1;
l;1275625697632;23526752;Ind;0;61;;5;
l;1275961570656;23567712;;0;1264;;2;
l;1278713026912;23553376;;0;417;;2;
l;1275424691552;23551328;;0;2474;;2;
l;1275155935584;23549280;Lib;0;183;;6;
l;1278310378848;23563616;;0;4892;X;2;
l;1275693129056;23554400;;0;43724;X;1;
l;1277840290144;23514464;RP;0;6;;9;
l;1277706401120;23566688;;0;3699;X;1;
l;1277169138016;23545184;Dem;0;4344;;1;
l;1275491601760;23347552;GOP;1;6379;X;2;
l;1277638963552;23549280;Lib;0;38;;6;
l;1278242943328;23525728;Ind;0;35;;4;
l;1278578487648;23532896;Ind;0;420;;12;
l;1276900766048;23526752;Ind;0;32;;5;
l;1279182797152;23568736;;0;4194;X;1;
l;1278310374752;23554400;;0;6905;X;1;
l;1278780140896;23562592;;0;11510;;1;
l;1275827353952;23569760;;0;1110;;2;
l;1279317013856;23567712;;0;1639;;2;
l;1279316685152;23512416;Dem;0;1677;;1;
l;1275357583712;23553376;;0;1636;;2;
l;1278578487648;23514464;RP;0;372;;9;
l;1276297109856;23556448;;0;840;;1;
l;1276364217696;23554400;;0;3785;X;1;
l;1277571854688;23512416;Dem;0;13646;;1;
l;1277572184416;23569760;;0;15108;;2;
l;1279048249696;23527776;Ind;0;42;;7;
l;1278780139872;23560544;;0;16421;X;1;
l;1278108662112;23545184;Dem;0;6224;;1;
l;1275894460768;23564640;;0;711;X;1;
l;1277840290144;23528800;Ind;0;45;;8;
l;1276833657184;23525728;Ind;0;1621;;4;
l;1275223367008;23554400;;0;3169;X;1;
l;1277840412000;23539040;Ind;0;66;;3;
l;1278310379872;23565664;;0;4098;;2;
l;1278511315296;23545184;Dem;0;6386;;1;
l;1275357262176;23512416;Dem;0;3848;;1;
l;1275357590880;23567712;;0;2426;;2;
l;1278109049184;23556448;;0;7978;;1;
l;1278310173024;23542112;GOP;0;5511;X;2;
l;1277437963616;23562592;;0;3095;;1;
l;1277706072416;23514464;RP;0;39;;9;
l;1275155935584;23527776;Ind;0;70;;7;
l;1278175834464;23359840;GOP;1;1682;X;2;
l;1275692928352;23539040;Ind;0;6392;;3;
l;1275491601760;23521632;Dem;0;1623;;1;
l;1276498112864;23512416;Dem;0;1456;;1;
l;1277773181280;23527776;Ind;0;227;;7;
l;1276632654176;23556448;;0;9559;;1;
l;1275961241952;23524704;Ind;0;29;;3;
l;1278645922144;23561568;;0;9932;;2;
l;1277840412000;23347552;GOP;1;1474;X;2;
l;1275491804512;23559520;;0;2473;;2;
l;1277773505888;23559520;;0;12880;;2;
l;1279383794016;23525728;Ind;0;21;;4;
l;1276162568544;23359840;GOP;1;4212;X;2;
l;1275894461792;23566688;;0;958;X;1;
l;1277505069408;23556448;;0;40503;;1;
l;1276565343584;23347552;GOP;1;3907;X;2;
l;1277571854688;23525728;Ind;0;182;;4;
l;1275424371040;23549280;Lib;0;91;;6;
l;1277571854688;23359840;GOP;1;23955;X;2;
l;1278310380896;23567712;;0;3663;;2;
l;1278511707488;23567712;;0;6564;;2;
l;1276565221728;23512416;Dem;0;957;;1;
l;1277437758816;23347552;GOP;1;5710;X;2;
l;1278645715296;23516512;Dem;0;7705;;1;
l;1278041941344;23559520;;0;3219;;2;
l;1278041943392;23563616;;0;3649;X;2;
l;1278780138848;23559520;;0;9259;;2;
l;1276766548320;23524704;Ind;0;51;;3;
l;1278377161056;23524704;Ind;0;431;;3;
l;1279182467424;23549280;Lib;0;77;;6;
l;1277974507872;23514464;RP;0;27;;9;
l;1279249900896;23558496;;0;1348;X;1;
l;1277102413152;23550304;;0;2778;X;1;
l;1276296909152;23540064;Ind;0;730;;2;
l;1277639293280;23569760;;0;3058;;2;
l;1276297110880;23559520;;0;943;;2;
l;1279115358560;23527776;Ind;0;61;;7;
l;1278242879840;23544160;GOP;0;3134;X;2;
l;1275424698720;23564640;;0;3289;X;1;
l;1275626018144;23551328;;0;7336;;2;
l;1275692806496;23530848;Ind;0;319;;11;
l;1278310052192;23512416;Dem;0;7435;;1;
l;1277505070432;23558496;;0;50962;X;1;
l;1278444269920;23529824;Ind;0;38;;10;
l;1275693135200;23567712;;0;25814;;2;
l;1275759915360;23549280;Lib;0;740;;6;
l;1279182403936;23545184;Dem;0;3422;;1;
l;1279384114528;23550304;;0;2241;X;1;
l;1279384123744;23569760;;0;1798;;2;
l;1276162893152;23558496;;0;4175;X;1;
l;1277437636960;23529824;Ind;0;35;;10;
l;1277706195296;23349600;GOP;1;1924;X;1;
l;1275692743008;23544160;GOP;0;32663;X;2;
l;1277505071456;23561568;;0;23590;;2;
l;1276431324512;23551328;;0;2768;;2;
l;1276230004064;23562592;;0;52079;;1;
l;1278242943328;23524704;Ind;0;58;;3;
l;1279048368480;23341408;GOP;1;7679;X;2;
l;1276229677408;23528800;Ind;0;368;;8;
l;1277035311456;23565664;;0;9985;;2;
l;1275290153312;23526752;Ind;0;123;;5;
l;1278175834464;23549280;Lib;0;36;;6;
l;1276297111904;23560544;;0;1106;X;1;
l;1277706392928;23551328;;0;2155;;2;
l;1278981140832;23529824;Ind;0;45;;10;
l;1278578606432;23341408;GOP;1;60806;X;2;
l;1278981469536;23566688;;0;4250;X;1;
l;1278914353504;23552352;;0;9733;X;1;
l;1275693136224;23569760;;0;25618;;2;
l;1279249901920;23561568;;0;897;;2;
l;1275827349856;23560544;;0;1251;X;1;
l;1279115358560;23514464;RP;0;46;;9;
l;1278242943328;23532896;Ind;0;35;;12;
l;1277169524064;23554400;;0;7215;X;1;
l;1276632330592;23526752;Ind;0;71;;5;
l;1278041942368;23560544;;0;4738;X;1;
l;1275961568608;23562592;;0;869;;1;
l;1278175834464;23524704;Ind;0;44;;3;
l;1278109048160;23554400;;0;9136;X;1;
l;1276162568544;23532896;Ind;0;34;;12;
l;1278310373728;23552352;;0;5951;X;1;
l;1275290089824;23544160;GOP;0;20875;X;2;
l;1277773181280;23525728;Ind;0;204;;4;
l;1278243273056;23568736;;0;3534;X;1;
l;1278511706464;23565664;;0;7032;;2;
l;1278511499616;23518560;Dem;0;5155;;1;
l;1277505072480;23563616;;0;33146;X;2;
l;1276565221728;23527776;Ind;0;35;;7;
l;1277035307360;23557472;;0;11685;X;2;
l;1276028350816;23514464;RP;0;11;;9;
l;1277773181280;23549280;Lib;0;462;;6;
l;1276565548384;23562592;;0;1371;;1;
l;1276901087584;23553376;;0;2553;;2;
l;1275558917472;23566688;;0;2104;X;1;
l;1279316621664;23545184;Dem;0;1685;;1;
l;1277571854688;23530848;Ind;0;279;;11;
l;1278578487648;23524704;Ind;0;308;;3;
l;1276095459680;23524704;Ind;0;47;;3;
l;1275290153312;23514464;RP;0;180;;9;
l;1275760238944;23557472;;0;25543;X;2;
l;1277035313504;23568736;;0;13030;X;1;
l;1275558909280;23551328;;0;1375;;2;
l;1277303419232;23525728;Ind;0;11;;4;
l;1278041943392;23562592;;0;3614;;1;
l;1277505070432;23559520;;0;32762;;2;
l;1277370528096;23549280;Lib;0;61;;6;
l;1279249906016;23569760;;0;1024;;2;
l;1275223166304;23539040;Ind;0;49;;3;
l;1278444593504;23556448;;0;6210;;1;
l;1278377483616;23555424;;0;8074;;2;
l;1279249576288;23524704;Ind;0;38;;3;
l;1275424700768;23569760;;0;3616;;2;
l;1275625697632;23549280;Lib;0;221;;6;
l;1275827024224;23524704;Ind;0;33;;3;
l;1275894457696;23558496;;0;1381;X;1;
l;1275961564512;23554400;;0;1607;X;1;
l;1278846923104;23512416;Dem;0;1674;;1;
l;1276297113952;23564640;;0;947;X;1;
l;1277102415200;23554400;;0;2886;X;1;
l;1275222980960;23545184;Dem;0;1986;;1;
l;1279316685152;23549280;Lib;0;49;;6;
l;1278511378784;23532896;Ind;0;68;;12;
l;1276229677408;23527776;Ind;0;320;;7;
l;1277437961568;23559520;;0;3245;;2;
l;1277370528096;23528800;Ind;0;27;;8;
l;1275357585760;23556448;;0;2881;;1;
l;1279182467424;23524704;Ind;0;61;;3;
l;1278779814240;23527776;Ind;0;92;;7;
l;1276498112864;23532896;Ind;0;30;;12;
l;1276230006112;23566688;;0;64846;X;1;
l;1278377484640;23557472;;0;11601;X;2;
l;1276498438496;23561568;;0;1818;;2;
l;1278108725600;23530848;Ind;0;72;;11;
l;87840096;23550304;;0;845915;X;1;
l;1278377161056;23359840;GOP;1;13368;X;2;
l;1279048576352;23563616;;0;5291;X;2;
l;1276632656224;23561568;;0;7997;;2;
l;1277102421344;23566688;;0;910;X;1;
l;1276901089632;23557472;;0;3840;X;2;
l;1277706392928;23550304;;0;5324;X;1;
l;1275894459744;23563616;;0;1312;X;2;
l;1279249699168;23540064;Ind;0;323;;2;
l;1278847045984;23540064;Ind;0;859;;2;
l;1275290478944;23561568;;0;9024;;2;
l;1279115358560;23524704;Ind;0;123;;3;
l;1279317005664;23551328;;0;919;;2;
l;1275223371104;23562592;;0;1561;;1;
l;1276162568544;23530848;Ind;0;39;;11;
l;1277773304160;23540064;Ind;0;6907;;2;
l;1279048578400;23566688;;0;5755;X;1;
l;1275894133088;23526752;Ind;0;11;;5;
l;1278914031968;23549280;Lib;0;180;;6;
l;1277505067360;23552352;;0;44020;X;1;
l;1277437964640;23564640;;0;3427;X;1;
l;1276095787360;23565664;;0;2171;;2;
l;1277840610656;23550304;;0;1784;X;1;
l;87841120;23552352;;0;663012;X;1;
l;1277974507872;23528800;Ind;0;203;;8;
l;1278242943328;23512416;Dem;0;4895;;1;
l;1275625697632;23528800;Ind;0;161;;8;
l;1275626026336;23566688;;0;13879;X;1;
l;1276498235744;23540064;Ind;0;811;;2;
l;1277840618848;23567712;;0;901;;2;
l;1275760236896;23553376;;0;18315;;2;
l;1277505073504;23565664;;0;26691;;2;
l;1277370857824;23568736;;0;3826;X;1;
l;1276565546336;23558496;;0;2743;X;1;
l;1278578487648;23549280;Lib;0;995;;6;
l;1276095789408;23569760;;0;2230;;2;
l;1277974444384;23545184;Dem;0;2050;;1;
l;1275491805536;23560544;;0;5506;X;1;
l;1278511699296;23551328;;0;3287;;2;
l;1276833657184;23512416;Dem;0;40865;;1;
l;1277504864608;23533920;Ind;0;169;;3;
l;1276565158240;23545184;Dem;0;1433;;1;
l;1277840290144;23512416;Dem;0;958;;1;
l;1278377490784;23568736;;0;12355;X;1;
l;1276431326560;23554400;;0;5025;X;1;
l;1276901094752;23567712;;0;3775;;2;
l;1278645715296;23533920;Ind;0;1608;;3;
l;1277370650976;23349600;GOP;1;4955;X;1;
l;1277571791200;23545184;Dem;0;15356;;1;
l;1276565221728;23525728;Ind;0;24;;4;
l;1275693127008;23551328;;0;20334;;2;
l;1275357583712;23552352;;0;4214;X;1;
l;87842144;23554400;;0;737560;X;1;
l;1279317007712;23554400;;0;2336;X;1;
l;1275894458720;23561568;;0;890;;2;
l;1277035304288;23550304;;0;17722;X;1;
l;1276162505056;23544160;GOP;0;3797;X;2;
l;1275156257120;23553376;;0;5907;;2;
l;1276431327584;23557472;;0;4340;X;2;
l;1275625697632;23525728;Ind;0;57;;4;
l;1278511378784;23528800;Ind;0;61;;8;
l;1279249576288;23527776;Ind;0;7;;7;
l;1275424371040;23532896;Ind;0;54;;12;
l;1278176156000;23552352;;0;2129;X;1;
l;1278712705376;23512416;Dem;0;594;;1;
l;1278511703392;23558496;;0;9126;X;1;
l;1279182791008;23557472;;0;3956;X;2;
l;1276229801312;23351648;GOP;1;76198;X;2;
l;1275223044448;23514464;RP;0;31;;9;
l;1276095459680;23525728;Ind;0;20;;4;
l;1278981462368;23553376;;0;3142;;2;
l;87519584;23532896;Ind;0;8164;;12;
l;1276967811424;23544160;GOP;0;40189;X;2;
l;1278779935072;23542112;GOP;0;16339;X;2;
l;1275693128032;23553376;;0;22734;;2;
l;1277840616800;23562592;;0;716;;1;
l;1275357584736;23554400;;0;3743;X;1;
l;87843168;23556448;;0;532624;;1;
l;1276766548320;23549280;Lib;0;27;;6;
l;87641440;23521632;Dem;0;54598;;1;
l;1277505067360;23553376;;0;38604;;2;
l;1276162568544;23524704;Ind;0;50;;3;
l;1278243268960;23560544;;0;3954;X;1;
l;1279317012832;23564640;;0;1717;X;1;
l;1275290153312;23525728;Ind;0;164;;4;
l;1276766548320;23529824;Ind;0;20;;10;
l;1277706072416;23524704;Ind;0;108;;3;
l;1277102413152;23551328;;0;1045;;2;
l;1278779814240;23529824;Ind;0;62;;10;
l;1277572181344;23562592;;0;15933;;1;
l;1279249898848;23555424;;0;704;;2;
l;1275357383008;23518560;Dem;0;2850;;1;
l;1279048578400;23567712;;0;4062;;2;
l;1276900766048;23359840;GOP;1;5453;X;2;
l;1277236638048;23564640;;0;14659;X;1;
l;1275626020192;23554400;;0;17937;X;1;
l;1277840619872;23569760;;0;951;;2;
l;1276498112864;23524704;Ind;0;64;;3;
l;1278377161056;23549280;Lib;0;265;;6;
l;87844192;23558496;;0;700089;X;1;
l;1276431331680;23565664;;0;4537;;2;
l;1277505068384;23555424;;0;34502;;2;
l;1278377161056;23527776;Ind;0;130;;7;
l;1275625697632;23524704;Ind;0;133;;3;
l;1276229999968;23555424;;0;46978;;2;
l;1275894453600;23550304;;0;1439;X;1;
l;1276901092704;23563616;;0;4802;X;2;
l;1275961241952;23512416;Dem;0;774;;1;
l;1277504865632;23343456;GOP;1;24042;;2;
l;1277706399072;23562592;;0;3093;;1;
l;1275491479904;23524704;Ind;0;107;;3;
l;1277571977568;23540064;Ind;0;8350;;2;
l;1278981464416;23557472;;0;4798;X;2;
l;1278847250784;23564640;;0;2406;X;1;
l;1276028472672;23539040;Ind;0;193;;3;
l;1276967874912;23527776;Ind;0;153;;7;
l;1278578487648;23359840;GOP;1;56764;X;2;
l;1277236639072;23566688;;0;16858;X;1;
l;1277840613728;23557472;;0;992;X;2;
l;1278242943328;23530848;Ind;0;32;;11;
l;1276632658272;23564640;;0;7887;X;1;
l;87845216;23560544;;0;728507;X;1;
l;1275692806496;23359840;GOP;1;34933;X;2;
l;1278511378784;23527776;Ind;0;34;;7;
l;1277035307360;23556448;;0;10723;;1;
l;1278780140896;23563616;;0;11813;X;2;
l;1278377489760;23566688;;0;11198;X;1;
l;1277102092640;23512416;Dem;0;524;;1;
l;1277102092640;23359840;GOP;1;3092;X;2;
l;1278511704416;23561568;;0;5199;;2;
l;1278914031968;23514464;RP;0;62;;9;
l;1276833979744;23554400;;0;62099;X;1;
l;1276230003040;23560544;;0;80508;X;1;
l;1278712828256;23540064;Ind;0;340;;2;
l;1277907727712;23567712;;0;2588;;2;
l;1277907720544;23553376;;0;2601;;2;
l;1275558588768;23514464;RP;0;27;;9;
l;1276364019040;23522656;Dem;0;2538;;1;
l;1275223374176;23569760;;0;2156;;2;
l;1278713029984;23559520;;0;529;;2;
l;1276296786272;23530848;Ind;0;35;;11;
l;1275827147104;23540064;Ind;0;432;;2;
l;1275894455648;23555424;;0;656;;2;
l;1277437965664;23566688;;0;4490;X;1;
l;1278175958368;23522656;Dem;0;2083;;1;
l;1275626022240;23558496;;0;16699;X;1;
l;1278712828256;23349600;GOP;1;979;X;1;
l;1277639287136;23557472;;0;2827;X;2;
l;1277236310368;23528800;Ind;0;138;;8;
l;1275827024224;23514464;RP;0;17;;9;
l;1275827024224;23528800;Ind;0;18;;8;
l;1278578810208;23554400;;0;45510;X;1;
l;1275894462816;23569760;;0;995;;2;
l;1277035308384;23558496;;0;12972;X;1;
l;1278846859616;23545184;Dem;0;2062;;1;
l;1277638963552;23532896;Ind;0;742;;12;
l;1277773501792;23551328;;0;11908;;2;
l;1278041939296;23554400;;0;4524;X;1;
l;1276095783264;23557472;;0;2431;X;2;
l;1278981470560;23568736;;0;4630;X;1;
l;1276766878048;23569760;;0;2013;;2;
l;1276296722784;23544160;GOP;0;1016;X;2;
l;1279048570208;23551328;;0;3498;;2;
l;1278309988704;23544160;GOP;0;5214;X;2;
l;1278713035104;23569760;;0;620;;2;
l;1277840290144;23526752;Ind;0;7;;5;
l;1278645920096;23556448;;0;11993;;1;
l;1276766671200;23349600;GOP;1;3924;X;1;
l;1277169138016;23544160;GOP;0;6815;X;2;
l;1276833982816;23561568;;0;26664;;2;
l;1275693128032;23552352;;0;40695;X;1;
l;1275558911328;23555424;;0;1478;;2;
l;1278108844384;23341408;GOP;1;3078;X;2;
l;1276364219744;23558496;;0;3797;X;1;
l;1279249576288;23532896;Ind;0;32;;12;
l;1275626023264;23560544;;0;15689;X;1;
l;1278041737568;23542112;GOP;0;5175;X;2;
l;1275961571680;23569760;;0;1270;;2;
l;1279316685152;23532896;Ind;0;40;;12;
l;1279316685152;23529824;Ind;0;10;;10;
l;87847264;23564640;;0;569063;X;1;
l;1278578813280;23561568;;0;18307;;2;
l;1279048574304;23559520;;0;3697;;2;
l;1277638963552;23524704;Ind;0;33;;3;
l;1276162895200;23563616;;0;3955;X;2;
l;1276632451424;23518560;Dem;0;6088;;1;
l;1275156262240;23562592;;0;5211;;1;
l;1277840611680;23552352;;0;1683;X;1;
l;1277437573472;23544160;GOP;0;4943;X;2;
l;1278914357600;23561568;;0;5709;;2;
l;1276833778016;23518560;Dem;0;671;;1;
l;1276766548320;23530848;Ind;0;29;;11;
l;87519584;23525728;Ind;0;7471;;4;
l;1277706398048;23561568;;0;2670;;2;
l;1278847252832;23568736;;0;3204;X;1;
l;1278108846432;23518560;Dem;0;4336;;1;
l;1276095785312;23560544;;0;2897;X;1;
l;1276297107808;23553376;;0;1064;;2;
l;1276632655200;23558496;;0;12405;X;1;
l;1275223367008;23555424;;0;1458;;2;
l;1278511378784;23525728;Ind;0;81;;4;
l;1275626024288;23562592;;0;9836;;1;
l;1277303740768;23553376;;0;978;;2;
l;1277974832480;23558496;;0;3399;X;1;
l;1276833776992;23343456;GOP;1;19322;;2;
l;87848288;23566688;;0;634757;X;1;
l;1275491479904;23514464;RP;0;66;;9;
l;1275692806496;23512416;Dem;0;33751;;1;
l;1278578814304;23563616;;0;31700;X;2;
l;1278108725600;23526752;Ind;0;31;;5;
l;1277102092640;23528800;Ind;0;43;;8;
l;1275625819488;23521632;Dem;0;6256;;1;
l;1275156263264;23564640;;0;5825;X;1;
l;1277773503840;23555424;;0;12461;;2;
l;1277437962592;23560544;;0;4988;X;1;
l;1277974507872;23525728;Ind;0;20;;4;
l;1276431128928;23353696;GOP;1;0;X;1;
l;1276498433376;23550304;;0;3152;X;1;
l;1279048572256;23555424;;0;3486;;2;
l;1276968192352;23546208;GOP;0;22513;X;2;
l;1275290153312;23524704;Ind;0;270;;3;
l;1275558588768;23532896;Ind;0;34;;12;
l;1279182467424;23526752;Ind;0;29;;5;
l;1276967874912;23514464;RP;0;232;;9;
l;87644512;23353696;GOP;1;0;X;1;
l;1276833984864;23565664;;0;35228;;2;
l;1276565544288;23555424;;0;1813;;2;
l;1278109046112;23551328;;0;3265;;2;
l;1279249576288;23528800;Ind;0;8;;8;
l;1275491803488;23557472;;0;4227;X;2;
l;1277638963552;23530848;Ind;0;33;;11;
l;1275693133152;23563616;;0;33448;X;2;
l;1275626025312;23564640;;0;11332;X;1;
l;1277303741792;23555424;;0;777;;2;
l;1276229677408;23524704;Ind;0;927;;3;
l;1278243272032;23566688;;0;3957;X;1;
l;1276632652128;23553376;;0;5361;;2;
l;1277840290144;23532896;Ind;0;17;;12;
l;87849312;23568736;;0;621322;X;1;
l;1276766876000;23565664;;0;2451;;2;
l;1279115686240;23565664;;0;5699;;2;
l;1279182467424;23528800;Ind;0;25;;8;
l;1276028350816;23525728;Ind;0;12;;4;
l;1276967874912;23532896;Ind;0;274;;12;
l;1275156264288;23566688;;0;6968;X;1;
l;1277773504864;23557472;;0;19655;X;2;
l;1279182467424;23530848;Ind;0;36;;11;
l;1279182788960;23552352;;0;4152;X;1;
l;1275558588768;23528800;Ind;0;36;;8;
l;1278041616736;23549280;Lib;0;65;;6;
l;1277907399008;23359840;GOP;1;3445;X;2;
l;1279383794016;23514464;RP;0;18;;9;
l;1279249899872;23556448;;0;1115;;1;
l;1276297108832;23555424;;0;931;;2;
l;1276162897248;23567712;;0;2840;;2;
l;1276901091680;23561568;;0;2895;;2;
l;1276363831648;23545184;Dem;0;3171;;1;
l;1279316685152;23359840;GOP;1;2082;X;2;
l;1277639292256;23567712;;0;1997;;2;
l;1276364218720;23556448;;0;2620;;1;
l;1278779814240;23524704;Ind;0;133;;3;
l;1276900766048;23512416;Dem;0;2379;;1;
l;1275290477920;23558496;;0;19204;X;1;
l;1278981463392;23554400;;0;5501;X;1;
l;1275894133088;23359840;GOP;1;1684;X;2;
l;87643488;23522656;Dem;0;72537;;1;
l;1277303742816;23557472;;0;1181;X;2;
l;1278981262688;23347552;GOP;1;6958;X;2;
l;1276699763040;23556448;;0;3895;;1;
l;1275357262176;23532896;Ind;0;34;;12;
l;1277303419232;23359840;GOP;1;1291;X;2;
l;1275827024224;23530848;Ind;0;11;;11;
l;1275558915424;23563616;;0;2501;X;2;
l;1276498438496;23560544;;0;2876;X;1;
l;1275223373152;23567712;;0;2338;;2;
l;1275558588768;23526752;Ind;0;35;;5;
l;1278645596512;23528800;Ind;0;91;;8;
l;1276766671200;23540064;Ind;0;663;;2;
l;1278176163168;23566688;;0;1743;X;1;
l;1276766548320;23527776;Ind;0;16;;7;
l;1275357582688;23551328;;0;1539;;2;
l;1276699563360;23522656;Dem;0;2116;;1;
l;1278981465440;23558496;;0;5351;X;1;
l;1277773181280;23526752;Ind;0;281;;5;
l;1276766874976;23562592;;0;1597;;1;
l;1276162568544;23529824;Ind;0;23;;10;
l;1276833778016;23542112;GOP;0;2059;X;2;
l;1278243266912;23557472;;0;3701;X;2;
l;1276833986912;23569760;;0;52032;;2;
l;1276095784288;23558496;;0;3428;X;1;
l;1276900766048;23549280;Lib;0;110;;6;
l;1278511315296;23544160;GOP;0;8776;X;2;
l;1275693131104;23559520;;0;19533;;2;
l;1278108844384;23533920;Ind;0;47;;3;
l;1277236634976;23558496;;0;20765;X;1;
l;1279249699168;23349600;GOP;1;2209;X;1;
l;1279383730528;23544160;GOP;0;2515;X;2;
l;1278041937248;23550304;;0;5275;X;1;
l;1277974833504;23561568;;0;2633;;2;
l;1275491416416;23545184;Dem;0;2478;;1;
l;1276766877024;23567712;;0;1924;;2;
l;1278444594528;23559520;;0;5414;;2;
l;87837024;23548256;GOP;0;15643;;1;
l;1275827147104;23349600;GOP;1;2071;X;1;
l;1275894069600;23545184;Dem;0;756;;1;
l;1276162889056;23551328;;0;2063;;2;
l;1278444599648;23568736;;0;7700;X;1;
l;1276901089632;23556448;;0;3699;;1;
l;1279384119648;23561568;;0;1619;;2;
l;1276900702560;23545184;Dem;0;3161;;1;
l;1276565547360;23560544;;0;2494;X;1;
l;1277437957472;23551328;;0;2769;;2;
l;1277706400096;23565664;;0;3731;;2;
l;1276766873952;23561568;;0;1809;;2;
l;1275424695648;23558496;;0;4551;X;1;
l;1277236310368;23526752;Ind;0;142;;5;
l;1278310377824;23560544;;0;7693;X;1;
l;1278243267936;23558496;;0;4048;X;1;
l;1278645918048;23553376;;0;12915;;2;
l;1276431004000;23512416;Dem;0;3427;;1;
l;1278243271008;23564640;;0;3589;X;1;
l;1277303744864;23561568;;0;792;;2;
l;1277370848608;23551328;;0;2111;;2;
l;1277102092640;23549280;Lib;0;54;;6;
l;1275692806496;23527776;Ind;0;268;;7;
l;1279384115552;23553376;;0;1364;;2;
l;1275558914400;23561568;;0;1795;;2;
l;1278109052256;23562592;;0;8055;;1;
l;1278511706464;23564640;;0;6163;X;1;
l;1276833983840;23562592;;0;59231;;1;
l;1277169523040;23553376;;0;2094;;2;
l;1275357262176;23514464;RP;0;24;;9;
l;1276699439456;23527776;Ind;0;32;;7;
l;1275424371040;23530848;Ind;0;55;;11;
l;1276766869856;23553376;;0;809;;2;
l;1275827351904;23565664;;0;1395;;2;
l;1278645917024;23550304;;0;21157;X;1;
l;1276565221728;23549280;Lib;0;59;;6;
l;1279048249696;23549280;Lib;0;86;;6;
l;1276967874912;23526752;Ind;0;180;;5;
l;1278310378848;23562592;;0;5913;;1;
l;1276095459680;23528800;Ind;0;26;;8;
l;1275491601760;23539040;Ind;0;154;;3;
l;1275357589856;23564640;;0;2733;X;1;
l;1278645919072;23555424;;0;10090;;2;
l;1278846923104;23528800;Ind;0;35;;8;
l;1277236638048;23565664;;0;16870;;2;
l;1278242943328;23526752;Ind;0;13;;5;
l;1278310052192;23549280;Lib;0;71;;6;
l;1277303741792;23554400;;0;1437;X;1;
l;1279384116576;23555424;;0;1302;;2;
l;1276095788384;23566688;;0;2402;X;1;
l;1278713026912;23552352;;0;924;X;1;
l;1279383794016;23524704;Ind;0;28;;3;
l;1276296786272;23525728;Ind;0;32;;4;
l;1275558909280;23550304;;0;2924;X;1;
l;1276967999840;23353696;GOP;1;0;X;1;
l;1277102420320;23564640;;0;773;X;1;
l;1276297108832;23554400;;0;1158;X;1;
l;1278645926240;23568736;;0;16257;X;1;
l;1279317006688;23552352;;0;2134;X;1;
l;1275693129056;23555424;;0;19590;;2;
l;1278981140832;23527776;Ind;0;35;;7;
l;1277706401120;23567712;;0;3265;;2;
l;1276967811424;23545184;Dem;0;23336;;1;
l;1275156060512;23353696;GOP;1;0;X;1;
l;1275827352928;23566688;;0;1025;X;1;
l;1277638963552;23528800;Ind;0;20;;8;
l;1275491479904;23549280;Lib;0;115;;6;
l;1279182797152;23569760;;0;3147;;2;
l;1278511701344;23554400;;0;8947;X;1;
l;1275558588768;23530848;Ind;0;31;;11;
l;1277907399008;23549280;Lib;0;52;;6;
l;1276498049376;23545184;Dem;0;1784;;1;
l;1275424692576;23553376;;0;3588;;2;
l;1276632330592;23530848;Ind;0;162;;11;
l;1275357590880;23566688;;0;3108;X;1;
l;1278041940320;23556448;;0;3396;;1;
l;1276230000992;23556448;;0;55062;;1;
l;1275491479904;23530848;Ind;0;80;;11;
l;1276833978720;23552352;;0;50781;X;1;
l;1277437966688;23568736;;0;4836;X;1;
l;87456096;23544160;GOP;0;719243;X;2;
l;1278108725600;23359840;GOP;1;10060;X;2;
l;1277974444384;23544160;GOP;0;3667;X;2;
l;1279384117600;23557472;;0;2173;X;2;
l;1276162690400;23539040;Ind;0;483;;3;
l;1278511378784;23530848;Ind;0;98;;11;
l;1278914355552;23557472;;0;7458;X;2;
l;1278108725600;23514464;RP;0;85;;9;
l;1276833985888;23566688;;0;70617;X;1;
l;1276632654176;23557472;;0;9117;X;2;
l;1275491804512;23558496;;0;5800;X;1;
l;1276632330592;23359840;GOP;1;12964;X;2;
l;1276028679520;23567712;;0;1281;;2;
l;1277102092640;23524704;Ind;0;49;;3;
l;1277907399008;23514464;RP;0;36;;9;
l;1276095789408;23568736;;0;2387;X;1;
l;1277504745824;23359840;GOP;1;19854;X;2;
l;1275558525280;23544160;GOP;0;2283;X;2;
l;1278914031968;23528800;Ind;0;74;;8;
l;1277303419232;23527776;Ind;0;10;;7;
l;1278041941344;23558496;;0;4223;X;1;
l;1276766878048;23568736;;0;2328;X;1;
l;1275626027360;23569760;;0;9924;;2;
l;1275223372128;23564640;;0;1731;X;1;
l;1277370528096;23524704;Ind;0;82;;3;
l;1278377097568;23544160;GOP;0;13230;X;2;
l;1278645596512;23514464;RP;0;184;;9;
l;1277840614752;23559520;;0;726;;2;
l;1279384118624;23559520;;0;1399;;2;
l;1277370854752;23562592;;0;2571;;1;
l;1277035305312;23552352;;0;14664;X;1;
l;1275357262176;23525728;Ind;0;46;;4;
l;1275290153312;23512416;Dem;0;10330;;1;
l;1277639293280;23568736;;0;3154;X;1;
l;1276297110880;23558496;;0;1128;X;1;
l;1277773304160;23349600;GOP;1;26694;X;1;
l;1278242879840;23545184;Dem;0;5138;;1;
l;1277370528096;23512416;Dem;0;2962;;1;
l;1277571854688;23529824;Ind;0;133;;10;
l;1278846923104;23532896;Ind;0;42;;12;
l;1277639288160;23559520;;0;2282;;2;
l;1277169324384;23540064;Ind;0;2037;;2;
l;1277303744864;23560544;;0;1388;X;1;
l;1276498235744;23349600;GOP;1;4112;X;1;
l;1278981077344;23545184;Dem;0;2473;;1;
l;1279115480416;23521632;Dem;0;3939;;1;
l;1275961568608;23563616;;0;1495;X;2;
l;1279384123744;23568736;;0;1795;X;1;
l;1276363895136;23514464;RP;0;43;;9;
l;1277571854688;23526752;Ind;0;134;;5;
l;1275692743008;23545184;Dem;0;40045;;1;
l;1277505071456;23560544;;0;57969;X;1;
l;1276431324512;23550304;;0;5683;X;1;
l;1275961563488;23552352;;0;1631;X;1;
l;1278041944416;23565664;;0;3053;;2;
l;1275626018144;23550304;;0;18716;X;1;
l;1275357262176;23524704;Ind;0;42;;3;
l;1276766868832;23550304;;0;3055;X;1;
l;1277236640096;23568736;;0;18846;X;1;
l;1277840226656;23545184;Dem;0;1191;;1;
l;1279249901920;23560544;;0;1434;X;1;
l;1277236310368;23514464;RP;0;213;;9;
l;1277303419232;23528800;Ind;0;10;;8;
l;1278041616736;23528800;Ind;0;37;;8;
l;1277907724640;23561568;;0;2025;;2;
l;1276229998944;23552352;;0;62771;X;1;
l;1279182591328;23351648;GOP;1;4714;X;2;
l;1276297113952;23565664;;0;1076;;2;
l;1279249897824;23553376;;0;1310;;2;
l;1279048577376;23565664;;0;4921;;2;
l;1278444269920;23532896;Ind;0;70;;12;
l;1277102092640;23527776;Ind;0;17;;7;
l;1279115687264;23567712;;0;4920;;2;
l;1278847244640;23552352;;0;3640;X;1;
l;1275961563488;23553376;;0;864;;2;
l;1279182467424;23514464;RP;0;39;;9;
l;1277169524064;23555424;;0;3085;;2;
l;1276699760992;23553376;;0;3585;;2;
l;1278175834464;23526752;Ind;0;36;;5;
l;1276498441568;23567712;;0;2620;;2;
l;1278176156000;23553376;;0;1522;;2;
l;1276498434400;23553376;;0;1776;;2;
l;1277034983776;23525728;Ind;0;170;;4;
l;1275290153312;23529824;Ind;0;97;;10;
l;1278578487648;23512416;Dem;0;15929;;1;
l;1278176164192;23568736;;0;1953;X;1;
l;1277706008928;23545184;Dem;0;4293;;1;
l;1277236310368;23525728;Ind;0;185;;4;
l;1277639289184;23561568;;0;1823;;2;
l;1279316621664;23544160;GOP;0;2340;X;2;
l;1277370851680;23557472;;0;3297;X;2;
l;1276363895136;23526752;Ind;0;32;;5;
l;1278444592480;23555424;;0;4603;;2;
l;1276498442592;23568736;;0;2380;X;1;
l;1277840612704;23555424;;0;882;;2;
l;1278645596512;23525728;Ind;0;231;;4;
l;1275357262176;23530848;Ind;0;27;;11;
l;1279182403936;23544160;GOP;0;4400;X;2;
l;1276028350816;23524704;Ind;0;31;;3;
l;1276901086560;23551328;;0;1958;;2;
l;1275961564512;23555424;;0;841;;2;
l;1275827347808;23557472;;0;1341;X;2;
l;1279048249696;23514464;RP;0;55;;9;
l;1277035313504;23569760;;0;9600;;2;
l;1277236310368;23549280;Lib;0;573;;6;
l;1276162896224;23565664;;0;3583;;2;
l;1276766870880;23554400;;0;3087;X;1;
l;1277572179296;23559520;;0;15089;;2;
l;1275760240992;23560544;;0;32472;X;1;
l;1279383794016;23549280;Lib;0;52;;6;
l;1278310375776;23557472;;0;5464;X;2;
l;1276632659296;23566688;;0;10106;X;1;
l;1276901090656;23559520;;0;2755;;2;
l;1275290483040;23568736;;0;17678;X;1;
l;1278981461344;23550304;;0;5587;X;1;
l;1276632330592;23549280;Lib;0;169;;6;
l;1278779814240;23526752;Ind;0;71;;5;
l;1278377161056;23525728;Ind;0;208;;4;
l;1276028675424;23559520;;0;959;;2;
l;1276901087584;23552352;;0;5212;X;1;
l;1278914361696;23569760;;0;6087;;2;
l;1276095459680;23527776;Ind;0;12;;7;
l;1278713028960;23557472;;0;706;X;2;
l;1275290089824;23545184;Dem;0;10573;;1;
l;87519584;23359840;GOP;1;715304;X;2;
l;87840096;23551328;;0;320319;;2;
l;1277169527136;23561568;;0;3914;;2;
l;1278310052192;23359840;GOP;1;5134;X;2;
l;1275558912352;23556448;;0;1722;;1;
l;87638368;23516512;Dem;0;38400;;1;
l;1278511378784;23512416;Dem;0;5896;;1;
l;1279182793056;23561568;;0;2619;;2;
l;1278645596512;23529824;Ind;0;77;;10;
l;1276028350816;23528800;Ind;0;12;;8;
l;1276699763040;23557472;;0;4739;X;2;
l;1277773181280;23530848;Ind;0;347;;11;
l;1277504745824;23530848;Ind;0;761;;11;
l;1276833657184;23359840;GOP;1;72040;X;2;
l;1275693130080;23557472;;0;35102;X;2;
l;1275894133088;23527776;Ind;0;12;;7;
l;1276028350816;23549280;Lib;0;35;;6;
l;1276162690400;23347552;GOP;1;4293;X;2;
l;1279316685152;23530848;Ind;0;16;;11;
l;1276766548320;23525728;Ind;0;19;;4;
l;1275223044448;23512416;Dem;0;1550;;1;
l;1277169201504;23530848;Ind;0;73;;11;
l;1275222980960;23544160;GOP;0;2993;X;2;
l;1275692806496;23526752;Ind;0;316;;5;
l;1277572179296;23558496;;0;20774;X;1;
l;1275625697632;23530848;Ind;0;98;;11;
l;1275491809632;23569760;;0;3484;;2;
l;87639392;23535968;Ind;0;1875;;3;
l;1279383794016;23526752;Ind;0;25;;5;
l;1277706195296;23540064;Ind;0;1537;;2;
l;1277639284064;23550304;;0;4205;X;1;
l;87841120;23553376;;0;477365;;2;
l;1277370849632;23552352;;0;3243;X;1;
l;1275961569632;23564640;;0;891;X;1;
l;1275156261216;23560544;;0;8151;X;1;
l;1277907399008;23530848;Ind;0;48;;11;
l;1276431126880;23540064;Ind;0;408;;2;
l;1276833657184;23549280;Lib;0;1062;;6;
l;1278713033056;23564640;;0;582;X;1;
l;1279182591328;23522656;Dem;0;2850;;1;
l;1277236640096;23569760;;0;13157;;2;
l;1276699764064;23559520;;0;3386;;2;
l;1276632330592;23532896;Ind;0;89;;12;
l;1277773117792;23545184;Dem;0;14898;;1;
l;1275357587808;23561568;;0;2106;;2;
l;1278578808160;23551328;;0;13744;;2;
l;1277370849632;23553376;;0;3353;;2;
l;1279249906016;23568736;;0;1328;X;1;
l;1275894460768;23565664;;0;1330;;2;
l;1277773501792;23550304;;0;21802;X;1;
l;1276565158240;23544160;GOP;0;3570;X;2;
l;1279115358560;23549280;Lib;0;103;;6;
l;1277907728736;23569760;;0;2214;;2;
l;1277236631904;23553376;;0;14501;;2;
l;1275827345760;23553376;;0;1051;;2;
l;1277370464608;23545184;Dem;0;3465;;1;
l;1277102418272;23561568;;0;2564;;2;
l;1275827344736;23550304;;0;1538;X;1;
l;1277706400096;23564640;;0;3291;X;1;
l;1279383794016;23527776;Ind;0;5;;7;
l;1275223365984;23553376;;0;1702;;2;
l;87842144;23555424;;0;400919;;2;
l;1275894458720;23560544;;0;1167;X;1;
l;1276968195424;23550304;;0;44421;X;1;
l;1277437964640;23565664;;0;5148;;2;
l;1277504745824;23514464;RP;0;319;;9;
l;1278981140832;23524704;Ind;0;98;;3;
l;1278377490784;23569760;;0;9974;;2;
l;1278847248736;23561568;;0;2331;;2;
l;1276632653152;23554400;;0;13603;X;1;
l;1277907723616;23559520;;0;2248;;2;
l;1276766484832;23545184;Dem;0;1755;;1;
l;1279249576288;23525728;Ind;0;10;;4;
l;1278109047136;23552352;;0;7738;X;1;
l;1276498112864;23528800;Ind;0;49;;8;
l;1277034983776;23514464;RP;0;96;;9;
l;1279249898848;23554400;;0;1473;X;1;
l;1278981462368;23552352;;0;4972;X;1;
l;1277504682336;23544160;GOP;0;23189;X;2;
l;1276095396192;23544160;GOP;0;3366;X;2;
l;1276230007136;23569760;;0;55635;;2;
l;87519584;23529824;Ind;0;3779;;10;
l;1278041616736;23512416;Dem;0;3029;;1;
l;1277370854752;23563616;;0;3952;X;2;
l;1276632652128;23552352;;0;14150;X;1;
l;1276028680544;23568736;;0;2076;X;1;
l;1278846923104;23549280;Lib;0;72;;6;
l;87519584;23512416;Dem;0;476423;;1;
l;1275558911328;23554400;;0;2732;X;1;
l;87843168;23557472;;0;580767;X;2;
l;1275894459744;23562592;;0;733;;1;
l;1277572176224;23553376;;0;17222;;2;
l;1275961571680;23568736;;0;1161;X;1;
l;1277974507872;23527776;Ind;0;16;;7;
l;1276766548320;23514464;RP;0;21;;9;
l;1276095459680;23514464;RP;0;20;;9;
l;1278847249760;23563616;;0;3607;X;2;
l;1276968199520;23559520;;0;21882;;2;
l;1276766876000;23564640;;0;1831;X;1;
l;1278041939296;23555424;;0;2962;;2;
l;1277907722592;23556448;;0;2137;;1;
l;1279115358560;23528800;Ind;0;98;;8;
l;1277907725664;23562592;;0;1963;;1;
l;1276901095776;23569760;;0;3403;;2;
l;1276833657184;23524704;Ind;0;651;;3;
l;1279317007712;23555424;;0;1201;;2;
l;1278846923104;23525728;Ind;0;34;;4;
l;1275357262176;23359840;GOP;1;2981;X;2;
l;1276229677408;23512416;Dem;0;61522;;1;
l;1277504865632;23517536;Dem;0;61185;X;1;
l;1275827346784;23554400;;0;1466;X;1;
l;1278243268960;23561568;;0;2857;;2;
l;1279383794016;23530848;Ind;0;18;;11;
l;1275290476896;23556448;;0;13355;;1;
l;87844192;23559520;;0;432772;;2;
l;1275424371040;23524704;Ind;0;125;;3;
l;1275692806496;23524704;Ind;0;611;;3;
l;1276431331680;23564640;;0;3373;X;1;
l;1277572177248;23555424;;0;11947;;2;
l;1277840616800;23563616;;0;1494;X;2;
l;1278645596512;23532896;Ind;0;186;;12;
l;1278847250784;23565664;;0;3321;;2;
l;1277034983776;23527776;Ind;0;100;;7;
l;1277907725664;23563616;;0;2904;X;2;
l;1277035309408;23561568;;0;7538;;2;
l;1278511708512;23568736;;0;6847;X;1;
l;1275424371040;23526752;Ind;0;55;;5;
l;1278981464416;23556448;;0;3133;;1;
l;1276230005088;23565664;;0;59070;;2;
l;1278511705440;23563616;;0;8588;X;2;
l;1278779814240;23530848;Ind;0;203;;11;
l;1278779814240;23512416;Dem;0;8016;;1;
l;1279048249696;23359840;GOP;1;7294;X;2;
l;1277370856800;23567712;;0;3132;;2;
l;1276095783264;23556448;;0;2126;;1;
l;1275357262176;23528800;Ind;0;19;;8;
l;1279182796128;23566688;;0;3869;X;1;
l;1279182792032;23558496;;0;4531;X;1;
l;1276095780192;23550304;;0;3401;X;1;
l;87845216;23561568;;0;392198;;2;
l;1276498439520;23562592;;0;2062;;1;
l;1275625697632;23359840;GOP;1;20144;X;2;
l;1276431332704;23566688;;0;3929;X;1;
l;1276968198496;23556448;;0;29309;;1;
l;1277638963552;23512416;Dem;0;1970;;1;
l;1279048575328;23561568;;0;3787;;2;
l;1277572182368;23565664;;0;17202;;2;
l;1278511378784;23529824;Ind;0;52;;10;
l;1279383916896;23540064;Ind;0;559;;2;
l;1278847251808;23567712;;0;2810;;2;
l;1276699439456;23530848;Ind;0;41;;11;
l;1276968196448;23552352;;0;34910;X;1;
l;1277907727712;23566688;;0;2327;X;1;
l;1275223044448;23527776;Ind;0;66;;7;
l;1275156256096;23550304;;0;9838;X;1;
l;1276565549408;23564640;;0;1683;X;1;
l;1278310372704;23551328;;0;3696;;2;
l;1278645533024;23544160;GOP;0;19634;X;2;
l;1275223374176;23568736;;0;2412;X;1;
l;1278713029984;23558496;;0;727;X;1;
l;1278310052192;23529824;Ind;0;24;;10;
l;1275558588768;23359840;GOP;1;2465;X;2;
l;1277639290208;23562592;;0;2839;;1;
l;1276095459680;23532896;Ind;0;41;;12;
l;1278310380896;23566688;;0;7199;X;1;
l;1276699439456;23529824;Ind;0;40;;10;
l;1277102422368;23569760;;0;2675;;2;
l;1275760239968;23559520;;0;15203;;2;
l;1278779750752;23544160;GOP;0;17791;X;2;
l;1278981140832;23514464;RP;0;202;;9;
l;87846240;23563616;;0;603860;X;2;
l;1276699768160;23566688;;0;4425;X;1;
l;1277572177248;23554400;;0;23979;X;1;
l;1275894462816;23568736;;0;1075;X;1;
l;1276968199520;23558496;;0;36049;X;1;
l;1277907720544;23552352;;0;2396;X;1;
l;1275156261216;23561568;;0;7039;;2;
l;1277840610656;23551328;;0;521;;2;
l;1278108725600;23512416;Dem;0;5581;;1;
l;1276833775968;23533920;Ind;0;1071;;3;
l;1277840619872;23568736;;0;1292;X;1;
l;1275894455648;23554400;;0;1445;X;1;
l;1276095582560;23349600;GOP;1;3722;X;1;
l;1276162505056;23545184;Dem;0;3497;;1;
l;1277236246880;23545184;Dem;0;8167;;1;
l;1279115679072;23551328;;0;3509;;2;
l;1278645596512;23526752;Ind;0;177;;5;
l;1278713035104;23568736;;0;625;X;1;
l;1277706396000;23557472;;0;3672;X;2;
l;1275223044448;23549280;Lib;0;57;;6;
l;1276699562336;23349600;GOP;1;2166;X;1;
l;1277102029152;23544160;GOP;0;3106;X;2;
l;1278713027936;23555424;;0;467;;2;
l;1276095780192;23551328;;0;1290;;2;
l;1278846859616;23544160;GOP;0;4331;X;2;
l;1277571854688;23527776;Ind;0;87;;7;
l;1275625697632;23514464;RP;0;109;;9;
l;1275961565536;23556448;;0;947;;1;
l;1277706402144;23568736;;0;4105;X;1;
l;87847264;23565664;;0;538780;;2;
l;1276296786272;23514464;RP;0;21;;9;
l;1278175770976;23545184;Dem;0;2635;;1;
l;1278578813280;23560544;;0;52338;X;1;
l;1278578811232;23556448;;0;40022;;1;
l;1275156262240;23563616;;0;9720;X;2;
l;1277773502816;23552352;;0;17513;X;1;
l;1278780141920;23564640;;0;13426;X;1;
l;1277504865632;23538016;Ind;0;443;;4;
l;1276229677408;23529824;Ind;0;321;;10;
l;1276363895136;23530848;Ind;0;52;;11;
l;1277706072416;23532896;Ind;0;69;;12;
l;1276364219744;23559520;;0;2343;;2;
l;1278243064160;23542112;GOP;0;3578;X;2;
l;87519584;23526752;Ind;0;4806;;5;
l;1278645596512;23527776;Ind;0;89;;7;
l;1276699563360;23351648;GOP;1;2871;X;2;
l;1277102419296;23562592;;0;660;;1;
l;1276364216672;23553376;;0;2807;;2;
l;1276498112864;23529824;Ind;0;16;;10;
l;1278712705376;23514464;RP;0;7;;9;
l;1276498112864;23549280;Lib;0;55;;6;
l;1275290475872;23555424;;0;10077;;2;
l;1277840615776;23561568;;0;934;;2;
l;1275760242016;23563616;;0;29903;X;2;
l;1278981140832;23549280;Lib;0;105;;6;
l;1278713031008;23561568;;0;523;;2;
l;1278377285984;23353696;GOP;1;0;X;1;
l;87848288;23567712;;0;472113;;2;
l;1276699439456;23526752;Ind;0;53;;5;
l;1278578814304;23562592;;0;36836;;1;
l;1277773181280;23532896;Ind;0;165;;12;
l;1275156263264;23565664;;0;9187;;2;
l;1277773503840;23554400;;0;20735;X;1;
l;1276028676448;23560544;;0;2131;X;1;
l;1278779814240;23514464;RP;0;104;;9;
l;1275424371040;23525728;Ind;0;60;;4;
l;1275759915360;23530848;Ind;0;371;;11;
l;1276363895136;23359840;GOP;1;3531;X;2;
l;1278377487712;23563616;;0;13641;X;2;
l;1279316685152;23525728;Ind;0;14;;4;
l;1277572180320;23560544;;0;22338;X;1;
l;1278645924192;23565664;;0;13915;;2;
l;1279182795104;23564640;;0;3291;X;1;
l;1278914031968;23530848;Ind;0;197;;11;
l;1276833984864;23564640;;0;67558;X;1;
l;1276632653152;23555424;;0;5543;;2;
l;1276699439456;23528800;Ind;0;37;;8;
l;1276968195424;23551328;;0;15802;;2;
l;1279048249696;23532896;Ind;0;91;;12;
l;1275558912352;23557472;;0;2369;X;2;
l;1278511378784;23524704;Ind;0;152;;3;
l;1276028678496;23565664;;0;1511;;2;
l;1277370850656;23555424;;0;2394;;2;
l;1279249576288;23549280;Lib;0;28;;6;
l;1277773508960;23565664;;0;19741;;2;
l;87849312;23569760;;0;507277;;2;
l;1276498433376;23551328;;0;1634;;2;
l;1278444269920;23525728;Ind;0;65;;4;
l;1275894133088;23528800;Ind;0;9;;8;
l;1279115686240;23564640;;0;4742;X;1;
l;1277169523040;23552352;;0;8541;X;1;
l;1276833657184;23529824;Ind;0;249;;10;
l;1275156264288;23567712;;0;8035;;2;
l;1277773504864;23556448;;0;12800;;1;
l;1275424691552;23550304;;0;5494;X;1;
l;1279384121696;23564640;;0;1390;X;1;
l;1278243263840;23550304;;0;4607;X;1;
l;1277706072416;23530848;Ind;0;64;;11;
l;1277840290144;23359840;GOP;1;1403;X;2;
l;1279115682144;23557472;;0;5836;X;2;
l;1278981140832;23525728;Ind;0;41;;4;
l;1277504745824;23525728;Ind;0;432;;4;
l;1278243272032;23567712;;0;2658;;2;
l;1276431325536;23553376;;0;3054;;2;
l;1277102420320;23565664;;0;2906;;2;
l;1279249576288;23359840;GOP;1;1987;X;2;
l;1277639292256;23566688;;0;3622;X;1;
l;1276364218720;23557472;;0;3465;X;2;
l;1275827350880;23562592;;0;772;;1;
l;1278846923104;23530848;Ind;0;83;;11;
l;1275223369056;23558496;;0;3050;X;1;
l;1275357589856;23565664;;0;2751;;2;
l;1278914360672;23566688;;0;6830;X;1;
l;1279115680096;23552352;;0;8580;X;1;
l;1275760244064;23567712;;0;23355;;2;
l;1277706396000;23556448;;0;3442;;1;
l;1275692806496;23525728;Ind;0;235;;4;
l;1277571854688;23549280;Lib;0;400;;6;
l;1279115358560;23525728;Ind;0;48;;4;
l;1276364217696;23555424;;0;2388;;2;
l;1279182788960;23553376;;0;3162;;2;
l;1276230006112;23567712;;0;55995;;2;
l;1279249902944;23562592;;0;858;;1;
l;1277236634976;23559520;;0;11382;;2;
l;1277773505888;23558496;;0;20201;X;1;
l;1276229997920;23550304;;0;94611;X;1;
l;1276699562336;23540064;Ind;0;1826;;2;
l;1277437636960;23524704;Ind;0;59;;3;
l;1276833657184;23514464;RP;0;450;;9;
l;1275357582688;23550304;;0;4385;X;1;
l;1279115683168;23559520;;0;3637;;2;
l;1275759851872;23544160;GOP;0;29954;X;2;
l;1276967874912;23529824;Ind;0;131;;10;
l;1275961364832;23540064;Ind;0;417;;2;
l;1277102416224;23557472;;0;2927;X;2;
l;1275223044448;23529824;Ind;0;19;;10;
l;1279048368480;23533920;Ind;0;256;;3;
l;1276028675424;23558496;;0;2348;X;1;
l;1275759915360;23512416;Dem;0;17013;;1;
l;1278444206432;23544160;GOP;0;9200;X;2;
l;1275558710624;23521632;Dem;0;1889;;1;
l;1276565551456;23569760;;0;2288;;2;
l;1277370852704;23559520;;0;2866;;2;
l;1276498439520;23563616;;0;2572;X;2;
l;1279249512800;23545184;Dem;0;637;;1;
l;1278176154976;23551328;;0;1274;;2;
l;1278645596512;23524704;Ind;0;176;;3;
l;1276699766112;23563616;;0;5128;X;2;
l;1276632330592;23512416;Dem;0;7350;;1;
l;1277303743840;23559520;;0;876;;2;
l;1276363895136;23532896;Ind;0;48;;12;
l;1275894069600;23544160;GOP;0;1452;X;2;
l;1278041940320;23557472;;0;3965;X;2;
l;1276162889056;23550304;;0;4578;X;1;
l;1275558918496;23568736;;0;2252;X;1;
l;1278310381920;23569760;;0;5165;;2;
l;1277303745888;23562592;;0;907;;1;
l;1276699375968;23545184;Dem;0;5779;;1;
l;1275827348832;23558496;;0;1351;X;1;
l;1277505066336;23551328;;0;23962;;2;
l;1276162568544;23526752;Ind;0;40;;5;
l;1278377161056;23530848;Ind;0;254;;11;
l;1277840615776;23560544;;0;1310;X;1;
l;1275558525280;23545184;Dem;0;2632;;1;
l;1278511703392;23559520;;0;4336;;2;
l;1277504864608;23341408;GOP;1;7924;X;2;
l;1279249899872;23557472;;0;1227;X;2;
l;1275223368032;23557472;;0;2790;X;2;
l;1278176160096;23561568;;0;1458;;2;
l;87638368;23533920;Ind;0;4576;;3;
l;1275357383008;23542112;GOP;0;3856;X;2;
l;1278511700320;23552352;;0;11636;X;1;
l;1277773181280;23512416;Dem;0;11313;;1;
l;1276095459680;23530848;Ind;0;20;;11;
l;1277034983776;23359840;GOP;1;16509;X;2;
l;1278310173024;23518560;Dem;0;6991;;1;
l;1279384115552;23552352;;0;2285;X;1;
l;1276431004000;23528800;Ind;0;73;;8;
l;1276632656224;23560544;;0;10777;X;1;
l;1275424695648;23559520;;0;3261;;2;
l;1276431330656;23563616;;0;4887;X;2;
l;1276968196448;23553376;;0;23098;;2;
l;1278914358624;23562592;;0;5298;;1;
l;1278444269920;23528800;Ind;0;86;;8;
l;1275424371040;23527776;Ind;0;118;;7;
l;1277840412000;23521632;Dem;0;911;;1;
l;1277370848608;23550304;;0;4623;X;1;
l;1276230004064;23563616;;0;67729;X;2;
l;1277572182368;23564640;;0;17958;X;1;
l;1277303419232;23514464;RP;0;3;;9;
l;1278444596576;23563616;;0;7915;X;2;
l;1275424696672;23560544;;0;4423;X;1;
l;1278914156896;23353696;GOP;1;0;X;1;
l;1276565343584;23521632;Dem;0;748;;1;
l;1277840617824;23564640;;0;752;X;1;
l;1278780136800;23554400;;0;15787;X;1;
l;1276095788384;23567712;;0;2113;;2;
l;1279182787936;23550304;;0;5508;X;1;
l;1278444269920;23524704;Ind;0;134;;3;
l;1276632330592;23528800;Ind;0;102;;8;
l;1275760040288;23353696;GOP;1;0;X;1;
l;1277437758816;23521632;Dem;0;3581;;1;
l;1275424371040;23528800;Ind;0;80;;8;
l;1276968192352;23548256;GOP;0;15643;;1;
l;1275961241952;23549280;Lib;0;24;;6;
l;1279316685152;23514464;RP;0;20;;9;
l;1275290480992;23565664;;0;13942;;2;
l;1278578808160;23550304;;0;59301;X;1;
l;1277102029152;23545184;Dem;0;821;;1;
l;1278511499616;23542112;GOP;0;9464;X;2;
l;1278108725600;23527776;Ind;0;17;;7;
l;1276968202592;23565664;;0;31239;;2;
l;1276968197472;23555424;;0;17699;;2;
l;1277035310432;23563616;;0;11175;X;2;
l;1278914031968;23527776;Ind;0;44;;7;
l;1278713034080;23567712;;0;635;;2;
l;1276095781216;23553376;;0;1344;;2;
l;1277303746912;23565664;;0;1022;;2;
l;1277706072416;23528800;Ind;0;72;;8;
l;1277236632928;23554400;;0;22203;X;1;
l;1276028679520;23566688;;0;1961;X;1;
l;1277974629728;23539040;Ind;0;82;;3;
l;1278645918048;23552352;;0;15640;X;1;
l;1275290475872;23554400;;0;19326;X;1;
l;1277169201504;23549280;Lib;0;141;;6;
l;1276363895136;23527776;Ind;0;35;;7;
l;1275491808608;23567712;;0;3753;;2;
l;1278511702368;23556448;;0;7641;;1;
l;1277773181280;23514464;RP;0;281;;9;
l;1278645926240;23569760;;0;12046;;2;
l;1275760237920;23555424;;0;12479;;2;
l;87456096;23545184;Dem;0;540633;;1;
l;1276766877024;23566688;;0;2366;X;1;
l;1277303419232;23526752;Ind;0;10;;5;
l;1278041616736;23359840;GOP;1;4631;X;2;
l;1278108725600;23549280;Lib;0;150;;6;
l;1279384117600;23556448;;0;1356;;1;
l;1277169201504;23524704;Ind;0;84;;3;
l;1276565221728;23528800;Ind;0;68;;8;
l;1278444592480;23554400;;0;9241;X;1;
l;1276162568544;23512416;Dem;0;2773;;1;
l;1276968203616;23567712;;0;25846;;2;
l;1276498436448;23556448;;0;2250;;1;
l;1276363831648;23544160;GOP;0;3790;X;2;
l;1275290474848;23552352;;0;16868;X;1;
l;1276565221728;23524704;Ind;0;62;;3;
l;1276162892128;23556448;;0;2776;;1;
l;1276565221728;23359840;GOP;1;3699;X;2;
l;1275827024224;23525728;Ind;0;19;;4;
l;1279249897824;23552352;;0;1065;X;1;
l;1277169528160;23563616;;0;5683;X;2;
l;1277504864608;23516512;Dem;0;3485;;1;
l;1277303419232;23532896;Ind;0;19;;12;
l;1275491416416;23544160;GOP;0;6187;X;2;
l;87846240;23562592;;0;493596;;1;
l;1279317008736;23556448;;0;1606;;1;
l;1278176159072;23559520;;0;1248;;2;
l;1278914361696;23568736;;0;7573;X;1;
l;1276833981792;23558496;;0;56165;X;1;
l;1276632330592;23524704;Ind;0;169;;3;
l;1276766872928;23558496;;0;2854;X;1;
l;1277370528096;23527776;Ind;0;16;;7;
l;1278444390752;23542112;GOP;0;11498;X;2;
l;1275827351904;23564640;;0;882;X;1;
l;1277505075552;23569760;;0;41380;;2;
l;1276431328608;23559520;;0;3614;;2;
l;1277974831456;23556448;;0;1868;;1;
l;1277907399008;23532896;Ind;0;50;;12;
l;1278041553248;23545184;Dem;0;3449;;1;
l;1278377481568;23550304;;0;15800;X;1;
l;1277034983776;23528800;Ind;0;55;;8;
l;1279115358560;23529824;Ind;0;47;;10;
l;1277639288160;23558496;;0;3495;X;1;
l;1279384118624;23558496;;0;2190;X;1;
l;1276431126880;23349600;GOP;1;2828;X;1;
l;1278981077344;23544160;GOP;0;6174;X;2;
l;1277437636960;23512416;Dem;0;3684;;1;
l;1278176164192;23569760;;0;1589;;2;
l;1277303542112;23349600;GOP;1;1635;X;1;
l;1277706008928;23544160;GOP;0;4327;X;2;
l;87640416;23542112;GOP;0;108957;X;2;
l;1276632651104;23550304;;0;14014;X;1;
l;1275491801440;23553376;;0;2934;;2;
l;1277639084384;23518560;Dem;0;1880;;1;
l;1276162568544;23514464;RP;0;19;;9;
l;1278176161120;23563616;;0;2065;X;2;
l;1276162894176;23560544;;0;3553;X;1;
l;1276699759968;23550304;;0;6256;X;1;
l;1277236636000;23560544;;0;19721;X;1;
l;1279048579424;23568736;;0;5844;X;1;
l;1279115684192;23561568;;0;4316;;2;
l;1277035310432;23562592;;0;10946;;1;
l;1278712705376;23525728;Ind;0;13;;4;
l;1277907724640;23560544;;0;2900;X;1;
l;1278109053280;23565664;;0;5661;;2;
l;1275760235872;23551328;;0;12918;;2;
l;1278377487712;23562592;;0;8261;;1;
l;1279317006688;23553376;;0;1462;;2;
l;1275491479904;23525728;Ind;0;46;;4;
l;1277773181280;23524704;Ind;0;372;;3;
l;1277974836576;23566688;;0;2554;X;1;
l;1277639290208;23563616;;0;2694;X;2;
l;1275827345760;23552352;;0;1279;X;1;
l;1279048577376;23564640;;0;4862;X;1;
l;1275223044448;23526752;Ind;0;34;;5;
l;1277169201504;23527776;Ind;0;34;;7;
l;1277638963552;23526752;Ind;0;20;;5;
l;1276162895200;23562592;;0;2290;;1;
l;1276699760992;23552352;;0;5353;X;1;
l;1278712705376;23528800;Ind;0;8;;8;
l;1276229998944;23553376;;0;60543;;2;
l;1277034983776;23526752;Ind;0;70;;5;
l;1275155935584;23528800;Ind;0;66;;8;
l;1278578487648;23529824;Ind;0;149;;10;
l;1276028680544;23569760;;0;1188;;2;
l;1276364223840;23567712;;0;3005;;2;
l;1275223167328;23540064;Ind;0;508;;2;
l;1279115687264;23566688;;0;5577;X;1;
l;1277437636960;23525728;Ind;0;28;;4;
l;1278176161120;23562592;;0;1401;;1;
l;1275894133088;23514464;RP;0;11;;9;
l;1279115358560;23512416;Dem;0;4191;;1;
l;1278511701344;23555424;;0;4684;;2;
l;1276699762016;23555424;;0;3589;;2;
l;1278578487648;23525728;Ind;0;585;;4;
l;1277370528096;23529824;Ind;0;61;;10;
l;1277370855776;23565664;;0;3558;;2;
l;1276028673376;23555424;;0;911;;2;
l;1277169201504;23512416;Dem;0;3766;;1;
l;1278847246688;23557472;;0;3094;X;2;
l;1277974507872;23526752;Ind;0;18;;5;
l;1276967874912;23528800;Ind;0;217;;8;
l;1279384116576;23554400;;0;2299;X;1;
l;1277571791200;23544160;GOP;0;24154;X;2;
l;1276162896224;23564640;;0;2673;X;1;
l;1276699762016;23554400;;0;5234;X;1;
l;1278712705376;23529824;Ind;0;5;;10;
l;1277370851680;23556448;;0;3224;;1;
l;1275424698720;23565664;;0;4362;;2;
l;1276431004000;23526752;Ind;0;63;;5;
l;1276431333728;23568736;;0;4347;X;1;
l;1277974830432;23554400;;0;3396;X;1;
l;1278511378784;23514464;RP;0;55;;9;
l;1278578816352;23566688;;0;46482;X;1;
l;1279115295072;23544160;GOP;0;6780;X;2;
l;1276431004000;23549280;Lib;0;122;;6;
l;1277303747936;23566688;;0;1175;X;1;
l;1275626021216;23557472;;0;14121;X;2;
l;1277907726688;23564640;;0;2197;X;1;
l;1277840618848;23566688;;0;1307;X;1;
l;1276901095776;23568736;;0;4248;X;1;
l;1275424493920;23540064;Ind;0;1750;;2;
l;1278780137824;23557472;;0;12957;X;2;
l;1278444206432;23545184;Dem;0;7098;;1;
l;1276967874912;23525728;Ind;0;240;;4;
l;1277437758816;23539040;Ind;0;170;;3;
l;1278310375776;23556448;;0;5525;;1;
l;1278779814240;23359840;GOP;1;17429;X;2;
l;1275827347808;23556448;;0;960;;1;
l;1275290483040;23569760;;0;11407;;2;
l;1275357584736;23555424;;0;2014;;2;
l;1276095784288;23559520;;0;1202;;2;
l;1276162897248;23566688;;0;3411;X;1;
l;1276766871904;23557472;;0;2468;X;2;
l;1275827352928;23567712;;0;1263;;2;
l;1275290479968;23562592;;0;12622;;1;
l;1278310379872;23564640;;0;6715;X;1;
l;1276230007136;23568736;;0;67333;X;1;
l;1275424371040;23512416;Dem;0;3109;;1;
l;1276766548320;23359840;GOP;1;3059;X;2;
l;1278914356576;23558496;;0;8554;X;1;
l;1275558588768;23525728;Ind;0;23;;4;
l;1275491803488;23556448;;0;3906;;1;
l;1278109055328;23568736;;0;7508;X;1;
l;1275155872096;23544160;GOP;0;10745;X;2;
l;1277169530208;23566688;;0;5338;X;1;
l;1279048575328;23560544;;0;6142;X;1;
l;1278914031968;23525728;Ind;0;67;;4;
l;1275491809632;23568736;;0;4833;X;1;
l;1278444594528;23558496;;0;8212;X;1;
l;1277504745824;23529824;Ind;0;195;;10;
l;1275290153312;23359840;GOP;1;19229;X;2;
l;1276766484832;23544160;GOP;0;3007;X;2;
l;1277236310368;23359840;GOP;1;26361;X;2;
l;1276364220768;23561568;;0;2378;;2;
l;1277035309408;23560544;;0;14983;X;1;
l;1276498049376;23544160;GOP;0;3473;X;2;
l;1277638963552;23529824;Ind;0;14;;10;
l;1276699764064;23558496;;0;5359;X;1;
l;1277773117792;23544160;GOP;0;20847;X;2;
l;1275558588768;23549280;Lib;0;55;;6;
l;1278645917024;23551328;;0;8053;;2;
l;1279115688288;23569760;;0;4482;;2;
l;1276699759968;23551328;;0;2820;;2;
l;1276095786336;23562592;;0;2151;;1;
l;1276430940512;23545184;Dem;0;4522;;1;
l;1278847243616;23551328;;0;1797;;2;
l;1277907728736;23568736;;0;2766;X;1;
l;1275692806496;23529824;Ind;0;285;;10;
l;1275357588832;23563616;;0;2950;X;2;
l;1278645924192;23564640;;0;13780;X;1;
l;1277370464608;23544160;GOP;0;3943;X;2;
l;1276229997920;23551328;;0;31841;;2;
l;1275827344736;23551328;;0;827;;2;
l;1276162568544;23528800;Ind;0;48;;8;
l;1276431004000;23514464;RP;0;52;;9;
l;1279182467424;23527776;Ind;0;25;;7;
l;1275290474848;23553376;;0;12378;;2;
l;1275558917472;23567712;;0;1944;;2;
l;1275155935584;23526752;Ind;0;87;;5;
l;1275760240992;23561568;;0;15662;;2;
l;1277169522016;23550304;;0;8048;X;1;
l;1275961569632;23565664;;0;1488;;2;
l;1277974828384;23550304;;0;3361;X;1;
l;1275961241952;23527776;Ind;0;14;;7;
l;1277303740768;23552352;;0;1319;X;1;
l;1277974507872;23530848;Ind;0;20;;11;
l;1278847248736;23560544;;0;3506;X;1;
l;1277974836576;23567712;;0;2506;;2;
l;1275626019168;23553376;;0;8992;;2;
l;1279249903968;23565664;;0;1328;;2;
l;1275357588832;23562592;;0;2503;;1;
l;1278109047136;23553376;;0;6864;;2;
l;1276901093728;23564640;;0;3017;X;1;
l;1277102092640;23532896;Ind;0;30;;12;
l;1276833776992;23535968;Ind;0;1195;;3;
l;1276498112864;23514464;RP;0;26;;9;
l;1279115358560;23530848;Ind;0;68;;11;
l;1275961241952;23526752;Ind;0;20;;5;
l;1278847244640;23553376;;0;2351;;2;
l;1278377482592;23553376;;0;10331;;2;
l;87519584;23530848;Ind;0;9188;;11;
l;1277169531232;23569760;;0;4276;;2;
l;1279048249696;23524704;Ind;0;113;;3;
l;1276565543264;23552352;;0;2577;X;1;
l;1277437966688;23569760;;0;3859;;2;
l;1277907399008;23529824;Ind;0;23;;10;
l;1277035312480;23567712;;0;8403;;2;
l;1275491802464;23554400;;0;6051;X;1;
l;1278914031968;23529824;Ind;0;47;;10;
l;1275491807584;23564640;;0;3344;X;1;
l;1276028677472;23563616;;0;1735;X;2;
l;1277437958496;23552352;;0;5459;X;1;
l;1277236310368;23524704;Ind;0;243;;3;
l;1278914354528;23554400;;0;9222;X;1;
l;1276498112864;23525728;Ind;0;29;;4;
l;1276095396192;23545184;Dem;0;1969;;1;
l;1278712705376;23530848;Ind;0;7;;11;
l;1278041946464;23568736;;0;3879;X;1;
l;1278109048160;23555424;;0;5547;;2;
l;1276632330592;23514464;RP;0;74;;9;
l;1277571854688;23524704;Ind;0;314;;3;
l;1277974832480;23559520;;0;1816;;2;
l;1278108725600;23532896;Ind;0;106;;12;
l;1276699439456;23525728;Ind;0;59;;4;
l;1278847245664;23555424;;0;1888;;2;
l;1278981140832;23526752;Ind;0;57;;5;
l;1278645596512;23530848;Ind;0;222;;11;
l;1278444269920;23527776;Ind;0;43;;7;
l;1278242943328;23528800;Ind;0;18;;8;
l;1275827346784;23555424;;0;867;;2;
l;1277907399008;23527776;Ind;0;20;;7;
l;1277572181344;23563616;;0;18893;X;2;
l;1278779814240;23549280;Lib;0;221;;6;
l;1277437636960;23532896;Ind;0;57;;12;
l;1275290476896;23557472;;0;15547;X;2;
l;1279182792032;23559520;;0;2780;;2;
l;1277840613728;23556448;;0;1234;;1;
l;1275827024224;23549280;Lib;0;24;;6;
l;1277639286112;23555424;;0;1997;;2;
l;1278041616736;23530848;Ind;0;66;;11;
l;1275424371040;23514464;RP;0;45;;9;
l;1276296786272;23527776;Ind;0;40;;7;
l;1276028350816;23527776;Ind;0;19;;7;
l;1275625697632;23529824;Ind;0;84;;10;
l;1277102092640;23529824;Ind;0;36;;10;
l;1278377485664;23558496;;0;13232;X;1;
l;1278109051232;23560544;;0;10090;X;1;
l;1279317014880;23568736;;0;2115;X;1;
l;1277706072416;23512416;Dem;0;4018;;1;
l;1278243267936;23559520;;0;2742;;2;
l;1275827024224;23529824;Ind;0;19;;10;
l;1278914355552;23556448;;0;6127;;1;
l;1278914031968;23532896;Ind;0;81;;12;
l;1275625819488;23539040;Ind;0;482;;3;
l;1278981140832;23359840;GOP;1;6269;X;2;
l;1278645921120;23558496;;0;17278;X;1;
l;1276028674400;23556448;;0;1635;;1;
l;1278645923168;23562592;;0;11552;;1;
l;1276229677408;23525728;Ind;0;496;;4;
l;1277974834528;23563616;;0;3024;X;2;
l;1277706072416;23525728;Ind;0;57;;4;
l;1276095459680;23359840;GOP;1;3319;X;2;
l;1276565550432;23567712;;0;2517;;2;
l;1277437960544;23556448;;0;3821;;1;
l;1276901091680;23560544;;0;4713;X;1;
l;1278511700320;23553376;;0;2619;;2;
l;1276967874912;23359840;GOP;1;41666;X;2;
l;1278847251808;23566688;;0;2970;X;1;
l;1279383794016;23359840;GOP;1;2660;X;2;
l;1277974834528;23562592;;0;2017;;1;
l;1275290153312;23549280;Lib;0;469;;6;
l;1275759915360;23526752;Ind;0;250;;5;
l;1278041945440;23567712;;0;2743;;2;
l;1275156256096;23551328;;0;5922;;2;
l;1276028671328;23550304;;0;2468;X;1;
l;1277572178272;23557472;;0;18756;X;2;
l;1276431330656;23562592;;0;2995;;1;
l;1278847247712;23559520;;0;2461;;2;
l;1275491479904;23359840;GOP;1;6236;X;2;
