l;2149732894124;38323628;;0;3785;;1;
l;2148055191980;38356396;;0;19993;;1;
l;2148927583660;38315436;;0;695;;2;
l;2147988059564;38314412;;0;561;X;1;
l;2148994716076;38355372;;0;3920;;2;
l;2148122301868;38402476;;0;7573;X;1;
l;2148054493612;38166956;Dem;0;21500;;1;
l;2147585406380;38314412;;0;130721;X;1;
l;101758380;38314412;;0;402550;X;1;
l;100005292;38246828;Dem;0;3908;;1;
l;2148724732332;38061484;Dem;1;11885;X;1;
l;2149194191276;38111660;Dem;1;12521;X;1;
l;2149731365292;38061484;Dem;1;11294;X;1;
l;2148659172780;38403500;;0;1176;;2;
l;2148926544300;38145452;GOP;0;1614;;2;
l;2147719651756;38409644;;0;8296;X;1;
l;2149261300140;38128044;GOP;0;2059;;2;
l;2149261441452;38294956;GOP;0;2146;;2;
l;2148524940716;38333868;Dem;1;0;X;1;
l;2148927591852;38331820;Dem;1;1149;X;1;
l;2149060105644;38287788;Dem;0;312;X;1;
l;2147717986732;38129068;Dem;0;4699;;1;
l;2148927584684;38317484;;0;557;;1;
l;2149395823020;38147500;GOP;0;2447;;2;
l;2148121705900;38124972;GOP;0;9673;X;2;
l;2149263138220;38333868;Dem;1;0;X;1;
l;2148055170476;38319532;;0;25282;;1;
l;2147786753452;38350252;;0;2875;X;1;
l;2148590999980;38109612;Dem;1;4151;X;1;
l;2147583644076;38079916;Dem;1;3436;;1;
l;2147585407404;38316460;;0;144748;X;2;
l;2147718101420;38147500;GOP;0;10004;;2;
l;2147919254956;38287788;Dem;0;930;X;1;
l;2149665806764;38404524;;0;476;;2;
l;100055468;38047148;GOP;1;5296;X;2;
l;2147652540844;38405548;;0;767;X;1;
l;2147988086188;38407596;;0;198;;2;
l;2149464480172;38405548;;0;3279;X;1;
l;99982764;38234540;GOP;0;5329;;2;
l;99882412;38057388;Dem;1;110046;X;1;
l;2148457824684;38320556;;0;7293;X;1;
l;2147988081068;38352300;;0;391;;2;
l;2147786753452;38349228;;0;1937;;2;
l;2147919122860;38128044;GOP;0;7027;;2;
l;2148053647788;38150572;Dem;0;23617;X;1;
l;101786028;38408620;;0;132323;;2;
l;2149196045740;38406572;;0;17208;X;1;
l;2149194229164;38062508;Dem;1;0;X;1;
l;2149328599468;38132140;GOP;0;17245;X;2;
l;2149196029356;38333868;Dem;1;0;X;1;
l;2149196022188;38320556;;0;18974;X;1;
l;2149597151660;38150572;Dem;0;2086;X;1;
l;2148187863468;38060460;Dem;1;6050;X;1;
l;2148189408684;38354348;;0;3525;;2;
l;2147585408428;38318508;;0;76549;;2;
l;101760428;38318508;;0;216812;;2;
l;2148994717100;38403500;;0;1758;;2;
l;2148726244780;38175148;GOP;0;5066;;2;
l;2149060278700;38060460;Dem;1;1273;X;1;
l;2148726284716;38408620;;0;3274;;2;
l;2148590508460;38144428;GOP;0;5607;X;2;
l;2148055175596;38326700;Dem;1;0;X;1;
l;2147920977324;38407596;;0;2635;;2;
l;2147652519340;38322604;;0;1412;X;2;
l;2148793388460;38354348;;0;920;;2;
l;100719020;38109612;Dem;1;317249;X;1;
l;99998124;38243756;GOP;0;0;X;1;
l;2149397367212;38351276;;0;1537;X;1;
l;2148659171756;38356396;;0;1624;;1;
l;2147585428908;38353324;;0;111693;X;1;
l;2149328518572;38097324;Dem;1;3320;X;1;
l;2148726282668;38405548;;0;7100;X;1;
l;100048300;38117804;GOP;1;0;X;2;
l;101745068;38157740;Dem;0;29810;;1;
l;2147988083116;38355372;;0;407;;2;
l;2147585409452;38320556;;0;91876;X;1;
l;101761452;38320556;;0;294048;X;1;
l;2149664260524;38154668;GOP;0;986;;2;
l;2148054129068;38145452;GOP;0;20728;;2;
l;2147920958892;38330796;GOP;0;6993;;2;
l;2149261597100;38144428;GOP;0;3628;X;2;
l;2148926063020;38154668;GOP;0;1877;;2;
l;2149395814828;38059436;Dem;1;1505;;1;
l;2147583769004;38132140;GOP;0;101273;X;2;
l;2149531588012;38402476;;0;7098;X;1;
l;2148793374124;38330796;GOP;0;671;;2;
l;2149464477100;38354348;;0;1728;;2;
l;2148523399596;38059436;Dem;1;1861;;1;
l;2148055168428;38315436;;0;9505;;2;
l;2148858950060;38146476;GOP;0;9798;;2;
l;100227500;38144428;GOP;0;337913;X;2;
l;2148254857644;38129068;Dem;0;817;;1;
l;2149598698924;38407596;;0;1608;;2;
l;2148659148204;38315436;;0;1027;;2;
l;2148523223468;38281644;GOP;1;0;X;2;
l;2147585410476;38322604;;0;135976;X;2;
l;101762476;38322604;;0;388724;X;2;
l;2149731252652;38129068;Dem;0;8826;;1;
l;2147583649196;38245804;GOP;0;1833;;2;
l;101783980;38404524;;0;137074;;2;
l;2147718141356;38108588;GOP;1;0;X;2;
l;2149196020140;38316460;;0;24886;X;2;
l;2149061810604;38332844;Dem;1;0;X;1;
l;2149665789356;38331820;Dem;1;454;X;1;
l;2147853865388;38356396;;0;1553;;1;
l;100009388;38250924;GOP;0;5584;X;2;
l;2148523227564;38047148;GOP;1;414;X;2;
l;2149531563436;38315436;;0;1815;;2;
l;2148189406636;38350252;;0;4799;X;1;
l;2148323612076;38331820;Dem;1;219;X;1;
l;2148592062892;38356396;;0;3686;;1;
l;2149328360876;38057388;Dem;1;761;X;1;
l;2148390712748;38315436;;0;285;;2;
l;2148726282668;38404524;;0;3558;;2;
l;2149263149484;38351276;;0;3557;X;1;
l;99978668;38229420;GOP;0;2285;;2;
l;2148793386412;38350252;;0;824;X;1;
l;2147719648684;38403500;;0;3127;;2;
l;2149061825964;38402476;;0;2368;X;1;
l;2148725217708;38145452;GOP;0;4640;;2;
l;2148524957100;38406572;;0;3747;X;1;
l;2147583578540;38111660;Dem;1;2900;X;1;
l;2149596985772;38294956;GOP;0;411;;2;
l;2148860485036;38333868;Dem;1;0;X;1;
l;2147920953772;38321580;;0;3801;;2;
l;2147785208236;38061484;Dem;1;4020;X;1;
l;2149598693804;38351276;;0;2273;X;1;
l;2149530524076;38109612;Dem;1;9286;X;1;
l;2147583885740;38150572;Dem;0;105816;X;1;
l;2148657625516;38147500;GOP;0;2534;;2;
l;2148457250220;38124972;GOP;0;10110;X;2;
l;2148457829804;38330796;GOP;0;9480;;2;
l;2148457250220;38056364;Dem;1;2772;;1;
l;2148255455660;38109612;Dem;1;1373;X;1;
l;2148390713772;38317484;;0;369;;1;
l;2147785210284;38147500;GOP;0;2215;;2;
l;2149732318636;38124972;GOP;0;8001;X;2;
l;99971500;38064556;Dem;1;0;X;1;
l;2148390740396;38409644;;0;922;X;1;
l;2149127146924;38239660;GOP;0;0;X;1;
l;100030892;38043052;GOP;1;9904;X;2;
l;2148927587756;38323628;;0;560;;1;
l;2147585428908;38354348;;0;64411;;2;
l;2147583655340;38249900;Dem;0;6240;;1;
l;2148055155116;38158764;GOP;0;3255;X;2;
l;2148055176620;38331820;Dem;1;26295;X;1;
l;2149263155628;38409644;;0;5099;X;1;
l;2148659154348;38325676;Dem;0;0;X;1;
l;2147583643052;38239660;GOP;0;0;X;1;
l;2147786161580;38056364;Dem;1;3680;;1;
l;2148189390252;38323628;;0;2158;;1;
l;2148927570348;38158764;GOP;0;1880;X;2;
l;100070828;38105516;Dem;1;0;X;1;
l;2149731108268;38068652;Dem;1;0;X;1;
l;2149128933804;38356396;;0;17073;;1;
l;2149061803436;38318508;;0;1673;;2;
l;101774764;38340012;Dem;1;24251;X;1;
l;2147852319148;38060460;Dem;1;2549;X;1;
l;100719020;38145452;GOP;0;259913;;2;
l;2149127181740;38051244;GOP;1;642;;2;
l;2147786735020;38318508;;0;1824;;2;
l;2148592065964;38407596;;0;933;;2;
l;2148724734380;38060460;Dem;1;11895;X;1;
l;2148523399596;38144428;GOP;0;5580;X;2;
l;100023724;38042028;GOP;1;0;X;2;
l;2148524951980;38351276;;0;2786;X;1;
l;2147652541868;38406572;;0;781;X;1;
l;2148726278572;38351276;;0;7843;X;1;
l;2149598696876;38403500;;0;1513;;2;
l;100019628;38087084;Dem;1;4183;X;1;
l;2147988081068;38351276;;0;373;X;1;
l;2148994713004;38350252;;0;4655;X;1;
l;101775788;38410668;GOP;0;26205;X;2;
l;2148858762668;38099372;Dem;1;690;;1;
l;2148726260140;38321580;;0;3571;;2;
l;2147719624108;38315436;;0;3720;;2;
l;101775788;38342060;Dem;1;16182;;1;
l;2148323628460;38402476;;0;300;X;1;
l;2147853844908;38321580;;0;1682;;2;
l;2148592066988;38409644;;0;2297;X;1;
l;101759404;38316460;;0;425939;X;2;
l;2147585414572;38330796;GOP;0;91170;;2;
l;101766572;38330796;GOP;0;277879;;2;
l;2147920978348;38408620;;0;2944;;2;
l;2149127389612;38154668;GOP;0;21275;;2;
l;2147583875500;38059436;Dem;1;83855;;1;
l;2149328714156;38147500;GOP;0;14414;;2;
l;2148524931500;38316460;;0;5635;X;2;
l;2149261603244;38146476;GOP;0;1873;;2;
l;100037036;38273452;GOP;0;2087;;2;
l;2149531571628;38330796;GOP;0;2404;;2;
l;2147719646636;38353324;;0;7989;X;1;
l;2147786756524;38356396;;0;2740;;1;
l;2148523405740;38146476;GOP;0;4978;;2;
l;2149598680492;38330796;GOP;0;3391;;2;
l;2148994693548;38316460;;0;7173;X;2;
l;2147852204460;38132140;GOP;0;2915;X;2;
l;2147853867436;38405548;;0;2696;X;1;
l;2148457825708;38323628;;0;2665;;1;
l;2149531583916;38349228;;0;4098;;2;
l;2148323605932;38318508;;0;220;;2;
l;2148791728556;38129068;Dem;0;1407;;1;
l;2147988067756;38331820;Dem;1;288;X;1;
l;2149732915628;38404524;;0;6156;;2;
l;2149397349804;38322604;;0;2886;X;2;
l;2149263153580;38405548;;0;5196;X;1;
l;2148254857644;38132140;GOP;0;1092;X;2;
l;2149732215212;38173100;GOP;0;11646;X;2;
l;2149330238892;38318508;;0;18185;;2;
l;2147585415596;38332844;Dem;1;0;X;1;
l;101767596;38332844;Dem;1;0;X;1;
l;2149330260396;38355372;;0;21174;;2;
l;2149598695852;38355372;;0;2647;;2;
l;2148993167788;38061484;Dem;1;8317;X;1;
l;2148055189932;38352300;;0;19570;;2;
l;2148726266284;38332844;Dem;1;0;X;1;
l;2148456296876;38061484;Dem;1;3223;X;1;
l;2149263127980;38314412;;0;5785;X;1;
l;2149328599468;38129068;Dem;0;35111;;1;
l;2149464457644;38321580;;0;1864;;2;
l;2149462929836;38061484;Dem;1;3435;X;1;
l;2148659169708;38352300;;0;2641;;2;
l;2149261607340;38150572;Dem;0;6806;X;1;
l;100121004;38132140;GOP;0;317421;X;2;
l;2149127379372;38059436;Dem;1;16182;;1;
l;2148321966508;38129068;Dem;0;204;;1;
l;101780908;38353324;;0;312460;X;1;
l;2148055193004;38403500;;0;7135;;2;
l;2149396306348;38145452;GOP;0;2379;;2;
l;2148860502444;38409644;;0;8061;X;1;
l;2148791538092;38111660;Dem;1;1956;X;1;
l;2147920960940;38333868;Dem;1;0;X;1;
l;2149397349804;38323628;;0;765;;1;
l;2149196041644;38353324;;0;17864;X;1;
l;2148523891116;38145452;GOP;0;4767;;2;
l;2148659158444;38333868;Dem;1;0;X;1;
l;2149194979756;38109612;Dem;1;12537;X;1;
l;100062636;38287788;Dem;0;2623;X;1;
l;2149732912556;38354348;;0;8355;;2;
l;2149531564460;38316460;;0;8077;X;2;
l;2148187863468;38147500;GOP;0;4440;;2;
l;2147919911340;38109612;Dem;1;2875;X;1;
l;2147652538796;38355372;;0;1121;;2;
l;2148189387180;38317484;;0;1687;;1;
l;2148323629484;38404524;;0;129;;2;
l;2149732910508;38350252;;0;8599;X;1;
l;2148053429676;38087084;Dem;1;4183;X;1;
l;100233644;38061484;Dem;1;318382;X;1;
l;2149732915628;38405548;;0;11506;X;1;
l;2149397366188;38350252;;0;1692;X;1;
l;2147719610796;38158764;GOP;0;10987;X;2;
l;2148726280620;38356396;;0;7989;;1;
l;2149328518572;38274476;GOP;0;1710;;2;
l;2147853868460;38406572;;0;2792;X;1;
l;2149664741804;38109612;Dem;1;510;X;1;
l;2148524359084;38056364;Dem;1;2179;;1;
l;2148524917164;38157740;Dem;0;503;;1;
l;2148055188908;38349228;;0;18976;;2;
l;2148592050604;38334892;Dem;1;0;X;1;
l;100011436;38251948;Dem;0;4711;;1;
l;2149330250156;38336940;Dem;0;0;X;1;
l;2149330238892;38319532;;0;26782;;1;
l;2148927583660;38314412;;0;1986;X;1;
l;2149263152556;38402476;;0;5192;X;1;
l;2149330224556;38175148;GOP;0;3754;;2;
l;2149194488236;38144428;GOP;0;24418;X;2;
l;2148457823660;38319532;;0;6092;;1;
l;2148323630508;38406572;;0;276;X;1;
l;2149732911532;38352300;;0;10398;;2;
l;2147853866412;38402476;;0;2906;X;1;
l;2148187855276;38144428;GOP;0;5160;X;2;
l;2148860496300;38352300;;0;8269;;2;
l;101188012;38225324;Dem;0;3985;;1;
l;100061612;38052268;GOP;1;0;X;2;
l;2149061826988;38404524;;0;1237;;2;
l;2148189407660;38351276;;0;4640;X;1;
l;2147583626668;38070700;Dem;1;3836;X;1;
l;2149732898220;38330796;GOP;0;11400;;2;
l;2147786733996;38316460;;0;3783;X;2;
l;2148120586668;38054316;GOP;1;0;X;2;
l;99990956;38236588;GOP;1;0;X;2;
l;100012460;38253996;GOP;0;2164;;2;
l;2148994695596;38320556;;0;5289;X;1;
l;2148055176620;38330796;GOP;0;18897;;2;
l;2148390738348;38404524;;0;446;;2;
l;2148256498092;38320556;;0;879;X;1;
l;2148860502444;38408620;;0;4169;;2;
l;2149665803692;38353324;;0;610;X;1;
l;2148791835052;38059436;Dem;1;1494;;1;
l;2147853843884;38318508;;0;1842;;2;
l;100055468;38284716;Dem;0;2029;;1;
l;2149196039596;38349228;;0;14012;;2;
l;2148323612076;38330796;GOP;0;276;;2;
l;2147986538924;38150572;Dem;0;259;X;1;
l;2147919419820;38059436;Dem;1;2396;;1;
l;2149462929836;38146476;GOP;0;2508;;2;
l;2147583653292;38246828;Dem;0;3908;;1;
l;2149196027308;38330796;GOP;0;23616;;2;
l;2149665801644;38349228;;0;713;;2;
l;2147920973228;38353324;;0;4543;X;1;
l;2148256521644;38407596;;0;270;;2;
l;2147650990508;38146476;GOP;0;1215;;2;
l;2148189389228;38320556;;0;5783;X;1;
l;2147583881644;38061484;Dem;1;114333;X;1;
l;2147652536748;38351276;;0;572;X;1;
l;2147853864364;38354348;;0;2011;;2;
l;2148053647788;38154668;GOP;0;21384;;2;
l;2148256499116;38323628;;0;396;;1;
l;2149464481196;38406572;;0;3321;X;1;
l;2149732917676;38409644;;0;11349;X;1;
l;2147650877868;38129068;Dem;0;420;;1;
l;2148927586732;38320556;;0;1500;X;1;
l;2149395825068;38154668;GOP;0;2646;;2;
l;2149061805484;38322604;;0;2893;X;2;
l;2149732913580;38356396;;0;8359;;1;
l;2149060280748;38154668;GOP;0;3197;;2;
l;2147852153260;38104492;Dem;1;0;X;1;
l;2147920973228;38354348;;0;4429;;2;
l;2148323613100;38332844;Dem;1;0;X;1;
l;2148323627436;38356396;;0;181;;1;
l;100021676;38088108;Dem;1;5628;;1;
l;2149531591084;38408620;;0;1597;;2;
l;2149196028332;38332844;Dem;1;0;X;1;
l;2147988063660;38323628;;0;167;;1;
l;2149263151532;38355372;;0;3704;;2;
l;2148188711340;38173100;GOP;0;4449;X;2;
l;2149330264492;38408620;;0;7499;;2;
l;2147786732972;38315436;;0;796;;2;
l;2148927607212;38356396;;0;1022;;1;
l;2147583630764;38234540;GOP;0;5329;;2;
l;2147583530412;38057388;Dem;1;99487;X;1;
l;2149597997484;38173100;GOP;0;165;X;2;
l;100121004;38129068;Dem;0;274892;;1;
l;2148457846188;38403500;;0;3243;;2;
l;2148389190060;38060460;Dem;1;916;X;1;
l;2148189409708;38356396;;0;4520;;1;
l;2148390737324;38403500;;0;403;;2;
l;2149194979756;38145452;GOP;0;22830;;2;
l;2149529735596;38128044;GOP;0;2194;;2;
l;2148725685676;38124972;GOP;0;446;X;2;
l;2147719634348;38333868;Dem;1;0;X;1;
l;2149665805740;38403500;;0;396;;2;
l;2147785693612;38145452;GOP;0;2204;;2;
l;2149127387564;38147500;GOP;0;21302;;2;
l;2148323606956;38321580;;0;196;;2;
l;2149531573676;38333868;Dem;1;0;X;1;
l;2148859435436;38109612;Dem;1;5666;X;1;
l;2147786733996;38317484;;0;1159;;1;
l;2148523407788;38147500;GOP;0;4926;;2;
l;2149061788076;38157740;Dem;0;1135;;1;
l;2147584367020;38109612;Dem;1;111030;X;1;
l;2148323603884;38315436;;0;125;;2;
l;2148390718892;38325676;Dem;0;0;X;1;
l;2148858764716;38117804;GOP;1;0;X;2;
l;2148726281644;38403500;;0;3172;;2;
l;2148994696620;38322604;;0;6148;X;2;
l;2149196039596;38350252;;0;15831;X;1;
l;2148860474796;38314412;;0;11306;X;1;
l;2147585393068;38157740;Dem;0;3105;;1;
l;2148256496044;38317484;;0;349;;1;
l;2148524938668;38331820;Dem;1;1744;X;1;
l;2148055184812;38340012;Dem;1;24251;X;1;
l;2149330248108;38334892;Dem;1;0;X;1;
l;2148456298924;38060460;Dem;1;3999;X;1;
l;2148053424556;38084012;Dem;1;4248;X;1;
l;2149397347756;38319532;;0;1977;;1;
l;2149464455596;38316460;;0;3764;X;2;
l;101186988;38124972;GOP;0;91954;X;2;
l;2148994680236;38175148;GOP;0;299;;2;
l;2149328714156;38060460;Dem;1;37710;X;1;
l;2148858943916;38144428;GOP;0;11563;X;2;
l;2148189412780;38407596;;0;2554;;2;
l;2148457842092;38350252;;0;5132;X;1;
l;2147583875500;38144428;GOP;0;111803;X;2;
l;2148994718124;38404524;;0;1882;;2;
l;2149196040620;38352300;;0;14909;;2;
l;2149531565484;38318508;;0;3841;;2;
l;2148994713004;38349228;;0;3684;;2;
l;101770668;38335916;Dem;1;0;X;1;
l;2148323625388;38352300;;0;250;;2;
l;2149330261420;38403500;;0;6826;;2;
l;2148390734252;38352300;;0;664;;2;
l;99968428;38062508;Dem;1;0;X;1;
l;2149464481196;38407596;;0;1402;;2;
l;99977644;38069676;Dem;1;0;X;1;
l;2148793392556;38406572;;0;1491;X;1;
l;2149397348780;38321580;;0;1507;;2;
l;2149263155628;38408620;;0;1548;;2;
l;2148590401964;38129068;Dem;0;3926;;1;
l;2147652518316;38321580;;0;720;;2;
l;2148053643692;38061484;Dem;1;24288;X;1;
l;2149330258348;38351276;;0;27979;X;1;
l;99993004;38237612;GOP;0;2839;;2;
l;2147583885740;38154668;GOP;0;87112;;2;
l;2148524933548;38321580;;0;2457;;2;
l;2148457849260;38409644;;0;6198;X;1;
l;2148657627564;38154668;GOP;0;2598;;2;
l;2147583657388;38250924;GOP;0;5584;X;2;
l;2149665785260;38323628;;0;250;;1;
l;2148927610284;38406572;;0;1480;X;1;
l;2148120639916;38129068;Dem;0;4486;;1;
l;2149061809580;38330796;GOP;0;3022;;2;
l;2149128932780;38353324;;0;21222;X;1;
l;2148254964140;38059436;Dem;1;1054;;1;
l;2147583638956;38236588;GOP;1;0;X;2;
l;2148590514604;38146476;GOP;0;4327;;2;
l;2149196023212;38323628;;0;7829;;1;
l;100029868;38051244;GOP;1;5516;;2;
l;2148523293100;38129068;Dem;0;1978;;1;
l;2148323626412;38354348;;0;220;;2;
l;2147852317100;38146476;GOP;0;2202;;2;
l;2149261490604;38129068;Dem;0;5577;;1;
l;2148524934572;38322604;;0;5196;X;2;
l;2147786737068;38323628;;0;1473;;1;
l;2149664143788;38132140;GOP;0;1071;X;2;
l;100016556;38085036;Dem;1;0;X;1;
l;100011436;38050220;GOP;1;8104;X;2;
l;2149397369260;38356396;;0;1492;;1;
l;2148793370028;38323628;;0;411;;1;
l;2149328515500;38096300;Dem;1;7564;X;1;
l;2148256504236;38332844;Dem;1;0;X;1;
l;2148122300844;38356396;;0;5238;;1;
l;2148323605932;38319532;;0;222;;1;
l;2148793365932;38314412;;0;1763;X;1;
l;2148927607212;38355372;;0;1555;;2;
l;2147583626668;38414764;Ind;0;501;;3;
l;99978668;38414764;Ind;0;501;;3;
l;2148658473388;38173100;GOP;0;2534;X;2;
l;2147585406380;38315436;;0;43524;;2;
l;101758380;38315436;;0;117497;;2;
l;2147585429932;38356396;;0;92525;;1;
l;2148791841196;38061484;Dem;1;1791;X;1;
l;2148726279596;38353324;;0;8825;X;1;
l;2149732914604;38402476;;0;12305;X;1;
l;100233644;38146476;GOP;0;258597;;2;
l;2149127082412;38111660;Dem;1;15755;X;1;
l;2147853862316;38349228;;0;2281;;2;
l;2147988059564;38315436;;0;218;;2;
l;2148389192108;38154668;GOP;0;809;;2;
l;2148793390508;38402476;;0;1453;X;1;
l;2148993653164;38145452;GOP;0;2783;;2;
l;2148055193004;38402476;;0;22606;X;1;
l;2148925755820;38128044;GOP;0;1698;;2;
l;2148456184236;38132140;GOP;0;9595;X;2;
l;2148659148204;38314412;;0;3606;X;1;
l;2149060105644;38288812;GOP;0;439;;2;
l;2148994693548;38317484;;0;1495;;1;
l;2149462931884;38147500;GOP;0;2439;;2;
l;2148188814764;38124972;GOP;0;4575;X;2;
l;2149330247084;38333868;Dem;1;0;X;1;
l;2148523891116;38109612;Dem;1;2502;X;1;
l;2147585407404;38317484;;0;28461;;1;
l;101759404;38317484;;0;89651;;1;
l;2148793391532;38404524;;0;545;;2;
l;2148592054700;38337964;Dem;1;0;X;1;
l;2148053431724;38259116;GOP;0;6000;;2;
l;2149732892076;38318508;;0;9318;;2;
l;2148189392300;38325676;Dem;0;0;X;1;
l;2148726265260;38331820;Dem;1;10773;X;1;
l;2148592049580;38333868;Dem;1;0;X;1;
l;2148122302892;38405548;;0;6803;X;1;
l;2147920971180;38350252;;0;3682;X;1;
l;2147583647148;38244780;GOP;0;3078;;2;
l;2147853862316;38350252;;0;1814;X;1;
l;2148323624364;38349228;;0;226;;2;
l;2149531589036;38405548;;0;6924;X;1;
l;2148793367980;38318508;;0;892;;2;
l;2148994694572;38319532;;0;4675;;1;
l;2148120754604;38060460;Dem;1;5672;X;1;
l;2149395708332;38129068;Dem;0;1494;;1;
l;2147988061612;38318508;;0;356;;2;
l;2147585408428;38319532;;0;93638;;1;
l;101760428;38319532;;0;285423;;1;
l;2147853863340;38351276;;0;1738;X;1;
l;2148993169836;38060460;Dem;1;8295;X;1;
l;2148791835052;38144428;GOP;0;1057;X;2;
l;2149196045740;38407596;;0;11356;;2;
l;2147920977324;38406572;;0;4664;X;1;
l;2149261490604;38132140;GOP;0;3483;X;2;
l;2149196022188;38321580;;0;11158;;2;
l;2149261607340;38154668;GOP;0;2100;;2;
l;2149128932780;38354348;;0;16667;;2;
l;2147719645612;38351276;;0;6653;X;1;
l;2149464442284;38164908;Dem;1;370;X;1;
l;2148189408684;38353324;;0;5437;X;1;
l;2148659175852;38408620;;0;1296;;2;
l;2149462734252;38044076;GOP;1;0;X;2;
l;2147583530412;38122924;GOP;0;90353;;2;
l;2147920978348;38409644;;0;4292;X;1;
l;2148927606188;38353324;;0;1373;X;1;
l;2148053426604;38085036;Dem;1;0;X;1;
l;2147585409452;38321580;;0;78948;;2;
l;101761452;38321580;;0;213894;;2;
l;2147853850028;38330796;GOP;0;2408;;2;
l;2147652542892;38408620;;0;643;;2;
l;2148590518700;38150572;Dem;0;4035;X;1;
l;2149462923692;38059436;Dem;1;2989;;1;
l;2148791634348;38090156;Dem;1;0;X;1;
l;2147920974252;38355372;;0;5259;;2;
l;2148726265260;38330796;GOP;0;4924;;2;
l;2148389192108;38150572;Dem;0;839;X;1;
l;2147583655340;38041004;GOP;1;9157;X;2;
l;2149127147948;38242732;GOP;0;1740;X;2;
l;2148254970284;38146476;GOP;0;447;;2;
l;2147785095596;38129068;Dem;0;3264;;1;
l;100025772;38089132;Dem;1;4107;X;1;
l;2148793391532;38405548;;0;1482;X;1;
l;2149665781164;38315436;;0;358;;2;
l;2148724619692;38132140;GOP;0;5735;X;2;
l;2149061805484;38323628;;0;993;;1;
l;2147585410476;38323628;;0;34927;;1;
l;101762476;38323628;;0;113372;;1;
l;2148858758572;38277548;GOP;0;3059;X;2;
l;2148055168428;38314412;;0;32570;X;1;
l;2147853851052;38332844;Dem;1;0;X;1;
l;2148994717100;38402476;;0;5366;X;1;
l;2148121237932;38145452;GOP;0;8779;;2;
l;2148390713772;38316460;;0;1084;X;2;
l;2148994701740;38332844;Dem;1;0;X;1;
l;2149598672300;38314412;;0;3973;X;1;
l;2147719647660;38355372;;0;7504;;2;
l;2149531563436;38314412;;0;8268;X;1;
l;2147784946092;38064556;Dem;1;0;X;1;
l;2148592062892;38355372;;0;4127;;2;
l;2149127034284;38057388;Dem;1;4340;X;1;
l;2148859799980;38173100;GOP;0;4400;X;2;
l;2148256495020;38314412;;0;1087;X;1;
l;101783980;38405548;;0;292696;X;1;
l;2147853869484;38409644;;0;2772;X;1;
l;2149128911276;38316460;;0;32565;X;2;
l;2147786757548;38403500;;0;1547;;2;
l;2149664741804;38145452;GOP;0;881;;2;
l;2148122302892;38404524;;0;3774;;2;
l;2149059973548;38111660;Dem;1;1348;X;1;
l;2147785045420;38105516;Dem;1;0;X;1;
l;2148189406636;38349228;;0;4033;;2;
l;2149061825964;38403500;;0;954;;2;
l;2147583659436;38251948;Dem;0;4711;;1;
l;2148792326572;38145452;GOP;0;540;;2;
l;2148590211500;38128044;GOP;0;4541;;2;
l;2149396774316;38124972;GOP;0;2641;X;2;
l;2148592064940;38405548;;0;2391;X;1;
l;2148927593900;38333868;Dem;1;0;X;1;
l;2149463415212;38109612;Dem;1;3486;X;1;
l;2149464475052;38349228;;0;2025;;2;
l;2148726258092;38316460;;0;8138;X;2;
l;2148993169836;38147500;GOP;0;3082;;2;
l;2148524359084;38124972;GOP;0;4513;X;2;
l;2149665791404;38333868;Dem;1;0;X;1;
l;100034988;38309292;Dem;1;0;X;1;
l;2148457821612;38314412;;0;9140;X;1;
l;2148457822636;38317484;;0;2238;;1;
l;2147852319148;38147500;GOP;0;2300;;2;
l;2149731169708;38044076;GOP;1;0;X;2;
l;2147717919148;38282668;Dem;0;1635;;1;
l;2149598699948;38409644;;0;2849;X;1;
l;2148524957100;38407596;;0;1988;;2;
l;2147920953772;38320556;;0;5121;X;1;
l;2148592059820;38350252;;0;3691;X;1;
l;2149598693804;38352300;;0;2501;;2;
l;2147988046252;38158764;GOP;0;340;X;2;
l;2149529735596;38111660;Dem;1;9550;X;1;
l;2149596954028;38274476;GOP;0;2240;;2;
l;2147785212332;38154668;GOP;0;2365;;2;
l;2149665807788;38407596;;0;418;;2;
l;2147719644588;38350252;;0;6724;X;1;
l;2148860461484;38158764;GOP;0;5587;X;2;
l;2148659151276;38320556;;0;2930;X;1;
l;2149261441452;38106540;Dem;1;4474;X;1;
l;2147652542892;38409644;;0;781;X;1;
l;2149060280748;38150572;Dem;0;1179;X;1;
l;2149263130028;38319532;;0;4079;;1;
l;2148994694572;38318508;;0;3563;;2;
l;2148187865516;38150572;Dem;0;5860;X;1;
l;2147652537772;38354348;;0;915;;2;
l;2147785210284;38060460;Dem;1;4151;X;1;
l;2149462923692;38144428;GOP;0;3142;X;2;
l;2149397368236;38354348;;0;1856;;2;
l;2148256497068;38318508;;0;598;;2;
l;2148592065964;38406572;;0;2376;X;1;
l;2148189390252;38322604;;0;6633;X;2;
l;2148657625516;38060460;Dem;1;2593;X;1;
l;2148456290732;38144428;GOP;0;9748;X;2;
l;100235692;38147500;GOP;0;273838;;2;
l;2148659169708;38351276;;0;1813;X;1;
l;2149128933804;38355372;;0;20690;;2;
l;100036012;38272428;GOP;0;3536;;2;
l;2148927611308;38408620;;0;906;;2;
l;2147920972204;38351276;;0;3357;X;1;
l;100057516;38101420;Dem;1;4439;;1;
l;2148524954028;38355372;;0;3735;;2;
l;2148726260140;38320556;;0;8328;X;1;
l;2147988062636;38320556;;0;413;X;1;
l;2148592066988;38408620;;0;963;;2;
l;2147652517292;38318508;;0;789;;2;
l;2148053455276;38098348;Dem;1;0;X;1;
l;2147585414572;38331820;Dem;1;98170;X;1;
l;101766572;38331820;Dem;1;287117;X;1;
l;2147786760620;38409644;;0;3446;X;1;
l;2149328716204;38150572;Dem;0;37902;X;1;
l;2147650984364;38059436;Dem;1;498;;1;
l;2149194494380;38146476;GOP;0;22235;;2;
l;2149060111788;38055340;GOP;1;0;X;2;
l;2149397353900;38331820;Dem;1;1564;X;1;
l;2148322083244;38154668;GOP;0;312;;2;
l;2148456296876;38146476;GOP;0;9377;;2;
l;2149127182764;38043052;GOP;1;9904;X;2;
l;2147785095596;38132140;GOP;0;3126;X;2;
l;2149061821868;38350252;;0;1833;X;1;
l;2148457825708;38322604;;0;8262;X;2;
l;100067756;38054316;GOP;1;0;X;2;
l;2148457822636;38316460;;0;9065;X;2;
l;2149330240940;38322604;;0;35528;X;2;
l;2149598680492;38331820;Dem;1;1949;X;1;
l;2148592040364;38317484;;0;1372;;1;
l;2149061788076;38158764;GOP;0;3137;X;2;
l;2147719649708;38404524;;0;4028;;2;
l;100036012;38095276;Dem;1;11036;X;1;
l;2149464463788;38332844;Dem;1;0;X;1;
l;100270508;38048172;GOP;1;0;X;2;
l;2149531586988;38355372;;0;4278;;2;
l;2147786741164;38331820;Dem;1;3694;X;1;
l;2149128910252;38315436;;0;8745;;2;
l;2148659150252;38319532;;0;2481;;1;
l;2149263153580;38404524;;0;1581;;2;
l;2149261603244;38061484;Dem;1;6928;X;1;
l;2149263130028;38318508;;0;3131;;2;
l;2148793393580;38409644;;0;1479;X;1;
l;2148055189932;38351276;;0;21270;X;1;
l;2148122301868;38403500;;0;3173;;2;
l;100003244;38038956;GOP;1;0;X;2;
l;2148724429228;38111660;Dem;1;11238;X;1;
l;2149061828012;38406572;;0;2127;X;1;
l;2147988069804;38333868;Dem;1;0;X;1;
l;2148858837420;38129068;Dem;0;4745;;1;
l;2149397370284;38403500;;0;1017;;2;
l;2149598675372;38320556;;0;3112;X;1;
l;2148322079148;38061484;Dem;1;245;X;1;
l;2149061822892;38351276;;0;2044;X;1;
l;2147584834988;38124972;GOP;0;208;X;2;
l;2149462933932;38154668;GOP;0;2754;;2;
l;2148726267308;38333868;Dem;1;0;X;1;
l;2149127870892;38109612;Dem;1;21268;X;1;
l;100062636;38288812;GOP;0;2193;;2;
l;2148389075372;38129068;Dem;0;723;;1;
l;2148055178668;38333868;Dem;1;0;X;1;
l;2148254972332;38147500;GOP;0;541;;2;
l;2148659171756;38355372;;0;2879;;2;
l;2148927611308;38409644;;0;1424;X;1;
l;2149664260524;38150572;Dem;0;446;X;1;
l;2147852802476;38109612;Dem;1;3093;X;1;
l;2148189387180;38316460;;0;7454;X;2;
l;2149464458668;38323628;;0;1148;;1;
l;2149196041644;38354348;;0;12216;;2;
l;100019628;38258092;GOP;0;3342;;2;
l;100065708;38103468;Dem;1;0;X;1;
l;2149395611052;38042028;GOP;1;0;X;2;
l;2149464475052;38350252;;0;2581;X;1;
l;2148054597036;38056364;Dem;1;25815;;1;
l;2148122297772;38349228;;0;6350;;2;
l;2147583625644;38069676;Dem;1;0;X;1;
l;2149328514476;38272428;GOP;0;3536;;2;
l;2149596985772;38106540;Dem;1;244;X;1;
l;2149196021164;38318508;;0;13073;;2;
l;2149597149612;38060460;Dem;1;2904;X;1;
l;2148457839020;38410668;GOP;0;7238;X;2;
l;100030892;38269356;Dem;0;5850;;1;
l;2148524932524;38319532;;0;3708;;1;
l;2148457848236;38407596;;0;3615;;2;
l;2147852310956;38144428;GOP;0;2842;X;2;
l;2148927605164;38352300;;0;1491;;2;
l;2148860497324;38354348;;0;6645;;2;
l;2149598697900;38404524;;0;1667;;2;
l;2149464479148;38402476;;0;3446;X;1;
l;2148122298796;38351276;;0;5396;X;1;
l;2148389188012;38061484;Dem;1;898;X;1;
l;2149732877740;38175148;GOP;0;39;;2;
l;2148592051628;38335916;Dem;1;0;X;1;
l;2147583659436;38050220;GOP;1;8104;X;2;
l;2147853866412;38403500;;0;1119;;2;
l;2149128913324;38321580;;0;15872;;2;
l;2149463779756;38166956;Dem;0;2658;;1;
l;2148256498092;38321580;;0;463;;2;
l;2148189413804;38409644;;0;6152;X;1;
l;2148858943916;38059436;Dem;1;4167;;1;
l;2149665789356;38330796;GOP;0;911;;2;
l;2147988060588;38316460;;0;593;X;2;
l;2148189394348;38331820;Dem;1;5630;X;1;
l;2148927606188;38354348;;0;1264;;2;
l;2147986528684;38059436;Dem;1;276;;1;
l;2149395820972;38146476;GOP;0;2462;;2;
l;2149128918444;38330796;GOP;0;21860;;2;
l;2148994700716;38331820;Dem;1;7837;X;1;
l;2148122299820;38353324;;0;6674;X;1;
l;2148390738348;38405548;;0;888;X;1;
l;2149397368236;38353324;;0;1828;X;1;
l;2149529926060;38129068;Dem;0;8349;;1;
l;2147853843884;38319532;;0;2267;;1;
l;2149128930732;38349228;;0;18878;;2;
l;2148055172524;38323628;;0;10841;;1;
l;2147583624620;38068652;Dem;1;0;X;1;
l;2148726259116;38319532;;0;7565;;1;
l;2149732215212;38166956;Dem;0;9497;;1;
l;2148524939692;38332844;Dem;1;0;X;1;
l;2148390736300;38356396;;0;683;;1;
l;2147852013996;38128044;GOP;0;2251;;2;
l;100059564;38119852;GOP;1;0;X;2;
l;2148254974380;38150572;Dem;0;1120;X;1;
l;2148994692524;38315436;;0;1496;;2;
l;2149397372332;38406572;;0;2222;X;1;
l;2149128919468;38332844;Dem;1;0;X;1;
l;2149196042668;38355372;;0;15360;;2;
l;2148927586732;38321580;;0;1122;;2;
l;2148390037932;38173100;GOP;0;824;X;2;
l;2147786732972;38314412;;0;4199;X;1;
l;2148724470188;38064556;Dem;1;0;X;1;
l;2148993171884;38154668;GOP;0;2879;;2;
l;2149060276652;38061484;Dem;1;1396;X;1;
l;2147988082092;38354348;;0;342;;2;
l;2148321776044;38128044;GOP;0;269;;2;
l;2149397373356;38409644;;0;2218;X;1;
l;2148524955052;38402476;;0;4117;X;1;
l;2147853845932;38322604;;0;3232;X;2;
l;2149262088620;38145452;GOP;0;1610;;2;
l;2148592061868;38354348;;0;3235;;2;
l;2149194191276;38128044;GOP;0;23322;;2;
l;2148724569516;38105516;Dem;1;0;X;1;
l;2148323614124;38333868;Dem;1;0;X;1;
l;2149665805740;38402476;;0;761;X;1;
l;2147786736044;38321580;;0;1560;;2;
l;2147584834988;38056364;Dem;1;564;;1;
l;2149194496428;38147500;GOP;0;21960;;2;
l;2149598682540;38333868;Dem;1;0;X;1;
l;2147919254956;38288812;GOP;0;1093;;2;
l;2149330262444;38404524;;0;8600;;2;
l;2147853842860;38317484;;0;855;;1;
l;2148322081196;38147500;GOP;0;253;;2;
l;2148189409708;38355372;;0;4391;;2;
l;2149330264492;38409644;;0;29069;X;1;
l;2147920976300;38404524;;0;2967;;2;
l;2149665804716;38356396;;0;444;;1;
l;2148927605164;38351276;;0;1044;X;1;
l;2148992999852;38103468;Dem;1;0;X;1;
l;2148457844140;38353324;;0;6050;X;1;
l;2148323603884;38314412;;0;348;X;1;
l;2147786760620;38408620;;0;1562;;2;
l;2148055184812;38338988;GOP;0;20983;;2;
l;2148456300972;38150572;Dem;0;3305;X;1;
l;2148726281644;38402476;;0;7757;X;1;
l;100049324;38280620;GOP;0;3988;X;2;
l;2149464456620;38319532;;0;2614;;1;
l;2149128936876;38407596;;0;10495;;2;
l;2148726257068;38315436;;0;1696;;2;
l;2149261605292;38060460;Dem;1;6712;X;1;
l;2149060270508;38144428;GOP;0;3200;X;2;
l;2148189412780;38406572;;0;5712;X;1;
l;100026796;38090156;Dem;1;0;X;1;
l;2149531584940;38352300;;0;3793;;2;
l;2149196006828;38164908;Dem;1;10983;X;1;
l;2148390720940;38331820;Dem;1;834;X;1;
l;2147652539820;38403500;;0;568;;2;
l;2149128918444;38331820;Dem;1;18777;X;1;
l;2149464455596;38317484;;0;989;;1;
l;2149464476076;38352300;;0;1936;;2;
l;2148323625388;38351276;;0;179;X;1;
l;101745068;38158764;GOP;0;63680;X;2;
l;2148122294700;38342060;Dem;1;5268;;1;
l;2148524950956;38350252;;0;2906;X;1;
l;99969452;38063532;Dem;1;0;X;1;
l;2149397348780;38320556;;0;2210;X;1;
l;2149128937900;38409644;;0;20155;X;1;
l;2148860500396;38405548;;0;8050;X;1;
l;2149663953324;38128044;GOP;0;908;;2;
l;2149464456620;38318508;;0;1977;;2;
l;99988908;38077868;Dem;1;4440;X;1;
l;2148659168684;38349228;;0;2423;;2;
l;2148457849260;38408620;;0;4020;;2;
l;2148858954156;38150572;Dem;0;5199;X;1;
l;2149194488236;38059436;Dem;1;11377;;1;
l;2148523227564;38284716;Dem;0;132;;1;
l;2147583636908;38077868;Dem;1;4440;X;1;
l;2148994700716;38330796;GOP;0;2883;;2;
l;99996076;38079916;Dem;1;5373;;1;
l;2148053456300;38279596;GOP;0;2396;X;2;
l;2147852321196;38154668;GOP;0;2358;;2;
l;2148322073004;38059436;Dem;1;189;;1;
l;2148793392556;38407596;;0;516;;2;
l;2149060276652;38146476;GOP;0;2831;;2;
l;2148657510828;38129068;Dem;0;2115;;1;
l;2148053531052;38129068;Dem;0;22309;;1;
l;2147719627180;38321580;;0;5673;;2;
l;2148120752556;38061484;Dem;1;5218;X;1;
l;2148053424556;38255020;GOP;0;2607;;2;
l;2148122304940;38409644;;0;6918;X;1;
l;2147785212332;38150572;Dem;0;3859;X;1;
l;2147785208236;38146476;GOP;0;2167;;2;
l;2149529926060;38132140;GOP;0;3485;X;2;
l;2149665785260;38322604;;0;1018;X;2;
l;2149127181740;38268332;Dem;0;759;;1;
l;2147786737068;38322604;;0;3334;X;2;
l;2149665802668;38352300;;0;770;;2;
l;2149596796332;38122924;GOP;0;3431;;2;
l;2148524958124;38408620;;0;2130;;2;
l;2149060164012;38129068;Dem;0;1239;;1;
l;2148994696620;38323628;;0;2069;;1;
l;2148592043436;38323628;;0;1474;;1;
l;2149598694828;38353324;;0;2672;X;1;
l;2148189395372;38332844;Dem;1;0;X;1;
l;2147920974252;38356396;;0;3706;;1;
l;2148524934572;38323628;;0;1178;;1;
l;2148726257068;38314412;;0;10555;X;1;
l;2147852317100;38061484;Dem;1;2490;X;1;
l;2149397369260;38355372;;0;2182;;2;
l;2148457821612;38315436;;0;2242;;2;
l;2149531590060;38406572;;0;7043;X;1;
l;2148590514604;38061484;Dem;1;3801;X;1;
l;2147585430956;38402476;;0;106445;X;1;
l;101782956;38402476;;0;315476;X;1;
l;2149328409004;38111660;Dem;1;36330;X;1;
l;2149330245036;38331820;Dem;1;36057;X;1;
l;2148793390508;38403500;;0;567;;2;
l;2149060762028;38145452;GOP;0;2870;;2;
l;2149330237868;38316460;;0;39272;X;2;
l;2148122287532;38333868;Dem;1;0;X;1;
l;2148726258092;38317484;;0;3930;;1;
l;2147651475884;38145452;GOP;0;1158;;2;
l;2149061802412;38317484;;0;950;;1;
l;2148724734380;38147500;GOP;0;4389;;2;
l;2148255923628;38124972;GOP;0;689;X;2;
l;2148254799276;38288812;GOP;0;238;;2;
l;2147652516268;38317484;;0;244;;1;
l;2147583883692;38147500;GOP;0;89418;;2;
l;2148256519596;38402476;;0;1113;X;1;
l;99980716;38072748;Dem;1;4088;X;1;
l;2147585431980;38404524;;0;43733;;2;
l;2148725685676;38056364;Dem;1;705;;1;
l;2148256481708;38158764;GOP;0;63;X;2;
l;100032940;38093228;Dem;1;0;X;1;
l;2147919462828;38048172;GOP;1;0;X;2;
l;2147988080044;38350252;;0;382;X;1;
l;2147988046252;38157740;Dem;0;125;;1;
l;2147719625132;38317484;;0;2459;;1;
l;2148859799980;38166956;Dem;0;1839;;1;
l;2149732896172;38325676;Dem;0;0;X;1;
l;100025772;38263212;GOP;0;3236;;2;
l;2148793367980;38319532;;0;878;;1;
l;2147920975276;38403500;;0;2445;;2;
l;2148793374124;38331820;Dem;1;1767;X;1;
l;2148927584684;38316460;;0;2098;X;2;
l;2148053645740;38060460;Dem;1;24782;X;1;
l;2149731359148;38144428;GOP;0;13412;X;2;
l;2147920976300;38405548;;0;4380;X;1;
l;2147920952748;38319532;;0;4530;;1;
l;2148860501420;38406572;;0;8269;X;1;
l;2148524932524;38318508;;0;2644;;2;
l;2147988080044;38349228;;0;374;;2;
l;2148926060972;38060460;Dem;1;1276;X;1;
l;2148724726188;38144428;GOP;0;5345;X;2;
l;2147585433004;38406572;;0;100917;X;1;
l;101785004;38406572;;0;300896;X;1;
l;2149531589036;38404524;;0;1779;;2;
l;2148659170732;38353324;;0;2096;X;1;
l;2149061803436;38319532;;0;2207;;1;
l;2147719645612;38352300;;0;7557;;2;
l;2149732319660;38225324;Dem;0;3985;;1;
l;2147853863340;38352300;;0;2358;;2;
l;100245932;38217132;GOP;1;0;X;2;
l;2149330263468;38406572;;0;29382;X;1;
l;2149127272876;38129068;Dem;0;18275;;1;
l;2149330239916;38320556;;0;24019;X;1;
l;2148793387436;38351276;;0;752;X;1;
l;2147719627180;38320556;;0;8667;X;1;
l;2149397373356;38408620;;0;1158;;2;
l;2149462933932;38150572;Dem;0;3254;X;1;
l;2149127272876;38132140;GOP;0;23940;X;2;
l;2148390735276;38353324;;0;947;X;1;
l;2147853850028;38331820;Dem;1;2187;X;1;
l;2147585434028;38408620;;0;42225;;2;
l;2149328716204;38154668;GOP;0;13514;;2;
l;2149530032556;38059436;Dem;1;7575;;1;
l;2148659175852;38409644;;0;2582;X;1;
l;2148592047532;38331820;Dem;1;1927;X;1;
l;2149531585964;38353324;;0;6435;X;1;
l;101746092;38175148;GOP;0;46317;;2;
l;2148187861420;38146476;GOP;0;4226;;2;
l;2147919261100;38055340;GOP;1;0;X;2;
l;2147852204460;38129068;Dem;0;1913;;1;
l;2149330262444;38405548;;0;29046;X;1;
l;2149529833900;38265260;GOP;0;2083;;2;
l;100057516;38413740;GOP;0;6944;X;2;
l;2147583651244;38038956;GOP;1;0;X;2;
l;2148925946284;38132140;GOP;0;1955;X;2;
l;100049324;38100396;Dem;1;3657;;1;
l;2149531567532;38323628;;0;2547;;1;
l;2147786742188;38332844;Dem;1;0;X;1;
l;2148993055148;38129068;Dem;0;6822;;1;
l;2148659157420;38332844;Dem;1;0;X;1;
l;2147719647660;38356396;;0;6859;;1;
l;2148724474284;38067628;Dem;1;0;X;1;
l;2147651840428;38173100;GOP;0;1233;X;2;
l;2149464454572;38314412;;0;3837;X;1;
l;2147651943852;38124972;GOP;0;1316;X;2;
l;2149530038700;38061484;Dem;1;9146;X;1;
l;2147583713708;38103468;Dem;1;0;X;1;
l;2148658473388;38166956;Dem;0;2393;;1;
l;2148256495020;38315436;;0;296;;2;
l;2149196043692;38402476;;0;18301;X;1;
l;2148724564396;38103468;Dem;1;0;X;1;
l;2148659173804;38404524;;0;1334;;2;
l;2147786757548;38402476;;0;3492;X;1;
l;2149598672300;38315436;;0;999;;2;
l;2149731850668;38145452;GOP;0;10359;;2;
l;2148992864684;38111660;Dem;1;8369;X;1;
l;2149128934828;38403500;;0;9778;;2;
l;2148322564524;38145452;GOP;0;221;;2;
l;2148791538092;38128044;GOP;0;606;;2;
l;2149664258476;38147500;GOP;0;864;;2;
l;2149463883180;38124972;GOP;0;3042;X;2;
l;2148994702764;38333868;Dem;1;0;X;1;
l;2149396306348;38109612;Dem;1;1870;X;1;
l;100275628;38108588;GOP;1;0;X;2;
l;2149397346732;38317484;;0;756;;1;
l;2149060278700;38147500;GOP;0;3149;;2;
l;2149732900268;38333868;Dem;1;0;X;1;
l;2148121237932;38109612;Dem;1;5335;X;1;
l;2148524931500;38317484;;0;909;;1;
l;2148457847212;38405548;;0;6367;X;1;
l;2148994707884;38337964;Dem;1;0;X;1;
l;2148256503212;38330796;GOP;0;511;;2;
l;2148592064940;38404524;;0;1014;;2;
l;2148592059820;38349228;;0;3978;;2;
l;2147920937388;38158764;GOP;0;7369;X;2;
l;2149397366188;38349228;;0;1961;;2;
l;2148390733228;38349228;;0;591;;2;
l;2148992864684;38128044;GOP;0;3035;;2;
l;99975596;38067628;Dem;1;0;X;1;
l;2147650994604;38150572;Dem;0;541;X;1;
l;2148122303916;38406572;;0;7102;X;1;
l;2148927585708;38318508;;0;1305;;2;
l;2148055171500;38321580;;0;15881;;2;
l;2147650990508;38061484;Dem;1;558;X;1;
l;2149397367212;38352300;;0;2113;;2;
l;2147718101420;38060460;Dem;1;5915;X;1;
l;2149395814828;38144428;GOP;0;2836;X;2;
l;2148523409836;38150572;Dem;0;2168;X;1;
l;2148189388204;38318508;;0;3424;;2;
l;2148726283692;38407596;;0;3297;;2;
l;2149732916652;38407596;;0;5838;;2;
l;2147986422188;38129068;Dem;0;276;;1;
l;2148590516652;38060460;Dem;1;4182;X;1;
l;2148592042412;38320556;;0;3629;X;1;
l;2148120746412;38144428;GOP;0;9859;X;2;
l;101765548;38326700;Dem;1;0;X;1;
l;2148592060844;38351276;;0;4202;X;1;
l;2148993171884;38150572;Dem;0;8200;X;1;
l;101188012;38226348;GOP;0;4573;X;2;
l;2148726261164;38322604;;0;6502;X;2;
l;99993004;38078892;Dem;1;3065;X;1;
l;2147652537772;38353324;;0;704;X;1;
l;2147786754476;38352300;;0;2095;;2;
l;2147717919148;38046124;GOP;1;3025;X;2;
l;2149196046764;38408620;;0;11974;;2;
l;2149194331564;38105516;Dem;1;0;X;1;
l;2148122281388;38322604;;0;9045;X;2;
l;2148860477868;38321580;;0;5200;;2;
l;2147719641516;38342060;Dem;1;5403;;1;
l;99972524;38411692;GOP;0;4777;X;2;
l;2148994716076;38356396;;0;4559;;1;
l;2149463883180;38056364;Dem;1;3053;;1;
l;2148120756652;38150572;Dem;0;5087;X;1;
l;2147988062636;38321580;;0;339;;2;
l;2148994720172;38409644;;0;5227;X;1;
l;2148590508460;38059436;Dem;1;2803;;1;
l;99982764;38073772;Dem;1;5484;;1;
l;2148457829804;38331820;Dem;1;3015;X;1;
l;2148524954028;38356396;;0;2678;;1;
l;2148592061868;38353324;;0;4613;X;1;
l;2147718093228;38059436;Dem;1;4368;;1;
l;2149127385516;38146476;GOP;0;19662;;2;
l;2149464462764;38331820;Dem;1;3231;X;1;
l;2147853864364;38353324;;0;2143;X;1;
l;2148389188012;38146476;GOP;0;729;;2;
l;2147986422188;38132140;GOP;0;619;X;2;
l;2147988087212;38408620;;0;218;;2;
l;2148390716844;38322604;;0;996;X;2;
l;2149330240940;38323628;;0;9269;;1;
l;2148122299820;38354348;;0;5331;;2;
l;2148457846188;38402476;;0;7110;X;1;
l;2148254806444;38104492;Dem;1;0;X;1;
l;2147719633324;38332844;Dem;1;0;X;1;
l;2149061801388;38314412;;0;3133;X;1;
l;2149397354924;38332844;Dem;1;0;X;1;
l;2149464478124;38355372;;0;2157;;2;
l;2148122278316;38316460;;0;10065;X;2;
l;2148524255660;38166956;Dem;0;2056;;1;
l;2149196019116;38315436;;0;6171;;2;
l;2148323627436;38355372;;0;255;;2;
l;2149328712108;38061484;Dem;1;38308;X;1;
l;2149396670892;38166956;Dem;0;1531;;1;
l;2149464462764;38330796;GOP;0;2649;;2;
l;2148659149228;38317484;;0;813;;1;
l;2147719651756;38408620;;0;4109;;2;
l;2147652540844;38404524;;0;646;;2;
l;2148189410732;38403500;;0;2331;;2;
l;2149530524076;38145452;GOP;0;2271;;2;
l;2147786741164;38330796;GOP;0;2458;;2;
l;99999148;38080940;Dem;1;5518;X;1;
l;2149128935852;38405548;;0;20077;X;1;
l;2149397370284;38402476;;0;2392;X;1;
l;99882412;38122924;GOP;0;103207;;2;
l;2149128912300;38319532;;0;21623;;1;
l;2148927604140;38349228;;0;1425;;2;
l;2148793376172;38333868;Dem;1;0;X;1;
l;2149060762028;38109612;Dem;1;1339;X;1;
l;2148122279340;38319532;;0;6725;;1;
l;2149196020140;38317484;;0;5629;;1;
l;2148053645740;38147500;GOP;0;20880;;2;
l;2147785693612;38109612;Dem;1;4034;X;1;
l;100029868;38268332;Dem;0;5306;;1;
l;2148187651500;38042028;GOP;1;0;X;2;
l;2148189411756;38404524;;0;2643;;2;
l;2148925946284;38129068;Dem;0;1033;;1;
l;2149330252204;38337964;Dem;1;0;X;1;
l;2149598675372;38321580;;0;1762;;2;
l;2147652538796;38356396;;0;482;;1;
l;2149061822892;38352300;;0;1979;;2;
l;101083564;38173100;GOP;0;51513;X;2;
l;2149464460716;38325676;Dem;0;0;X;1;
l;2149598692780;38349228;;0;2431;;2;
l;2147585393068;38158764;GOP;0;5047;X;2;
l;2148456184236;38129068;Dem;0;3304;;1;
l;101769644;38334892;Dem;1;0;X;1;
l;2148390141356;38056364;Dem;1;858;;1;
l;2148256522668;38408620;;0;266;;2;
l;99930540;38128044;GOP;0;90039;;2;
l;2149263132076;38323628;;0;1732;;1;
l;2148994703788;38334892;Dem;1;0;X;1;
l;2149330259372;38353324;;0;31716;X;1;
l;99976620;38068652;Dem;1;0;X;1;
l;2149196021164;38319532;;0;16662;;1;
l;2149397372332;38407596;;0;1147;;2;
l;2149196006828;38175148;GOP;0;24137;;2;
l;2149530040748;38060460;Dem;1;9199;X;1;
l;2149328705964;38144428;GOP;0;26163;X;2;
l;100069804;38104492;Dem;1;0;X;1;
l;2148390714796;38318508;;0;612;;2;
l;2148457848236;38406572;;0;6609;X;1;
l;2149463415212;38145452;GOP;0;2512;;2;
l;2147785202092;38144428;GOP;0;2957;X;2;
l;2149263149484;38352300;;0;3634;;2;
l;100005292;38039980;GOP;1;6126;X;2;
l;100021676;38259116;GOP;0;6000;;2;
l;2148122298796;38352300;;0;6465;;2;
l;2148994680236;38164908;Dem;1;262;X;1;
l;2148724468140;38063532;Dem;1;0;X;1;
l;2147719644588;38349228;;0;7433;;2;
l;2149128913324;38320556;;0;21721;X;1;
l;2149061828012;38407596;;0;1169;;2;
l;2148390715820;38320556;;0;883;X;1;
l;2149464479148;38403500;;0;1304;;2;
l;2148926052780;38059436;Dem;1;1029;;1;
l;2147717921196;38284716;Dem;0;1473;;1;
l;2149328514476;38095276;Dem;1;11036;X;1;
l;2148256503212;38331820;Dem;1;1225;X;1;
l;2149196019116;38314412;;0;24618;X;1;
l;2148858762668;38279596;GOP;0;1315;X;2;
l;2147852321196;38150572;Dem;0;2399;X;1;
l;2148053637548;38059436;Dem;1;23296;;1;
l;2149529831852;38090156;Dem;1;0;X;1;
l;2148791841196;38146476;GOP;0;645;;2;
l;2148120639916;38132140;GOP;0;10100;X;2;
l;2148860497324;38353324;;0;7490;X;1;
l;101746092;38164908;Dem;1;54809;X;1;
l;2149127209388;38413740;GOP;0;6944;X;2;
l;2148860493228;38343084;GOP;0;0;X;1;
l;2148592052652;38336940;Dem;0;0;X;1;
l;2149597034924;38129068;Dem;0;1816;;1;
l;2148053429676;38258092;GOP;0;3342;;2;
l;2147988060588;38317484;;0;192;;1;
l;2148055172524;38322604;;0;29679;X;2;
l;2149328360876;38122924;GOP;0;1543;;2;
l;99980716;38232492;GOP;0;1714;;2;
l;2148860478892;38323628;;0;2761;;1;
l;2149061809580;38331820;Dem;1;1181;X;1;
l;100042156;38277548;GOP;0;3059;X;2;
l;2148726261164;38323628;;0;5143;;1;
l;2148189411756;38405548;;0;5571;X;1;
l;2148457830828;38332844;Dem;1;0;X;1;
l;2148256518572;38355372;;0;662;;2;
l;2148189388204;38319532;;0;5472;;1;
l;2149194236332;38067628;Dem;1;0;X;1;
l;2149263148460;38350252;;0;3696;X;1;
l;2148523447724;38108588;GOP;1;0;X;2;
l;2149061801388;38315436;;0;956;;2;
l;2149330246060;38332844;Dem;1;0;X;1;
l;2148858771884;38284716;Dem;0;424;;1;
l;2149196042668;38356396;;0;14590;;1;
l;2147583628716;38072748;Dem;1;4088;X;1;
l;2148188711340;38166956;Dem;0;5725;;1;
l;2147717921196;38047148;GOP;1;3509;X;2;
l;2147652515244;38315436;;0;438;;2;
l;2148726259116;38318508;;0;4207;;2;
l;2147853868460;38407596;;0;1209;;2;
l;2148858950060;38061484;Dem;1;5408;X;1;
l;2149531585964;38354348;;0;3352;;2;
l;2148323606956;38320556;;0;254;X;1;
l;2148927609260;38404524;;0;940;;2;
l;2148456300972;38154668;GOP;0;9334;;2;
l;2149598698924;38406572;;0;2899;X;1;
l;2148524955052;38403500;;0;1710;;2;
l;2149329197484;38145452;GOP;0;12822;;2;
l;2149061804460;38320556;;0;2386;X;1;
l;2149127082412;38128044;GOP;0;17728;;2;
l;2148859903404;38124972;GOP;0;9501;X;2;
l;2148390722988;38333868;Dem;1;0;X;1;
l;2147853869484;38408620;;0;1230;;2;
l;2148657627564;38150572;Dem;0;2396;X;1;
l;2147919911340;38145452;GOP;0;6742;;2;
l;2147719625132;38316460;;0;11993;X;2;
l;2149530040748;38147500;GOP;0;2512;;2;
l;2147987488172;38124972;GOP;0;560;X;2;
l;2149128920492;38333868;Dem;1;0;X;1;
l;2149330236844;38315436;;0;9069;;2;
l;2147986363820;38288812;GOP;0;423;;2;
l;2149464482220;38409644;;0;3334;X;1;
l;2147920951724;38317484;;0;1501;;1;
l;2148389190060;38147500;GOP;0;767;;2;
l;2147853845932;38323628;;0;878;;1;
l;2148659170732;38354348;;0;2413;;2;
l;2147786758572;38405548;;0;3430;X;1;
l;2149731104172;38065580;Dem;1;3921;;1;
l;2148524917164;38158764;GOP;0;1196;X;2;
l;2148726280620;38355372;;0;3943;;2;
l;2149732914604;38403500;;0;5466;;2;
l;2149263148460;38349228;;0;3514;;2;
l;2147719610796;38157740;Dem;0;4616;;1;
l;2148122300844;38355372;;0;6713;;2;
l;99995052;38239660;GOP;0;0;X;1;
l;2147919430060;38150572;Dem;0;2454;X;1;
l;2147583688108;38274476;GOP;0;49;;2;
l;100040108;38274476;GOP;0;3999;;2;
l;2148322081196;38060460;Dem;1;281;X;1;
l;2149665804716;38355372;;0;827;;2;
l;2149263127980;38315436;;0;1724;;2;
l;2147652517292;38319532;;0;798;;1;
l;2149128936876;38406572;;0;20740;X;1;
l;2149127379372;38144428;GOP;0;25717;X;2;
l;2149194496428;38060460;Dem;1;13911;X;1;
l;2148993161644;38144428;GOP;0;4920;X;2;
l;2147786759596;38407596;;0;1532;;2;
l;2147585394092;38175148;GOP;0;8811;;2;
l;2148189386156;38315436;;0;1896;;2;
l;2147718093228;38144428;GOP;0;11516;X;2;
l;2148927608236;38402476;;0;1590;X;1;
l;2149531584940;38351276;;0;5907;X;1;
l;2149128897964;38164908;Dem;1;3317;X;1;
l;100001196;38081964;Dem;1;2967;X;1;
l;2148793365932;38315436;;0;522;;2;
l;2149531566508;38321580;;0;4184;;2;
l;2149128937900;38408620;;0;10876;;2;
l;2149328515500;38273452;GOP;0;2087;;2;
l;2149127179692;38091180;Dem;1;0;X;1;
l;2149196027308;38331820;Dem;1;11504;X;1;
l;2148457824684;38321580;;0;3883;;2;
l;2148323631532;38409644;;0;268;X;1;
l;2148791845292;38150572;Dem;0;1698;X;1;
l;2149261597100;38059436;Dem;1;5358;;1;
l;2149731365292;38146476;GOP;0;10266;;2;
l;2148927591852;38330796;GOP;0;1723;;2;
l;2148055188908;38350252;;0;21787;X;1;
l;2149263150508;38353324;;0;4179;X;1;
l;2148524938668;38330796;GOP;0;5149;;2;
l;99987884;38076844;Dem;1;0;X;1;
l;2148993167788;38146476;GOP;0;2597;;2;
l;2149261438380;38055340;GOP;1;0;X;2;
l;2148860500396;38404524;;0;4167;;2;
l;2148321966508;38132140;GOP;0;337;X;2;
l;2148858767788;38281644;GOP;1;0;X;2;
l;2148457844140;38354348;;0;5018;;2;
l;2149664250284;38059436;Dem;1;441;;1;
l;2149397347756;38318508;;0;1655;;2;
l;99966380;38219180;GOP;1;0;X;2;
l;100040108;38097324;Dem;1;6070;X;1;
l;2148524948908;38343084;GOP;0;0;X;1;
l;2148657510828;38132140;GOP;0;2990;X;2;
l;100051372;38281644;GOP;1;0;X;2;
l;2147652519340;38323628;;0;198;;1;
l;2149664091564;38055340;GOP;1;0;X;2;
l;2148390739372;38406572;;0;905;X;1;
l;2148659152300;38323628;;0;984;;1;
l;2148053456300;38099372;Dem;1;2597;;1;
l;2147919425964;38061484;Dem;1;2868;X;1;
l;2149196040620;38351276;;0;14909;X;1;
l;2147718103468;38150572;Dem;0;5123;X;1;
l;2148927592876;38332844;Dem;1;0;X;1;
l;2149464482220;38408620;;0;1387;;2;
l;2147988083116;38356396;;0;353;;1;
l;100007340;38041004;GOP;1;9157;X;2;
l;2149529832876;38091180;Dem;1;0;X;1;
l;2148858992044;38108588;GOP;1;0;X;2;
l;2148592039340;38315436;;0;2210;;2;
l;2149665802668;38351276;;0;478;X;1;
l;2148725217708;38109612;Dem;1;11237;X;1;
l;2148524958124;38409644;;0;3611;X;1;
l;2148793389484;38355372;;0;1032;;2;
l;2148524930476;38315436;;0;1338;;2;
l;2149598694828;38354348;;0;2164;;2;
l;2148657623468;38061484;Dem;1;2494;X;1;
l;99979692;38071724;Dem;1;0;X;1;
l;2147584367020;38145452;GOP;0;81711;;2;
l;2147585430956;38403500;;0;36923;;2;
l;101782956;38403500;;0;117336;;2;
l;2148323607980;38323628;;0;83;;1;
l;2149261300140;38111660;Dem;1;6920;X;1;
l;2148860499372;38403500;;0;3629;;2;
l;2148590999980;38145452;GOP;0;3971;;2;
l;2149059973548;38128044;GOP;0;3033;;2;
l;2148189396396;38333868;Dem;1;0;X;1;
l;2149328513452;38309292;Dem;1;0;X;1;
l;2147718584748;38145452;GOP;0;10068;;2;
l;2148659149228;38316460;;0;3750;X;2;
l;2148791843244;38147500;GOP;0;678;;2;
l;2148389673388;38109612;Dem;1;917;X;1;
l;2147652516268;38316460;;0;1430;X;2;
l;2147919428012;38147500;GOP;0;7359;;2;
l;2147650794924;38044076;GOP;1;0;X;2;
l;2147786739116;38325676;Dem;0;0;X;1;
l;2147585431980;38405548;;0;98213;X;1;
l;2148927604140;38350252;;0;1130;X;1;
l;2148927570348;38157740;Dem;0;1064;;1;
l;2147988087212;38409644;;0;456;X;1;
l;2147585426860;38349228;;0;72642;;2;
l;101778860;38349228;;0;234506;;2;
l;2148055155116;38157740;Dem;0;2751;;1;
l;2147853841836;38315436;;0;970;;2;
l;2148189410732;38402476;;0;5970;X;1;
l;100028844;38265260;GOP;0;2083;;2;
l;2148659150252;38318508;;0;1961;;2;
l;2147986536876;38060460;Dem;1;353;X;1;
l;2147583630764;38073772;Dem;1;5484;;1;
l;2149664250284;38144428;GOP;0;1010;X;2;
l;2147988061612;38319532;;0;378;;1;
l;2148994719148;38407596;;0;1695;;2;
l;100007340;38249900;Dem;0;6240;;1;
l;2148858952108;38060460;Dem;1;6011;X;1;
l;2148389181868;38144428;GOP;0;889;X;2;
l;2147585433004;38407596;;0;40303;;2;
l;101785004;38407596;;0;126889;;2;
l;2148791677356;38104492;Dem;1;0;X;1;
l;2149060110764;38054316;GOP;1;0;X;2;
l;2148659156396;38330796;GOP;0;2574;;2;
l;2148860475820;38316460;;0;12280;X;2;
l;2147585427884;38351276;;0;97229;X;1;
l;101779884;38351276;;0;266912;X;1;
l;2147988085164;38405548;;0;458;X;1;
l;2149194230188;38063532;Dem;1;0;X;1;
l;2148457823660;38318508;;0;4867;;2;
l;2147920971180;38349228;;0;5169;;2;
l;2148592042412;38321580;;0;3859;;2;
l;2148254799276;38287788;Dem;0;909;X;1;
l;2149732898220;38331820;Dem;1;10033;X;1;
l;2149397371308;38405548;;0;2170;X;1;
l;2147583641004;38237612;GOP;0;2839;;2;
l;2148860476844;38319532;;0;8125;;1;
l;2147652518316;38320556;;0;916;X;1;
l;2148726284716;38409644;;0;7380;X;1;
l;2149731369388;38150572;Dem;0;10397;X;1;
l;2147719650732;38406572;;0;8768;X;1;
l;2147719632300;38330796;GOP;0;10619;;2;
l;2148189407660;38352300;;0;4196;;2;
l;2147585434028;38409644;;0;97912;X;1;
l;2148657402284;38082988;Dem;1;2940;X;1;
l;2149597141420;38059436;Dem;1;1867;;1;
l;2149263154604;38406572;;0;5240;X;1;
l;2148592047532;38330796;GOP;0;2696;;2;
l;2149395708332;38132140;GOP;0;2886;X;2;
l;2148523409836;38154668;GOP;0;5146;;2;
l;2149330239916;38321580;;0;21492;;2;
l;2148793387436;38352300;;0;1010;;2;
l;2148120752556;38146476;GOP;0;8902;;2;
l;2149395825068;38150572;Dem;0;1625;X;1;
l;2147919313324;38129068;Dem;0;2693;;1;
l;2148390735276;38354348;;0;634;;2;
l;2148858837420;38132140;GOP;0;11000;X;2;
l;2149061829036;38408620;;0;1270;;2;
l;2147583647148;38080940;Dem;1;5518;X;1;
l;2149598676396;38323628;;0;1000;;1;
l;2149598676396;38322604;;0;3795;X;2;
l;2149061823916;38353324;;0;2334;X;1;
l;100009388;38118828;Dem;1;4007;;1;
l;2147988068780;38332844;Dem;1;0;X;1;
l;2148724726188;38059436;Dem;1;10883;;1;
l;2148255923628;38056364;Dem;1;1132;;1;
l;2148524930476;38314412;;0;5210;X;1;
l;2149261439404;38104492;Dem;1;0;X;1;
l;2148592048556;38332844;Dem;1;0;X;1;
l;2147583881644;38146476;GOP;0;79305;;2;
l;2147585429932;38355372;;0;82640;;2;
l;101781932;38355372;;0;257286;;2;
l;99999148;38244780;GOP;0;3078;;2;
l;2149397345708;38314412;;0;2941;X;1;
l;2147786756524;38355372;;0;2112;;2;
l;2149597147564;38061484;Dem;1;2492;X;1;
l;2148122277292;38314412;;0;9662;X;1;
l;2149263150508;38354348;;0;3105;;2;
l;2149196044716;38404524;;0;12127;;2;
l;2149598697900;38405548;;0;2851;X;1;
l;2147988084140;38402476;;0;526;X;1;
l;99964332;38218156;GOP;1;0;X;2;
l;2147583578540;38128044;GOP;0;4219;;2;
l;2148523405740;38061484;Dem;1;2230;X;1;
l;2147786743212;38333868;Dem;1;0;X;1;
l;2149128934828;38402476;;0;21857;X;1;
l;2148389673388;38145452;GOP;0;720;;2;
l;2148724429228;38128044;GOP;0;3820;;2;
l;2149731367340;38147500;GOP;0;10816;;2;
l;2149061811628;38333868;Dem;1;0;X;1;
l;2149196043692;38403500;;0;10620;;2;
l;2149329197484;38109612;Dem;1;38518;X;1;
l;2149397346732;38316460;;0;3039;X;2;
l;2148858952108;38147500;GOP;0;9659;;2;
l;2149397345708;38315436;;0;875;;2;
l;2148054129068;38109612;Dem;1;24159;X;1;
l;100027820;38091180;Dem;1;0;X;1;
l;2148055169452;38317484;;0;7695;;1;
l;2148457847212;38404524;;0;3823;;2;
l;2147583653292;38039980;GOP;1;6126;X;2;
l;100053420;38282668;Dem;0;1635;;1;
l;2147585412524;38325676;Dem;0;0;X;1;
l;101764524;38325676;Dem;0;0;X;1;
l;2148726277548;38350252;;0;8208;X;1;
l;2147719646636;38354348;;0;6364;;2;
l;2149263129004;38316460;;0;5952;X;2;
l;2148659173804;38405548;;0;2518;X;1;
l;2148121705900;38056364;Dem;1;4760;;1;
l;2149127209388;38101420;Dem;1;4439;;1;
l;2149530042796;38154668;GOP;0;2424;;2;
l;2148120568236;38280620;GOP;0;3988;X;2;
l;2149061826988;38405548;;0;2056;X;1;
l;2148860476844;38318508;;0;5946;;2;
l;2148524956076;38404524;;0;2137;;2;
l;2149464442284;38175148;GOP;0;199;;2;
l;2147650992556;38060460;Dem;1;613;X;1;
l;2149531583916;38350252;;0;5536;X;1;
l;2149328508332;38051244;GOP;1;216;;2;
l;2148122279340;38318508;;0;5157;;2;
l;2148726283692;38406572;;0;7418;X;1;
l;2147853841836;38314412;;0;3301;X;1;
l;99972524;38065580;Dem;1;3921;;1;
l;2149665784236;38321580;;0;570;;2;
l;2148053637548;38144428;GOP;0;22512;X;2;
l;2148994714028;38352300;;0;3782;;2;
l;2147585394092;38164908;Dem;1;17845;X;1;
l;2148122303916;38407596;;0;3568;;2;
l;2148055171500;38320556;;0;25272;X;1;
l;2147718099372;38061484;Dem;1;5362;X;1;
l;2148187653548;38263212;GOP;0;2524;;2;
l;2147786754476;38351276;;0;2715;X;1;
l;2148726244780;38164908;Dem;1;10870;X;1;
l;2148187865516;38154668;GOP;0;4476;;2;
l;100071852;38106540;Dem;1;4718;X;1;
l;2147785202092;38059436;Dem;1;3373;;1;
l;2147583628716;38232492;GOP;0;1714;;2;
l;2148793369004;38320556;;0;1058;X;1;
l;2148860477868;38320556;;0;9065;X;1;
l;2149665808812;38409644;;0;686;X;1;
l;2148926063020;38150572;Dem;0;1080;X;1;
l;2149328473516;38239660;GOP;0;0;X;1;
l;2148659152300;38322604;;0;3471;X;2;
l;2148122280364;38320556;;0;7770;X;1;
l;2148994720172;38408620;;0;1753;;2;
l;2148657617324;38059436;Dem;1;2303;;1;
l;100001196;38245804;GOP;0;1833;;2;
l;2149196046764;38409644;;0;16571;X;1;
l;100237740;38154668;GOP;0;276263;;2;
l;2149194498476;38150572;Dem;0;12498;X;1;
l;2148122281388;38323628;;0;2810;;1;
l;2149261396396;38090156;Dem;1;0;X;1;
l;2149597147564;38146476;GOP;0;2922;;2;
l;2149263136172;38331820;Dem;1;6590;X;1;
l;2147786755500;38353324;;0;3184;X;1;
l;2149061824940;38356396;;0;2254;;1;
l;2149396774316;38056364;Dem;1;1645;;1;
l;2148322079148;38146476;GOP;0;268;;2;
l;2148321914284;38055340;GOP;1;0;X;2;
l;2147919313324;38132140;GOP;0;7210;X;2;
l;2148323607980;38322604;;0;304;X;2;
l;2148390736300;38355372;;0;698;;2;
l;2149128914348;38323628;;0;7511;;1;
l;2147652524460;38332844;Dem;1;0;X;1;
l;2148457845164;38356396;;0;4779;;1;
l;2148860495276;38350252;;0;6389;X;1;
l;2148858771884;38047148;GOP;1;1373;X;2;
l;2149598681516;38332844;Dem;1;0;X;1;
l;2149464478124;38356396;;0;2493;;1;
l;2148054493612;38173100;GOP;0;17518;X;2;
l;2147920950700;38315436;;0;2509;;2;
l;2148592063916;38403500;;0;777;;2;
l;2149127385516;38061484;Dem;1;21736;X;1;
l;2149463779756;38173100;GOP;0;2590;X;2;
l;2149732891052;38316460;;0;16916;X;2;
l;2148994692524;38314412;;0;7261;X;1;
l;2149127217580;38103468;Dem;1;0;X;1;
l;2149732890028;38314412;;0;15408;X;1;
l;2148256519596;38403500;;0;319;;2;
l;2149597632940;38145452;GOP;0;2955;;2;
l;2148122278316;38317484;;0;2242;;1;
l;2148388980140;38263212;GOP;0;712;;2;
l;2148321776044;38111660;Dem;1;268;X;1;
l;99984812;38074796;Dem;1;0;X;1;
l;2147585416620;38333868;Dem;1;0;X;1;
l;101768620;38333868;Dem;1;0;X;1;
l;2149531564460;38317484;;0;1894;;1;
l;2149531588012;38403500;;0;1650;;2;
l;2148188346796;38145452;GOP;0;4087;;2;
l;2149127147948;38079916;Dem;1;1937;;1;
l;2149261605292;38147500;GOP;0;2320;;2;
l;2147719052716;38124972;GOP;0;10931;X;2;
l;2148793366956;38316460;;0;1459;X;2;
l;2149397355948;38333868;Dem;1;0;X;1;
l;2148993653164;38109612;Dem;1;8362;X;1;
l;2149263129004;38317484;;0;1445;;1;
l;2148120754604;38147500;GOP;0;8838;;2;
l;2148323624364;38350252;;0;213;X;1;
l;2147652523436;38331820;Dem;1;477;X;1;
l;2147718584748;38109612;Dem;1;5551;X;1;
l;2149127182764;38269356;Dem;0;5850;;1;
l;2148388978092;38042028;GOP;1;0;X;2;
l;2148055194028;38405548;;0;21107;X;1;
l;2149128935852;38404524;;0;11271;;2;
l;2149128912300;38318508;;0;15540;;2;
l;2147583649196;38081964;Dem;1;2967;X;1;
l;2149665782188;38317484;;0;269;;1;
l;2149598692780;38350252;;0;2350;X;1;
l;2148659168684;38350252;;0;2028;X;1;
l;2149598658988;38157740;Dem;0;1853;;1;
l;2148524951980;38352300;;0;3600;;2;
l;2148256515500;38349228;;0;655;;2;
l;2148659174828;38406572;;0;2590;X;1;
l;2148791728556;38132140;GOP;0;1215;X;2;
l;2148657402284;38253996;GOP;0;2164;;2;
l;2148187861420;38061484;Dem;1;5995;X;1;
l;2149732318636;38056364;Dem;1;6799;;1;
l;2149531565484;38319532;;0;5706;;1;
l;2147718103468;38154668;GOP;0;10557;;2;
l;2149128897964;38175148;GOP;0;1408;;2;
l;2149462931884;38060460;Dem;1;3703;X;1;
l;2148187748780;38132140;GOP;0;5149;X;2;
l;2148590310828;38051244;GOP;1;4658;;2;
l;2148390714796;38319532;;0;760;;1;
l;2148055195052;38407596;;0;7759;;2;
l;2148189413804;38408620;;0;2511;;2;
l;2147583635884;38076844;Dem;1;0;X;1;
l;2147986528684;38144428;GOP;0;587;X;2;
l;2149263132076;38322604;;0;5433;X;2;
l;2149665783212;38319532;;0;640;;1;
l;2149330259372;38354348;;0;14527;;2;
l;2149330258348;38352300;;0;17695;;2;
l;2147786720684;38164908;Dem;1;3521;X;1;
l;2148927610284;38407596;;0;859;;2;
l;2147852802476;38145452;GOP;0;1713;;2;
l;2149731104172;38411692;GOP;0;4777;X;2;
l;2149732917676;38408620;;0;5964;;2;
l;2148457843116;38352300;;0;6122;;2;
l;2149330257324;38349228;;0;19443;;2;
l;2148457839020;38342060;Dem;1;5511;;1;
l;2148994704812;38335916;Dem;1;0;X;1;
l;2149531586988;38356396;;0;5498;;1;
l;2149263131052;38321580;;0;2870;;2;
l;2149128911276;38317484;;0;5416;;1;
l;2148390715820;38321580;;0;527;;2;
l;2148055196076;38409644;;0;21701;X;1;
l;2148791845292;38154668;GOP;0;785;;2;
l;2148993161644;38059436;Dem;1;6412;;1;
l;2148053431724;38088108;Dem;1;5628;;1;
l;100235692;38060460;Dem;1;315438;X;1;
l;2148122285484;38330796;GOP;0;9273;;2;
l;2149732893100;38320556;;0;11364;X;1;
l;2148994715052;38353324;;0;5453;X;1;
l;2148120746412;38059436;Dem;1;4530;;1;
l;2148724732332;38146476;GOP;0;3996;;2;
l;2148389181868;38059436;Dem;1;804;;1;
l;2148053531052;38132140;GOP;0;24035;X;2;
l;2148256517548;38353324;;0;749;X;1;
l;2147583627692;38071724;Dem;1;0;X;1;
l;2147986534828;38146476;GOP;0;423;;2;
l;2149598696876;38402476;;0;3027;X;1;
l;2149462817196;38132140;GOP;0;3282;X;2;
l;2147988063660;38322604;;0;572;X;2;
l;2149128910252;38314412;;0;29567;X;1;
l;100045228;38098348;Dem;1;0;X;1;
l;2149127034284;38122924;GOP;0;4174;;2;
l;2147652535724;38349228;;0;1011;;2;
l;2147988084140;38403500;;0;173;;2;
l;2148860478892;38322604;;0;11271;X;2;
l;100053420;38046124;GOP;1;3025;X;2;
l;2149731367340;38060460;Dem;1;11272;X;1;
l;2148457842092;38349228;;0;5802;;2;
l;2148122286508;38332844;Dem;1;0;X;1;
l;2149732894124;38322604;;0;15389;X;2;
l;2148256518572;38356396;;0;657;;1;
l;2148860474796;38315436;;0;3206;;2;
l;2149263137196;38332844;Dem;1;0;X;1;
l;2149061824940;38355372;;0;1867;;2;
l;2149328508332;38268332;Dem;0;558;;1;
l;2148524255660;38173100;GOP;0;3522;X;2;
l;2147652515244;38314412;;0;1231;X;1;
l;2147583657388;38118828;Dem;1;4007;;1;
l;2148860482988;38331820;Dem;1;5094;X;1;
l;2148994715052;38354348;;0;3021;;2;
l;2148926058924;38061484;Dem;1;1287;X;1;
l;2149464480172;38404524;;0;1448;;2;
l;2148256520620;38405548;;0;1140;X;1;
l;2148256497068;38319532;;0;696;;1;
l;2149330257324;38350252;;0;26051;X;1;
l;2149664256428;38061484;Dem;1;514;X;1;
l;2147986363820;38287788;Dem;0;472;X;1;
l;2148659172780;38402476;;0;2744;X;1;
l;2148859435436;38145452;GOP;0;9604;;2;
l;2149328409004;38128044;GOP;0;13329;;2;
l;2148592041388;38319532;;0;4579;;1;
l;2148457831852;38333868;Dem;1;0;X;1;
l;2147988086188;38406572;;0;483;X;1;
l;2147987020204;38145452;GOP;0;405;;2;
l;2148860475820;38317484;;0;2142;;1;
l;2149597149612;38147500;GOP;0;2702;;2;
l;2148054597036;38124972;GOP;0;19842;X;2;
l;2149395820972;38061484;Dem;1;1741;X;1;
l;2147920972204;38352300;;0;5522;;2;
l;100028844;38092204;Dem;1;7777;X;1;
l;2148658108844;38109612;Dem;1;2527;X;1;
l;2147920951724;38316460;;0;7531;X;2;
l;2147650992556;38147500;GOP;0;1229;;2;
l;101786028;38409644;;0;293705;X;1;
l;2149462817196;38129068;Dem;0;2916;;1;
l;2147652535724;38350252;;0;605;X;1;
l;2149061804460;38321580;;0;1599;;2;
l;2147786758572;38404524;;0;1571;;2;
l;2148858954156;38154668;GOP;0;10016;;2;
l;2148457808300;38158764;GOP;0;9512;X;2;
l;2148055190956;38353324;;0;24715;X;1;
l;2148927609260;38405548;;0;1397;X;1;
l;2147651943852;38056364;Dem;1;533;;1;
l;2149330223532;38158764;GOP;0;2538;X;2;
l;2148793393580;38408620;;0;514;;2;
l;2149530042796;38150572;Dem;0;9072;X;1;
l;2147719628204;38322604;;0;10926;X;2;
l;2148793388460;38353324;;0;867;X;1;
l;2148254972332;38060460;Dem;1;1340;X;1;
l;2147786161580;38124972;GOP;0;2623;X;2;
l;2147987488172;38056364;Dem;1;299;;1;
l;2147719626156;38319532;;0;7653;;1;
l;2149263154604;38407596;;0;1463;;2;
l;2149127387564;38060460;Dem;1;20813;X;1;
l;2148657617324;38144428;GOP;0;2771;X;2;
l;2148055191980;38355372;;0;21191;;2;
l;2147786759596;38406572;;0;3515;X;1;
l;2147650984364;38144428;GOP;0;1354;X;2;
l;2149464476076;38351276;;0;2695;X;1;
l;2149330224556;38164908;Dem;1;7511;X;1;
l;99986860;38075820;Dem;1;0;X;1;
l;2148055190956;38354348;;0;16585;;2;
l;2148256520620;38404524;;0;283;;2;
l;99988908;38235564;GOP;0;1583;;2;
l;2149330249132;38335916;Dem;1;0;X;1;
l;2148189386156;38314412;;0;7339;X;1;
l;2149531566508;38320556;;0;5538;X;1;
l;2149531591084;38409644;;0;7039;X;1;
l;2149731369388;38154668;GOP;0;11219;;2;
l;2148927608236;38403500;;0;788;;2;
l;2147988067756;38330796;GOP;0;500;;2;
l;2148323631532;38408620;;0;134;;2;
l;2148724736428;38150572;Dem;0;11297;X;1;
l;2149328705964;38059436;Dem;1;25010;;1;
l;2149664256428;38146476;GOP;0;890;;2;
l;2148860482988;38330796;GOP;0;10055;;2;
l;2148254974380;38154668;GOP;0;694;;2;
l;2148456290732;38059436;Dem;1;3034;;1;
l;2148926058924;38146476;GOP;0;1630;;2;
l;2148187748780;38129068;Dem;0;5392;;1;
l;2148524953004;38354348;;0;3047;;2;
l;2149731359148;38059436;Dem;1;8612;;1;
l;2149598673324;38317484;;0;1248;;1;
l;2148994705836;38336940;Dem;0;0;X;1;
l;2148590401964;38132140;GOP;0;4701;X;2;
l;2147719628204;38323628;;0;3169;;1;
l;2147719649708;38405548;;0;8309;X;1;
l;2148122297772;38350252;;0;5528;X;1;
l;2149664143788;38129068;Dem;0;399;;1;
l;101773740;38337964;Dem;1;0;X;1;
l;2148322083244;38150572;Dem;0;216;X;1;
l;2149665790380;38332844;Dem;1;0;X;1;
l;2147719626156;38318508;;0;6434;;2;
l;2148793386412;38349228;;0;934;;2;
l;2149529874860;38104492;Dem;1;0;X;1;
l;2148860484012;38332844;Dem;1;0;X;1;
l;2147853865388;38355372;;0;2583;;2;
l;2149262088620;38109612;Dem;1;7378;X;1;
l;2148592039340;38314412;;0;5526;X;1;
l;2147852013996;38111660;Dem;1;2559;X;1;
l;2149732899244;38332844;Dem;1;0;X;1;
l;2148793389484;38356396;;0;766;;1;
l;2148390739372;38407596;;0;440;;2;
l;2148590310828;38268332;Dem;0;3989;;1;
l;2148390712748;38314412;;0;1179;X;1;
l;2148993055148;38132140;GOP;0;4688;X;2;
l;2147786736044;38320556;;0;3321;X;1;
l;2147986534828;38061484;Dem;1;369;X;1;
l;2149128931756;38351276;;0;17517;X;1;
l;2148189394348;38330796;GOP;0;4520;;2;
l;2149328511404;38093228;Dem;1;0;X;1;
l;2147919430060;38154668;GOP;0;7323;;2;
l;2147719648684;38402476;;0;9443;X;1;
l;2149060164012;38132140;GOP;0;3157;X;2;
l;2148925755820;38111660;Dem;1;1267;X;1;
l;2148188346796;38109612;Dem;1;6187;X;1;
l;2148860499372;38402476;;0;8725;X;1;
l;2148390740396;38408620;;0;450;;2;
l;2148658108844;38145452;GOP;0;2437;;2;
l;2147919122860;38111660;Dem;1;2843;X;1;
l;2148927587756;38322604;;0;2009;X;2;
l;2148256505260;38333868;Dem;1;0;X;1;
l;2149597632940;38109612;Dem;1;2498;X;1;
l;2149529833900;38092204;Dem;1;7777;X;1;
l;2148592040364;38316460;;0;6267;X;2;
l;2148590516652;38147500;GOP;0;4320;;2;
l;2148390141356;38124972;GOP;0;838;X;2;
l;100038060;38044076;GOP;1;0;X;2;
l;2148390716844;38323628;;0;373;;1;
l;2148322564524;38109612;Dem;1;301;X;1;
l;2148323604908;38317484;;0;155;;1;
l;2147986536876;38147500;GOP;0;525;;2;
l;2149732916652;38406572;;0;11744;X;1;
l;2149395823020;38060460;Dem;1;1918;X;1;
l;2149330260396;38356396;;0;24829;;1;
l;2149061821868;38349228;;0;2124;;2;
l;2148122263980;38158764;GOP;0;9485;X;2;
l;2148860495276;38349228;;0;7607;;2;
l;2148120567212;38117804;GOP;1;0;X;2;
l;2147585426860;38350252;;0;101144;X;1;
l;101778860;38350252;;0;273436;X;1;
l;2148122263980;38157740;Dem;0;4633;;1;
l;2148592041388;38318508;;0;2866;;2;
l;101774764;38338988;GOP;0;20983;;2;
l;2147919428012;38060460;Dem;1;2600;X;1;
l;2148122294700;38410668;GOP;0;8812;X;2;
l;2147786735020;38319532;;0;2971;;1;
l;2148994719148;38406572;;0;5402;X;1;
l;2148791843244;38060460;Dem;1;1871;X;1;
l;2148322073004;38144428;GOP;0;352;X;2;
l;2147719624108;38314412;;0;10862;X;1;
l;2147652541868;38407596;;0;633;;2;
l;2148726278572;38352300;;0;3950;;2;
l;2148323628460;38403500;;0;116;;2;
l;2149664258476;38060460;Dem;1;585;X;1;
l;2147585427884;38352300;;0;77989;;2;
l;101779884;38352300;;0;243030;;2;
l;2148187653548;38089132;Dem;1;3281;X;1;
l;2149596954028;38097324;Dem;1;2687;X;1;
l;2147717933484;38054316;GOP;1;0;X;2;
l;101186988;38056364;Dem;1;73995;;1;
l;2148323604908;38316460;;0;326;X;2;
l;2148659151276;38321580;;0;1612;;2;
l;2147853844908;38320556;;0;2498;X;1;
l;2148659156396;38331820;Dem;1;2314;X;1;
l;2149061802412;38316460;;0;3086;X;2;
l;2147920937388;38157740;Dem;0;2427;;1;
l;2147853867436;38404524;;0;1272;;2;
l;2147652523436;38330796;GOP;0;1262;;2;
l;2149663953324;38111660;Dem;1;541;X;1;
l;2149194498476;38154668;GOP;0;22979;;2;
l;2148992960940;38090156;Dem;1;0;X;1;
l;2147920958892;38331820;Dem;1;2610;X;1;
l;2149328712108;38146476;GOP;0;12801;;2;
l;2148925894060;38055340;GOP;1;0;X;2;
l;2149531571628;38331820;Dem;1;8905;X;1;
l;2149397371308;38404524;;0;1191;;2;
l;100046252;38279596;GOP;0;3711;X;2;
l;101780908;38354348;;0;202061;;2;
l;2148927585708;38319532;;0;1235;;1;
l;2148053643692;38146476;GOP;0;21218;;2;
l;2147650877868;38132140;GOP;0;1467;X;2;
l;2147719650732;38407596;;0;3688;;2;
l;2149194494380;38061484;Dem;1;13083;X;1;
l;2148256516524;38352300;;0;666;;2;
l;101776812;38343084;GOP;0;0;X;1;
l;2148724619692;38129068;Dem;0;10704;;1;
l;2147583632812;38074796;Dem;1;0;X;1;
l;2148860501420;38407596;;0;3997;;2;
l;2149464458668;38322604;;0;3451;X;2;
l;2149597034924;38132140;GOP;0;3766;X;2;
l;2149464457644;38320556;;0;2810;X;1;
l;2148592060844;38352300;;0;3591;;2;
l;2147717986732;38132140;GOP;0;11252;X;2;
l;2147920959916;38332844;Dem;1;0;X;1;
l;2149597151660;38154668;GOP;0;3397;;2;
l;2148524953004;38353324;;0;3390;X;1;
l;2148793375148;38332844;Dem;1;0;X;1;
l;2148792326572;38109612;Dem;1;2028;X;1;
l;101781932;38356396;;0;255096;;1;
l;2149061829036;38409644;;0;2007;X;1;
l;2147651840428;38166956;Dem;0;522;;1;
l;2149330236844;38314412;;0;38076;X;1;
l;2149531567532;38322604;;0;6865;X;2;
l;2149061823916;38354348;;0;1708;;2;
l;100012460;38082988;Dem;1;2940;X;1;
l;2148726279596;38354348;;0;3139;;2;
l;2149596796332;38057388;Dem;1;2148;X;1;
l;2149597997484;38166956;Dem;0;91;;1;
l;2149665806764;38405548;;0;677;X;1;
l;2148122277292;38315436;;0;2763;;2;
l;2148188814764;38056364;Dem;1;5736;;1;
l;2148860498348;38355372;;0;8400;;2;
l;2149731014060;38122924;GOP;0;3706;;2;
l;2149665803692;38354348;;0;669;;2;
l;2149194225068;38218156;GOP;1;0;X;2;
l;2147920975276;38402476;;0;5011;X;1;
l;2148053428652;38086060;Dem;1;0;X;1;
l;2148590211500;38111660;Dem;1;4054;X;1;
l;2149731014060;38057388;Dem;1;3310;X;1;
l;2147853852076;38333868;Dem;1;0;X;1;
l;2148658576812;38056364;Dem;1;2601;;1;
l;2149263152556;38403500;;0;1613;;2;
l;2148456782252;38145452;GOP;0;8926;;2;
l;2147583641004;38078892;Dem;1;3065;X;1;
l;2147583644076;38242732;GOP;0;4638;X;2;
l;2149732319660;38226348;GOP;0;4573;X;2;
l;2147583626668;38229420;GOP;0;2285;;2;
l;2149598673324;38316460;;0;4082;X;2;
l;2148926060972;38147500;GOP;0;1722;;2;
l;100018604;38086060;Dem;1;0;X;1;
l;2147987020204;38109612;Dem;1;418;X;1;
l;2148055169452;38316460;;0;33906;X;2;
l;2148323629484;38405548;;0;278;X;1;
l;2149732910508;38349228;;0;10629;;2;
l;2149665783212;38318508;;0;611;;2;
l;2148456124844;38052268;GOP;1;0;X;2;
l;2147652521388;38325676;Dem;0;0;X;1;
l;2149194506668;38217132;GOP;1;0;X;2;
l;2149330261420;38402476;;0;30084;X;1;
l;2148726277548;38349228;;0;3683;;2;
l;2149196044716;38405548;;0;16384;X;1;
l;2149330223532;38157740;Dem;0;1048;;1;
l;2149731850668;38109612;Dem;1;11297;X;1;
l;2149464454572;38315436;;0;958;;2;
l;2148524950956;38349228;;0;3464;;2;
l;2148457808300;38157740;Dem;0;3028;;1;
l;2147652539820;38402476;;0;868;X;1;
l;99930540;38111660;Dem;1;118419;X;1;
l;2149665807788;38406572;;0;732;X;1;
l;100237740;38150572;Dem;0;302038;X;1;
l;2147583883692;38060460;Dem;1;107553;X;1;
l;2149530032556;38144428;GOP;0;4083;X;2;
l;2147853842860;38316460;;0;3403;X;2;
l;2148055170476;38318508;;0;15332;;2;
l;2148323630508;38407596;;0;128;;2;
l;2149732911532;38351276;;0;8855;X;1;
l;2148254964140;38144428;GOP;0;803;X;2;
l;2148994714028;38351276;;0;4552;X;1;
l;2148524956076;38405548;;0;3600;X;1;
l;2148860481964;38326700;Dem;1;0;X;1;
l;2148120568236;38100396;Dem;1;3657;;1;
l;2148256516524;38351276;;0;622;X;1;
l;2147920952748;38318508;;0;4223;;2;
l;2147786755500;38354348;;0;1680;;2;
l;2148388980140;38089132;Dem;1;826;X;1;
l;2148456130988;38054316;GOP;1;0;X;2;
l;2149732893100;38321580;;0;8051;;2;
l;2148994695596;38321580;;0;3131;;2;
l;2149665808812;38408620;;0;451;;2;
l;2149665801644;38350252;;0;548;X;1;
l;2148256521644;38406572;;0;1164;X;1;
l;2147719641516;38410668;GOP;0;10155;X;2;
l;2148122280364;38321580;;0;4378;;2;
l;2148189389228;38321580;;0;3214;;2;
l;2149732912556;38353324;;0;11064;X;1;
l;2147652536748;38352300;;0;1027;;2;
l;2148120756652;38154668;GOP;0;9137;;2;
l;2148390720940;38330796;GOP;0;802;;2;
l;2149127389612;38150572;Dem;0;20205;X;1;
l;2147852310956;38059436;Dem;1;1961;;1;
l;2147583769004;38129068;Dem;0;96630;;1;
l;2149328505260;38090156;Dem;1;0;X;1;
l;2148793369004;38321580;;0;748;;2;
l;2149530038700;38146476;GOP;0;2259;;2;
l;2149263136172;38330796;GOP;0;2093;;2;
l;2148590518700;38154668;GOP;0;4174;;2;
l;2147988082092;38353324;;0;425;X;1;
l;2148592043436;38322604;;0;5809;X;2;
l;2147718099372;38146476;GOP;0;10210;;2;
l;2149194381740;38132140;GOP;0;24892;X;2;
l;2149598699948;38408620;;0;1658;;2;
l;2148256499116;38322604;;0;915;X;2;
l;2148323626412;38353324;;0;219;X;1;
l;2147920954796;38323628;;0;1825;;1;
l;2149128914348;38322604;;0;29631;X;2;
l;2149732913580;38355372;;0;11013;;2;
l;2148860498348;38356396;;0;5709;;1;
l;2147719052716;38056364;Dem;1;4800;;1;
l;2148390721964;38332844;Dem;1;0;X;1;
l;2148457845164;38355372;;0;6260;;2;
l;2148992961964;38091180;Dem;1;0;X;1;
l;2149531572652;38332844;Dem;1;0;X;1;
l;2149263151532;38356396;;0;3596;;1;
l;100227500;38059436;Dem;1;247917;;1;
l;2148390037932;38166956;Dem;0;811;;1;
l;2147920950700;38314412;;0;6577;X;1;
l;100014508;38255020;GOP;0;2607;;2;
l;2149732891052;38317484;;0;2741;;1;
l;2149396670892;38173100;GOP;0;2632;X;2;
l;100068780;38055340;GOP;1;0;X;2;
l;2149597141420;38144428;GOP;0;3700;X;2;
l;99996076;38242732;GOP;0;6378;X;2;
l;2149665781164;38314412;;0;954;X;1;
l;2148390737324;38402476;;0;952;X;1;
l;2149127870892;38145452;GOP;0;20149;;2;
l;2148658576812;38124972;GOP;0;2445;X;2;
l;2147652525484;38333868;Dem;1;0;X;1;
l;2148592063916;38402476;;0;2578;X;1;
l;2148255455660;38145452;GOP;0;457;;2;
l;2147583636908;38412716;Lib;0;504;;3;
l;99988908;38412716;Lib;0;504;;3;
l;100037036;38096300;Dem;1;7564;X;1;
l;2149464464812;38333868;Dem;1;0;X;1;
l;100046252;38099372;Dem;1;3287;;1;
l;2148926544300;38109612;Dem;1;1298;X;1;
l;2149330237868;38317484;;0;7097;;1;
l;2148456298924;38147500;GOP;0;8834;;2;
l;2148256496044;38316460;;0;1061;X;2;
l;2147583646124;38243756;GOP;0;0;X;1;
l;2147651475884;38109612;Dem;1;626;X;1;
l;101083564;38166956;Dem;0;48623;;1;
l;2148055194028;38404524;;0;8425;;2;
l;2147583634860;38075820;Dem;1;0;X;1;
l;2148256522668;38409644;;0;1154;X;1;
l;2149330245036;38330796;GOP;0;14114;;2;
l;2148793366956;38317484;;0;393;;1;
l;2149665782188;38316460;;0;1058;X;2;
l;2149128930732;38350252;;0;18780;X;1;
l;2148256481708;38157740;Dem;0;95;;1;
l;2149598658988;38158764;GOP;0;3284;X;2;
l;2149330263468;38407596;;0;7272;;2;
l;2147583636908;38235564;GOP;0;1583;;2;
l;2148390733228;38350252;;0;778;X;1;
l;2148256515500;38350252;;0;645;X;1;
l;2147719632300;38331820;Dem;1;4914;X;1;
l;2148860461484;38157740;Dem;0;3427;;1;
l;2148994718124;38405548;;0;5585;X;1;
l;2148523407788;38060460;Dem;1;2541;X;1;
l;2149598674348;38318508;;0;2197;;2;
l;2149598674348;38319532;;0;2595;;1;
l;2149531590060;38407596;;0;1618;;2;
l;2147583688108;38097324;Dem;1;63;X;1;
l;2149732877740;38164908;Dem;1;130;X;1;
l;100014508;38084012;Dem;1;4248;X;1;
l;2148926052780;38144428;GOP;0;1935;X;2;
l;2148390734252;38351276;;0;726;X;1;
l;2148055195052;38406572;;0;21777;X;1;
l;2147786720684;38175148;GOP;0;2604;;2;
l;2148659174828;38407596;;0;1286;;2;
l;2147919419820;38144428;GOP;0;7444;X;2;
l;2149194227116;38219180;GOP;1;0;X;2;
l;2149732892076;38319532;;0;9808;;1;
l;2149128931756;38352300;;0;20096;;2;
l;2148254970284;38061484;Dem;1;1229;X;1;
l;2148860496300;38351276;;0;5872;X;1;
l;2147650994604;38154668;GOP;0;1271;;2;
l;2148457843116;38351276;;0;4827;X;1;
l;2148389075372;38132140;GOP;0;1012;X;2;
l;2149397353900;38330796;GOP;0;2575;;2;
l;2148456782252;38109612;Dem;1;3592;X;1;
l;2148122304940;38408620;;0;3728;;2;
l;2149263131052;38320556;;0;4448;X;1;
l;2149196023212;38322604;;0;21857;X;2;
l;2149464477100;38353324;;0;2957;X;1;
l;100071852;38294956;GOP;0;2557;;2;
l;2148524933548;38320556;;0;4001;X;1;
l;2148055196076;38408620;;0;7896;;2;
l;2148724736428;38154668;GOP;0;4576;;2;
l;2149060270508;38059436;Dem;1;1135;;1;
l;2148456122796;38119852;GOP;1;0;X;2;
l;2148122285484;38331820;Dem;1;4709;X;1;
l;2149665784236;38320556;;0;720;X;1;
l;2147986538924;38154668;GOP;0;589;;2;
l;2148187855276;38059436;Dem;1;5280;;1;
l;2149598695852;38356396;;0;2166;;1;
l;2148657623468;38146476;GOP;0;2464;;2;
l;2148859903404;38056364;Dem;1;6064;;1;
l;2147988085164;38404524;;0;224;;2;
l;101771692;38336940;Dem;0;0;X;1;
l;2148256517548;38354348;;0;565;;2;
l;2147919425964;38146476;GOP;0;6764;;2;
l;2149732890028;38315436;;0;4350;;2;
l;2149194381740;38129068;Dem;0;11030;;1;
l;99978668;38070700;Dem;1;3836;X;1;
l;2147920954796;38322604;;0;6950;X;2;
l;2148858758572;38275500;Dem;0;1805;;1;
l;2149731252652;38132140;GOP;0;13300;X;2;
l;2148793370028;38322604;;0;1336;X;2;
l;2148523293100;38132140;GOP;0;5448;X;2;
l;100042156;38275500;Dem;0;1805;;1;
l;2148055177644;38332844;Dem;1;0;X;1;
