l;2484207631818;44650954;GOP;0;899;X;2;
l;2483804931530;44603850;GOP;0;5850;X;2;
l;2485080616394;44876234;;0;469;;2;
l;2484946398666;44875210;;0;865;X;1;
l;2484140500426;44648906;GOP;0;13095;X;2;
l;2486086671818;44637642;GOP;0;5367;X;2;
l;2488032792010;44640714;Dem;0;4069;;1;
l;2485885919690;44868042;;0;1725;;1;
l;2488099900874;44641738;GOP;0;2409;X;2;
l;2486824010186;44659146;Dem;1;5755;X;1;
l;2485214840266;44886474;;0;1181;;2;
l;106169802;44621258;Dem;0;265519;;1;
l;2487563641290;44868042;;0;930;;1;
l;2484476640714;44882378;;0;3881;;2;
l;2486959423946;44651978;GOP;1;0;X;1;
l;105071050;44669386;GOP;0;9459;;2;
l;2487965976010;44608970;Ind;0;438;;3;
l;2484006870474;44699082;;0;27689;;2;
l;2486020146634;44886474;;0;2776;;2;
l;2486422178250;44631498;Dem;0;1605;;1;
l;2485952710090;44605898;GOP;1;1719;X;2;
l;2488100513226;44871114;;0;2585;X;1;
l;2487093289418;44635594;GOP;0;11136;X;2;
l;2483604217290;44698058;;0;4489;X;1;
l;2485683977674;44609994;Dem;1;1966;X;1;
l;2483603605962;44632522;GOP;0;3832;X;2;
l;2486018879946;44781002;Ind;0;433;;2;
l;2484072542666;44658122;GOP;0;1047;X;2;
l;2487630136778;44620234;Dem;0;4495;;1;
l;2484610850250;44698058;;0;1055;X;1;
l;2483872060874;44643786;Dem;0;2048;;1;
l;2485885311434;44674506;GOP;0;0;X;1;
l;2484006260170;44641738;GOP;0;47059;X;2;
l;106487242;44698058;;0;638712;X;1;
l;2483335787978;44878282;;0;952;;2;
l;2485483268554;44874186;;0;3877;;2;
l;105234890;44783050;GOP;1;0;X;1;
l;2485817354698;44612042;Dem;0;2581;;1;
l;2486488578506;44722634;Dem;1;788;X;1;
l;2487764355530;44631498;Dem;0;671;;1;
l;2485818222026;44647882;Dem;1;3789;;1;
l;2486221472202;44883402;;0;1313;;1;
l;2487160995274;44881354;;0;6683;X;1;
l;2488167622090;44871114;;0;2256;X;1;
l;2483134218698;44651978;GOP;1;0;X;1;
l;2486691234250;44883402;;0;937;;1;
l;2487897856458;44718538;GOP;1;0;X;1;
l;2483537116618;44882378;;0;3560;;2;
l;2484006553034;44627402;Ind;0;570;;4;
l;2487966297546;44876234;;0;7914;;2;
l;2485952454090;44636618;Dem;0;1056;;1;
l;2486824850890;44645834;Ind;0;715;;3;
l;2484476040650;44643786;Dem;0;4214;;1;
l;2485012893130;44641738;GOP;0;453;X;2;
l;105195978;44750282;GOP;1;7942;X;2;
l;2487898218954;44819914;Dem;1;3326;X;2;
l;2484073414090;44650954;GOP;0;857;X;2;
l;2484476020170;44620234;Dem;0;4127;;1;
l;2483670090186;44793290;GOP;1;3211;X;1;
l;2484879289802;44875210;;0;1003;X;1;
l;2487563052490;44647882;Dem;1;2682;;1;
l;2487696611786;44787146;GOP;1;0;X;1;
l;2485616909770;44636618;Dem;0;1021;;1;
l;2487898596810;44647882;Dem;1;54156;;1;
l;2486422790602;44870090;;0;3269;X;2;
l;2486489910730;44887498;;0;8734;X;1;
l;2487897995722;44829130;GOP;1;0;X;1;
l;2485751088586;44620234;Dem;0;5950;;1;
l;2483737846218;44635594;GOP;0;7528;X;2;
l;2484610860490;44886474;;0;367;;2;
l;2485885924810;44878282;;0;5283;;2;
l;2486355091914;44635594;GOP;0;5758;X;2;
l;2487697540554;44627402;Ind;0;106;;4;
l;2483134455242;44698058;;0;2979;X;1;
l;106489290;44871114;;0;745591;X;1;
l;2486624126410;44885450;;0;2212;X;1;
l;2484275306954;44870090;;0;3633;X;2;
l;105187786;44741066;GOP;1;0;X;1;
l;2483804978634;44649930;Dem;1;6307;;1;
l;2486825455050;44887498;;0;4437;X;1;
l;2487026773450;44875210;;0;2564;X;1;
l;2487160989130;44871114;;0;8279;X;1;
l;2486489910730;44888522;;0;8244;;2;
l;2487495942602;44635594;GOP;0;16171;X;2;
l;2484274732490;44636618;Dem;0;1621;;1;
l;2487965704650;44635594;GOP;0;13342;X;2;
l;2485147109834;44632522;GOP;0;1507;X;2;
l;2485483274698;44883402;;0;5524;;1;
l;2484476021194;44632522;GOP;0;7493;X;2;
l;2486087245258;44698058;;0;5268;X;1;
l;2486757067210;44770762;GOP;1;0;X;1;
l;2484207586762;44640714;Dem;0;676;;1;
l;2484878693834;44645834;Ind;0;128;;3;
l;2483872064970;44648906;GOP;0;2190;X;2;
l;2484341203402;44812746;Dem;0;117;;2;
l;2486288574922;44873162;;0;2846;X;1;
l;2484676549066;44673482;GOP;1;0;X;1;
l;2487899192778;44882378;;0;61879;;2;
l;2484811589066;44647882;Dem;1;5177;;1;
l;2483939764682;44873162;;0;721;X;1;
l;2487764970954;44876234;;0;1323;;2;
l;2488033402314;44698058;;0;11178;X;1;
l;2484476641738;44884426;;0;6779;X;2;
l;2484006553034;44621258;Dem;0;20179;;1;
l;2486489581002;44627402;Ind;0;102;;4;
l;2487025340874;44661194;Dem;0;1746;;1;
l;2483401490890;44678602;Dem;1;0;X;1;
l;2486018720202;44669386;GOP;0;1274;;2;
l;2484609395146;44613066;GOP;1;1325;X;2;
l;2485953029578;44872138;;0;539;;2;
l;2486557013450;44877258;;0;1896;X;1;
l;2484073366986;44620234;Dem;0;958;;1;
l;2483200998858;44649930;Dem;1;734;;1;
l;2485751709130;44882378;;0;5022;;2;
l;2485550378442;44875210;;0;2874;X;1;
l;2486287979978;44643786;Dem;0;1724;;1;
l;2484946077130;44627402;Ind;0;16;;4;
l;2487362319818;44877258;;0;1194;X;1;
l;2484140514762;44636618;Dem;0;8076;;1;
l;2485483266506;44870090;;0;10900;X;2;
l;105510346;44728778;GOP;0;4708;;2;
l;105179594;44732874;Dem;0;4623;;1;
l;2487899187658;44873162;;0;116046;X;1;
l;2485147723210;44871114;;0;2198;X;1;
l;2484745076170;44882378;;0;3122;;2;
l;2485683979722;44620234;Dem;0;1466;;1;
l;2485616894410;44634570;Dem;1;1332;;1;
l;2486623504842;44632522;GOP;0;2065;X;2;
l;2486153765322;44634570;Dem;1;3220;;1;
l;2487764649418;44605898;GOP;1;3666;X;2;
l;2484745074122;44878282;;0;4131;;2;
l;2485080620490;44881354;;0;698;X;1;
l;2484543753674;44887498;;0;830;X;1;
l;2486824854986;44648906;GOP;0;5281;X;2;
l;2485349057994;44886474;;0;488;;2;
l;2484677966282;44879306;;0;13208;X;1;
l;2487496543690;44887498;;0;12490;X;1;
l;2487160413642;44637642;GOP;0;7072;X;2;
l;2486287979978;44644810;GOP;0;2003;X;2;
l;2487362315722;44872138;;0;968;;2;
l;2485281328586;44641738;GOP;0;4253;X;2;
l;2484005611978;44778954;Dem;1;5823;;2;
l;2485348482506;44650954;GOP;0;808;X;2;
l;2487898572234;44620234;Dem;0;63550;;1;
l;2487025490378;44760522;Dem;0;1684;;2;
l;2486355069386;44631498;Dem;0;4079;;1;
l;2485751112138;44635594;GOP;0;7225;X;2;
l;2487228103114;44880330;;0;2047;;2;
l;2487496540618;44884426;;0;17750;X;2;
l;2486825442762;44699082;;0;3829;;2;
l;2484342420938;44877258;;0;8879;X;1;
l;2486824831434;44632522;GOP;0;5539;X;2;
l;2485818217930;44644810;GOP;0;5865;X;2;
l;2487428849098;44636618;Dem;0;293;;1;
l;105679306;44697034;Dem;1;0;X;1;
l;2485012048330;44612042;Dem;0;167;;1;
l;2484476395978;44651978;GOP;1;0;X;1;
l;2483738445258;44886474;;0;3608;;2;
l;2488100521418;44886474;;0;958;;2;
l;105232842;44782026;GOP;1;0;X;1;
l;2487093878218;44698058;;0;11667;X;1;
l;2484342421962;44880330;;0;4137;;2;
l;2487897977290;44815818;GOP;1;0;X;1;
l;2484677641674;44621258;Dem;0;2720;;1;
l;2487093560778;44608970;Ind;0;518;;3;
l;2484208209354;44887498;;0;896;X;1;
l;2487764977098;44886474;;0;652;;2;
l;2486355682762;44872138;;0;3416;;2;
l;2486153034186;44722634;Dem;1;1568;X;1;
l;105876938;44641738;GOP;0;674185;X;2;
l;2483670738378;44648906;GOP;0;26056;X;2;
l;2484073983434;44875210;;0;1039;X;1;
l;2484744455626;44620234;Dem;0;3641;;1;
l;2483671335370;44883402;;0;13209;;1;
l;2483737861578;44636618;Dem;0;4360;;1;
l;106361290;44846538;GOP;1;0;X;1;
l;105101770;44670410;Dem;0;6901;;1;
l;2484073387466;44644810;GOP;0;734;X;2;
l;2488032814538;44648906;GOP;0;12150;X;2;
l;2486288580042;44881354;;0;2424;X;1;
l;2484274695626;44641738;GOP;0;2526;X;2;
l;2486020138442;44871114;;0;8562;X;1;
l;2487899191754;44879306;;0;119412;X;1;
l;2487630761418;44888522;;0;5317;;2;
l;2486153742794;44633546;Ind;0;185;;3;
l;2485549785546;44635594;GOP;0;3182;X;2;
l;2486287983050;44635594;GOP;0;2116;X;2;
l;2486355066314;44628426;GOP;0;5102;;2;
l;2483872658890;44878282;;0;1938;;2;
l;2483604225482;44882378;;0;2584;;2;
l;2487965143498;44859850;GOP;1;6290;X;1;
l;2484744476106;44643786;Dem;0;5119;;1;
l;2485818813898;44876234;;0;4782;;2;
l;2488099937738;44636618;Dem;0;1062;;1;
l;2485885353418;44650954;GOP;0;7606;X;2;
l;2487160376778;44641738;GOP;0;7096;X;2;
l;2483268680138;44879306;;0;2700;X;1;
l;2487899187658;44874186;;0;46847;;2;
l;2483738439114;44875210;;0;7161;X;1;
l;2485818820042;44885450;;0;7235;X;1;
l;2487831465418;44640714;Dem;0;830;;1;
l;2483738441162;44878282;;0;6046;;2;
l;2486959087050;44637642;GOP;0;4327;X;2;
l;2488167620042;44698058;;0;2137;X;1;
l;2485616028106;44613066;GOP;1;1953;X;2;
l;2484476043722;44634570;Dem;1;4520;;1;
l;2483134458314;44873162;;0;3291;X;1;
l;2483939764682;44874186;;0;224;;2;
l;2485348436426;44632522;GOP;0;1046;X;2;
l;2486691225034;44698058;;0;1657;X;1;
l;2486758016458;44621258;Dem;0;57147;;1;
l;105302474;44831178;GOP;0;0;X;1;
l;2483335792074;44885450;;0;1496;X;1;
l;2485080294858;44608970;Ind;0;31;;3;
l;105193930;44747210;GOP;0;5336;X;2;
l;2483604217290;44699082;;0;2462;;2;
l;2487496538570;44880330;;0;5105;;2;
l;2486154364362;44886474;;0;1770;;2;
l;2483872038346;44628426;GOP;0;1784;;2;
l;2484139839946;44786122;GOP;1;0;X;1;
l;2488032810442;44645834;Ind;0;955;;3;
l;2484677961162;44871114;;0;12505;X;1;
l;2485616870858;44603850;GOP;0;1423;X;2;
l;2484341113290;44740042;Dem;1;0;X;1;
l;2486489286090;44620234;Dem;0;8346;;1;
l;2484946403786;44884426;;0;684;X;2;
l;2485080024522;44647882;Dem;1;331;;1;
l;2488167626186;44877258;;0;1113;X;1;
l;105525706;44839370;Dem;0;0;X;1;
l;2483402317258;44637642;GOP;0;3662;X;2;
l;2486959068618;44644810;GOP;0;3508;X;2;
l;2483939762634;44868042;;0;109;;1;
l;2485751092682;44654026;Dem;0;6867;;1;
l;2487697864138;44877258;;0;8495;X;1;
l;2487496539594;44882378;;0;9734;;2;
l;2487295207882;44874186;;0;5575;;2;
l;105322954;44847562;GOP;1;10197;X;1;
l;2484206744010;44614090;GOP;1;0;X;1;
l;2486959072714;44647882;Dem;1;2993;;1;
l;2485281327562;44632522;GOP;0;4221;X;2;
l;2486825453002;44886474;;0;3131;;2;
l;2484341825994;44635594;GOP;0;12463;X;2;
l;2485751109066;44644810;GOP;0;5629;X;2;
l;2484207584714;44603850;GOP;0;818;X;2;
l;2488033405386;44873162;;0;12075;X;1;
l;2485147106762;44609994;Dem;1;1975;X;1;
l;2485549782474;44645834;Ind;0;249;;3;
l;105521610;44819914;Dem;1;3326;X;2;
l;2484946398666;44876234;;0;569;;2;
l;2484340955594;44607946;GOP;1;1536;X;1;
l;2486690659786;44650954;GOP;0;1449;X;2;
l;2488233503178;44800458;GOP;1;120;X;1;
l;2485348482506;44649930;Dem;1;958;;1;
l;2484409527754;44875210;;0;4251;X;1;
l;2486690907594;44608970;Ind;0;60;;3;
l;2483670059466;44770762;GOP;1;0;X;1;
l;2487495199178;44714442;GOP;0;9913;X;2;
l;2486221475274;44888522;;0;1380;;2;
l;2487228096970;44870090;;0;7422;X;2;
l;2488167632330;44887498;;0;1735;X;1;
l;2487428834762;44648906;GOP;0;876;X;2;
l;2484610851274;44868042;;0;145;;1;
l;2485214837194;44880330;;0;961;;2;
l;105255370;44796362;GOP;1;9398;X;1;
l;2486757155274;44835274;GOP;1;5715;X;1;
l;2484677348810;44641738;GOP;0;12425;X;2;
l;2486221466058;44873162;;0;2146;X;1;
l;2485684604362;44887498;;0;1185;X;1;
l;2486757190090;44864970;GOP;1;7469;X;1;
l;2485751700938;44698058;;0;8101;X;1;
l;2487831486922;44635594;GOP;0;1066;X;2;
l;2486354295242;44671434;GOP;0;3539;X;2;
l;2484140476874;44633546;Ind;0;810;;3;
l;2486690907594;44627402;Ind;0;25;;4;
l;2487697864138;44878282;;0;5304;;2;
l;2486825449930;44880330;;0;2452;;2;
l;2487428811210;44632522;GOP;0;1003;X;2;
l;2483402279370;44631498;Dem;0;1578;;1;
l;2484946394570;44698058;;0;1011;X;1;
l;2487160669642;44608970;Ind;0;285;;3;
l;2485349049802;44871114;;0;1209;X;1;
l;2484609624522;44801482;Ind;0;7;;2;
l;2487362317770;44876234;;0;1424;;2;
l;2487831510474;44650954;GOP;0;1009;X;2;
l;2486086632906;44620234;Dem;0;4035;;1;
l;2485013512650;44883402;;0;309;;1;
l;2487362323914;44886474;;0;944;;2;
l;2484810774986;44677578;GOP;1;0;X;1;
l;2486489310666;44648906;GOP;0;8962;X;2;
l;2485818199498;44641738;GOP;0;7235;X;2;
l;2486757746122;44648906;GOP;0;119350;X;2;
l;2486421856714;44666314;GOP;0;2200;X;2;
l;2488167621066;44868042;;0;348;;1;
l;2484745075146;44879306;;0;6492;X;1;
l;2485349056970;44884426;;0;843;X;2;
l;2487898592714;44645834;Ind;0;9492;;3;
l;105157066;44717514;GOP;1;6329;X;2;
l;2487093560778;44605898;GOP;1;13623;X;2;
l;2485483028938;44651978;GOP;1;0;X;1;
l;2484341129674;44755402;Dem;1;704;X;2;
l;2484610261450;44634570;Dem;1;468;;1;
l;2487160991178;44875210;;0;6203;X;1;
l;2484677347786;44631498;Dem;0;3534;;1;
l;2486287998410;44636618;Dem;0;1408;;1;
l;2483603628490;44634570;Dem;1;3777;;1;
l;2486556397002;44641738;GOP;0;2824;X;2;
l;2487964967370;44719562;Dem;1;0;X;1;
l;2487563650506;44886474;;0;2436;;2;
l;2483939169738;44643786;Dem;0;166;;1;
l;2484946077130;44608970;Ind;0;38;;3;
l;105228746;44777930;GOP;0;6313;X;1;
l;2483737869770;44650954;GOP;0;7375;X;2;
l;2486154036682;44621258;Dem;0;2012;;1;
l;2485952462282;44649930;Dem;1;1257;;1;
l;105306570;44834250;GOP;1;0;X;1;
l;2484879294922;44884426;;0;995;X;2;
l;2484208201162;44876234;;0;640;;2;
l;2485617485258;44872138;;0;898;;2;
l;2485281350090;44634570;Dem;1;2057;;1;
l;2485281326538;44603850;GOP;0;3950;X;2;
l;2485012914634;44635594;GOP;0;434;X;2;
l;2487630161354;44648906;GOP;0;5551;X;2;
l;2486624122314;44877258;;0;1356;X;1;
l;2483200990666;44637642;GOP;0;1518;X;2;
l;2486489904586;44878282;;0;8893;;2;
l;2486758342090;44882378;;0;62999;;2;
l;2487495332298;44821962;GOP;1;0;X;1;
l;2483268681162;44881354;;0;1980;X;1;
l;2487897975242;44814794;GOP;1;0;X;1;
l;2486624119242;44873162;;0;2163;X;1;
l;2485617495498;44888522;;0;1421;;2;
l;2484274740682;44649930;Dem;1;2075;;1;
l;2486020143562;44880330;;0;2037;;2;
l;2485617165770;44627402;Ind;0;14;;4;
l;2485349047754;44698058;;0;1127;X;1;
l;2485483277770;44888522;;0;5954;;2;
l;2487898573258;44632522;GOP;0;112879;X;2;
l;2487832078794;44874186;;0;587;;2;
l;2486824853962;44635594;GOP;0;4971;X;2;
l;2487093267914;44640714;Dem;0;6549;;1;
l;2485683980746;44631498;Dem;0;1707;;1;
l;2484609918410;44686794;GOP;1;0;X;1;
l;2483537109450;44870090;;0;7024;X;2;
l;2485214215626;44628426;GOP;0;1258;;2;
l;2487227504074;44645834;Ind;0;425;;3;
l;2486019818954;44605898;GOP;1;8480;X;2;
l;2486422197706;44645834;Ind;0;249;;3;
l;2483604223434;44878282;;0;3674;;2;
l;2486892555722;44875210;;0;7692;X;1;
l;2486959095242;44649930;Dem;1;3237;;1;
l;2485684000202;44643786;Dem;0;1567;;1;
l;2485751710154;44884426;;0;7786;X;2;
l;2485953030602;44873162;;0;1534;X;1;
l;2485885307338;44633546;Ind;0;422;;3;
l;2486756964810;44692938;GOP;0;1736;X;2;
l;2486422472138;44608970;Ind;0;113;;3;
l;2488099056074;44613066;GOP;1;2954;X;2;
l;2485885330890;44647882;Dem;1;3434;;1;
l;2485549786570;44647882;Dem;1;1058;;1;
l;2483402573258;44605898;GOP;1;4205;X;2;
l;2484408068554;44612042;Dem;0;1292;;1;
l;2487160010186;44728778;GOP;0;3174;;2;
l;2483671333322;44880330;;0;6643;;2;
l;2487563026890;44629450;GOP;0;3806;X;2;
l;2487764649418;44608970;Ind;0;145;;3;
l;2486422553034;44651978;GOP;1;0;X;1;
l;2486220850634;44603850;GOP;0;2221;X;2;
l;105279946;44815818;GOP;1;0;X;1;
l;2484006259146;44631498;Dem;0;23873;;1;
l;2483469410762;44634570;Dem;1;1325;;1;
l;2484006553034;44605898;GOP;1;48970;X;2;
l;105259466;44799434;Dem;1;0;X;1;
l;2487832084938;44883402;;0;935;;1;
l;2488099898826;44620234;Dem;0;1333;;1;
l;2485214837194;44879306;;0;2364;X;1;
l;2483604219338;44872138;;0;1996;;2;
l;2487428834762;44647882;Dem;1;410;;1;
l;2484610532810;44627402;Ind;0;6;;4;
l;2484140475850;44603850;GOP;0;10827;X;2;
l;2485751705034;44875210;;0;6343;X;1;
l;2483939765706;44875210;;0;615;X;1;
l;2485482673610;44644810;GOP;0;7586;X;2;
l;2483335171530;44641738;GOP;0;1587;X;2;
l;2486691227082;44871114;;0;1835;X;1;
l;2486623542730;44636618;Dem;0;1133;;1;
l;2487563048394;44644810;GOP;0;2902;X;2;
l;2487227508170;44648906;GOP;0;5743;X;2;
l;2485751707082;44878282;;0;6340;;2;
l;2483134456266;44870090;;0;3965;X;2;
l;2486153765322;44635594;GOP;0;2872;X;2;
l;2486153377226;44728778;GOP;0;1534;;2;
l;2485617489354;44878282;;0;1585;;2;
l;2485349055946;44882378;;0;582;;2;
l;2486824124874;44724682;Dem;1;0;X;1;
l;2485214833098;44874186;;0;1258;;2;
l;2487630175690;44637642;GOP;0;5914;X;2;
l;2484476632522;44699082;;0;3480;;2;
l;105895370;44644810;GOP;0;572460;X;2;
l;2487428811210;44631498;Dem;0;292;;1;
l;2487764356554;44640714;Dem;0;693;;1;
l;2484141100490;44887498;;0;11514;X;1;
l;2483468769738;44798410;GOP;1;0;X;1;
l;2487093890506;44888522;;0;9062;;2;
l;2485281007050;44686794;GOP;1;0;X;1;
l;2484006877642;44879306;;0;49730;X;1;
l;2487897893322;44749258;Dem;0;296;;1;
l;2483535671754;44657098;Dem;1;4615;;1;
l;2486757723594;44641738;GOP;0;121706;X;2;
l;2487630758346;44883402;;0;3301;;1;
l;2487764966858;44698058;;0;3617;X;1;
l;2487563644362;44875210;;0;3303;X;1;
l;2488167054794;44649930;Dem;1;1159;;1;
l;2487495966154;44649930;Dem;1;10418;;1;
l;2484745069002;44868042;;0;1398;;1;
l;2485549764042;44641738;GOP;0;3809;X;2;
l;2484409526730;44873162;;0;4829;X;1;
l;2483268085194;44648906;GOP;0;2110;X;2;
l;2486825443786;44868042;;0;2063;;1;
l;2484946395594;44868042;;0;209;;1;
l;2486152921546;44659146;Dem;1;3296;X;1;
l;2484006259146;44633546;Ind;0;2879;;3;
l;2487630757322;44881354;;0;5187;X;1;
l;2483335789002;44880330;;0;233;;2;
l;2486154361290;44879306;;0;4487;X;1;
l;2483268355530;44627402;Ind;0;23;;4;
l;2483201564106;44699082;;0;633;;2;
l;2485751464394;44651978;GOP;1;0;X;1;
l;2485684592074;44698058;;0;1808;X;1;
l;2488100193738;44608970;Ind;0;84;;3;
l;2483335170506;44631498;Dem;0;230;;1;
l;2483134137802;44627402;Ind;0;32;;4;
l;2485147728330;44880330;;0;727;;2;
l;2484543153610;44648906;GOP;0;1213;X;2;
l;2487965681098;44603850;GOP;0;14307;X;2;
l;2486825444810;44871114;;0;6733;X;1;
l;2483133863370;44643786;Dem;0;2783;;1;
l;2484543743434;44872138;;0;533;;2;
l;2487295213002;44882378;;0;6373;;2;
l;2487697266122;44645834;Ind;0;1043;;3;
l;2484140522954;44650954;GOP;0;13095;X;2;
l;2483737822666;44603850;GOP;0;8478;X;2;
l;2485684599242;44879306;;0;2111;X;1;
l;2487026775498;44877258;;0;1942;X;1;
l;2486422793674;44875210;;0;1868;X;1;
l;2485147147722;44636618;Dem;0;1394;;1;
l;2486153780682;44637642;GOP;0;3395;X;2;
l;2487025314250;44612042;Dem;0;1343;;1;
l;2485953028554;44870090;;0;1906;X;2;
l;2487160999370;44888522;;0;6651;;2;
l;2484005628362;44790218;Dem;0;5272;;2;
l;2484475292106;44709322;GOP;1;0;X;1;
l;2485080020426;44643786;Dem;0;376;;1;
l;2484543747530;44877258;;0;689;X;1;
l;2486154361290;44880330;;0;1296;;2;
l;2487026532810;44651978;GOP;1;0;X;1;
l;2487629769162;44702154;Dem;1;4003;;1;
l;2486959343050;44627402;Ind;0;67;;4;
l;2488033084874;44608970;Ind;0;380;;3;
l;2486422793674;44876234;;0;1836;;2;
l;2484476639690;44879306;;0;8752;X;1;
l;2486489333194;44650954;GOP;0;8202;X;2;
l;2483201576394;44888522;;0;785;;2;
l;2486757181898;44857802;Dem;1;8514;X;1;
l;2485214840266;44885450;;0;2239;X;1;
l;2487362314698;44870090;;0;2480;X;2;
l;2487831463370;44620234;Dem;0;1020;;1;
l;2486020144586;44882378;;0;3493;;2;
l;105175498;44730826;Dem;1;0;X;1;
l;2485147733450;44888522;;0;1831;;2;
l;2484342424010;44883402;;0;6298;;1;
l;2486624123338;44880330;;0;690;;2;
l;2484006260170;44640714;Dem;0;24393;;1;
l;105155018;44714442;GOP;0;9913;X;2;
l;2486422799818;44886474;;0;1250;;2;
l;2484543153610;44647882;Dem;1;604;;1;
l;2483335787978;44877258;;0;818;X;1;
l;2487093289418;44634570;Dem;1;8419;;1;
l;2485817354698;44613066;GOP;1;8022;X;2;
l;2486488578506;44723658;GOP;0;307;;2;
l;2486221464010;44868042;;0;281;;1;
l;2486018879946;44779978;GOP;1;2346;X;1;
l;2483469763018;44651978;GOP;1;0;X;1;
l;2484610850250;44699082;;0;418;;2;
l;2484073387466;44645834;Ind;0;88;;3;
l;2484073661898;44627402;Ind;0;17;;4;
l;2486355069386;44633546;Ind;0;424;;3;
l;105519562;44806602;Dem;1;0;X;1;
l;2485483268554;44873162;;0;9220;X;1;
l;2487831464394;44631498;Dem;0;763;;1;
l;2483402302922;44648906;GOP;0;3491;X;2;
l;2485953034698;44880330;;0;478;;2;
l;2488234730954;44871114;;0;4187;X;1;
l;2486489905610;44879306;;0;12702;X;1;
l;2487898218954;44818890;GOP;0;1059;;1;
l;2484006305226;44650954;GOP;0;37581;X;2;
l;2484408911306;44620234;Dem;0;2654;;1;
l;2484206950858;44787146;GOP;1;0;X;1;
l;2486489902538;44876234;;0;7735;;2;
l;2487294594506;44640714;Dem;0;6163;;1;
l;2487832079818;44875210;;0;1168;X;1;
l;2487965705674;44647882;Dem;1;6424;;1;
l;2485885345226;44636618;Dem;0;3654;;1;
l;2485147722186;44868042;;0;630;;1;
l;2484073981386;44872138;;0;576;;2;
l;2483939769802;44881354;;0;617;X;1;
l;2485617165770;44608970;Ind;0;46;;3;
l;2483536494026;44609994;Dem;1;6131;X;1;
l;2486757745098;44634570;Dem;1;93627;;1;
l;2487294887370;44605898;GOP;1;13062;X;2;
l;2483134455242;44699082;;0;1972;;2;
l;2486355690954;44886474;;0;3481;;2;
l;2484275314122;44881354;;0;2531;X;1;
l;2485885922762;44875210;;0;7476;X;1;
l;2484677393866;44650954;GOP;0;10646;X;2;
l;2484073987530;44882378;;0;715;;2;
l;2486892563914;44887498;;0;6491;X;1;
l;2486891959754;44645834;Ind;0;954;;3;
l;2485751109066;44645834;Ind;0;1229;;3;
l;2487228097994;44871114;;0;7036;X;1;
l;2484878673354;44603850;GOP;0;1199;X;2;
l;2483737846218;44634570;Dem;1;5265;;1;
l;2484543751626;44886474;;0;479;;2;
l;2487428810186;44603850;GOP;0;923;X;2;
l;2487228105162;44884426;;0;6055;X;2;
l;2484207586762;44641738;GOP;0;1115;X;2;
l;2484073391562;44648906;GOP;0;977;X;2;
l;2483402573258;44608970;Ind;0;102;;3;
l;2486624128458;44887498;;0;1346;X;1;
l;2486959667658;44880330;;0;1457;;2;
l;2484208198090;44870090;;0;1360;X;2;
l;2484877875658;44673482;GOP;1;0;X;1;
l;2487899192778;44881354;;0;95376;X;1;
l;2485147109834;44633546;Ind;0;85;;3;
l;2484275309002;44873162;;0;2916;X;1;
l;2487629769162;44703178;GOP;0;4794;X;2;
l;2485550374346;44698058;;0;3394;X;1;
l;2487964834250;44624330;Ind;0;3948;;2;
l;2484945802698;44645834;Ind;0;106;;3;
l;105138634;44701130;GOP;0;4118;X;2;
l;2487630756298;44879306;;0;6991;X;1;
l;2486288581066;44884426;;0;2288;X;2;
l;2487025340874;44662218;GOP;0;3025;X;2;
l;2486355683786;44873162;;0;7773;X;1;
l;2487495922122;44653002;Dem;1;0;X;1;
l;2486018720202;44668362;Dem;1;1068;X;1;
l;2485885920714;44872138;;0;2661;;2;
l;2484677371338;44648906;GOP;0;12469;X;2;
l;2484476021194;44633546;Ind;0;391;;3;
l;2483872335306;44608970;Ind;0;113;;3;
l;2484006258122;44620234;Dem;0;30460;;1;
l;2485684599242;44880330;;0;751;;2;
l;2483871341002;44730826;Dem;1;0;X;1;
l;2485617487306;44875210;;0;1169;X;1;
l;2486757163466;44843466;GOP;0;1826;;1;
l;2487496537546;44878282;;0;13568;;2;
l;2487361703370;44641738;GOP;0;1896;X;2;
l;105298378;44829130;GOP;1;0;X;1;
l;2485550375370;44868042;;0;478;;1;
l;105179594;44733898;GOP;0;4961;X;2;
l;2488033405386;44874186;;0;4116;;2;
l;2484677967306;44882378;;0;5993;;2;
l;2483939763658;44872138;;0;180;;2;
l;2486623504842;44633546;Ind;0;116;;3;
l;2487964907978;44670410;Dem;0;3138;;1;
l;2484409532874;44884426;;0;4288;X;2;
l;2486086656458;44634570;Dem;1;3326;;1;
l;2487697540554;44605898;GOP;1;10576;X;2;
l;2485751383498;44605898;GOP;1;7888;X;2;
l;105138634;44700106;Dem;1;3984;;1;
l;2487563652554;44887498;;0;2819;X;1;
l;2486489306570;44644810;GOP;0;7902;X;2;
l;2487832077770;44872138;;0;547;;2;
l;2487697862090;44876234;;0;4627;;2;
l;2485147723210;44872138;;0;1083;;2;
l;2484005611978;44777930;GOP;0;6313;X;1;
l;105339338;44861898;Dem;1;0;X;1;
l;2487026157002;44603850;GOP;0;3030;X;2;
l;2484810930634;44787146;GOP;1;0;X;1;
l;2485549785546;44634570;Dem;1;1569;;1;
l;2483402900938;44886474;;0;1453;;2;
l;2486422197706;44644810;GOP;0;1633;X;2;
l;105318858;44845514;Dem;1;0;X;1;
l;2484879291850;44877258;;0;712;X;1;
l;2484946402762;44882378;;0;553;;2;
l;2487293905354;44741066;GOP;1;0;X;1;
l;2484141094346;44877258;;0;11514;X;1;
l;2487294631370;44636618;Dem;0;5926;;1;
l;2487361740234;44636618;Dem;0;1342;;1;
l;2484944939466;44612042;Dem;0;382;;1;
l;2486959668682;44881354;;0;4184;X;1;
l;2485013515722;44888522;;0;342;;2;
l;2487295207882;44873162;;0;12229;X;1;
l;2483738198474;44651978;GOP;1;0;X;1;
l;2486086633930;44632522;GOP;0;4290;X;2;
l;2487228095946;44699082;;0;3184;;2;
l;2488233499082;44798410;GOP;1;0;X;1;
l;2484610862538;44887498;;0;742;X;1;
l;2486824854986;44647882;Dem;1;4835;;1;
l;2487160994250;44880330;;0;2918;;2;
l;2486623798730;44608970;Ind;0;89;;3;
l;2485080619466;44880330;;0;197;;2;
l;2486892551626;44699082;;0;5197;;2;
l;2485818217930;44645834;Ind;0;851;;3;
l;2484275318218;44887498;;0;1882;X;1;
l;2483201567178;44873162;;0;1310;X;1;
l;2486288573898;44872138;;0;772;;2;
l;2484141089226;44868042;;0;6822;;1;
l;2484476633546;44870090;;0;9254;X;2;
l;105251274;44794314;Dem;0;2532;;2;
l;2485751088586;44603850;GOP;0;7040;X;2;
l;2483738444234;44883402;;0;4661;;1;
l;2484275313098;44880330;;0;893;;2;
l;2484006879690;44884426;;0;44231;X;2;
l;2486154364362;44885450;;0;4112;X;1;
l;2487026158026;44632522;GOP;0;3141;X;2;
l;2483872079306;44637642;GOP;0;2367;X;2;
l;2487630431690;44605898;GOP;1;6549;X;2;
l;2483268355530;44605898;GOP;1;2449;X;2;
l;2485750381002;44723658;GOP;0;450;;2;
l;2483804956106;44647882;Dem;1;5698;;1;
l;2484543751626;44885450;;0;1319;X;1;
l;2486355688906;44881354;;0;6460;X;1;
l;2487697860042;44872138;;0;2967;;2;
l;2486220851658;44633546;Ind;0;78;;3;
l;2484878696906;44634570;Dem;1;680;;1;
l;2484409206218;44621258;Dem;0;1387;;1;
l;2485012911562;44644810;GOP;0;351;X;2;
l;2486758343114;44883402;;0;65985;;1;
l;2483603643850;44637642;GOP;0;4304;X;2;
l;2485147155914;44650954;GOP;0;1681;X;2;
l;2484878012874;44767690;GOP;1;0;X;1;
l;2488033411530;44884426;;0;9672;X;2;
l;2483335785930;44876234;;0;715;;2;
l;2486757173706;44850634;GOP;1;2722;X;1;
l;2483402278346;44603850;GOP;0;3471;X;2;
l;2486287983050;44634570;Dem;1;1858;;1;
l;2486086927818;44605898;GOP;1;5573;X;2;
l;2484073985482;44878282;;0;843;;2;
l;2483805552074;44882378;;0;4522;;2;
l;2485617489354;44877258;;0;917;X;1;
l;2485616917962;44649930;Dem;1;1388;;1;
l;2486959087050;44636618;Dem;0;2720;;1;
l;2485751705034;44876234;;0;3895;;2;
l;2485616028106;44612042;Dem;0;630;;1;
l;2488032828874;44636618;Dem;0;4287;;1;
l;2485818244554;44650954;GOP;0;5868;X;2;
l;2487227485642;44641738;GOP;0;5881;X;2;
l;2483402893770;44874186;;0;1700;;2;
l;2488100514250;44874186;;0;1212;;2;
l;2486691235274;44885450;;0;1826;X;1;
l;2486288571850;44699082;;0;1134;;2;
l;2483402900938;44885450;;0;3798;X;1;
l;2485147403722;44608970;Ind;0;59;;3;
l;105028042;44624330;Ind;0;45646;;2;
l;2484006872522;44872138;;0;17861;;2;
l;2487429429706;44880330;;0;276;;2;
l;2484073364938;44628426;GOP;0;819;;2;
l;2487965701578;44643786;Dem;0;6589;;1;
l;2484745070026;44871114;;0;6193;X;1;
l;2485012915658;44648906;GOP;0;416;X;2;
l;2483872655818;44874186;;0;1216;;2;
l;2486422177226;44620234;Dem;0;1802;;1;
l;2486758334922;44870090;;0;155774;X;2;
l;2487831465418;44641738;GOP;0;1234;X;2;
l;2485147133386;44647882;Dem;1;1664;;1;
l;2488234735050;44877258;;0;2415;X;1;
l;2487897993674;44827082;GOP;0;4715;;1;
l;2483469426122;44637642;GOP;0;2290;X;2;
l;2485684274634;44605898;GOP;1;1941;X;2;
l;2484744135114;44666314;GOP;0;1043;X;2;
l;105343434;44864970;GOP;1;7896;X;1;
l;2484476043722;44635594;GOP;0;6735;X;2;
l;2487160990154;44873162;;0;8061;X;1;
l;105322954;44848586;Dem;0;3453;;2;
l;2484139635146;44614090;GOP;1;0;X;1;
l;2487160375754;44631498;Dem;0;5540;;1;
l;2485482948042;44608970;Ind;0;352;;3;
l;2485214218698;44632522;GOP;0;1850;X;2;
l;2486825453002;44885450;;0;6713;X;1;
l;2484207608266;44634570;Dem;1;829;;1;
l;2486624116170;44698058;;0;2047;X;1;
l;2487227504074;44643786;Dem;0;6392;;1;
l;2486959046090;44609994;Dem;1;3152;X;1;
l;2485482673610;44643786;Dem;0;4908;;1;
l;2487764975050;44881354;;0;3074;X;1;
l;2485550383562;44883402;;0;1932;;1;
l;2487965143498;44860874;Dem;0;1894;;2;
l;2486623550922;44650954;GOP;0;1728;X;2;
l;105554378;44665290;Dem;0;7987;;1;
l;2484275307978;44871114;;0;3021;X;1;
l;2484476636618;44875210;;0;6518;X;1;
l;2484275315146;44883402;;0;1529;;1;
l;2486086630858;44609994;Dem;1;4456;X;1;
l;2484409524682;44870090;;0;6687;X;2;
l;2483201570250;44878282;;0;1260;;2;
l;2483470007754;44882378;;0;1119;;2;
l;105255370;44797386;Dem;0;1558;;2;
l;2486757155274;44836298;Dem;0;2958;;2;
l;2486153377226;44727754;Dem;0;1930;X;1;
l;2484879289802;44876234;;0;708;;2;
l;2485415591370;44649930;Dem;1;1431;;1;
l;2486221466058;44874186;;0;794;;2;
l;2486757190090;44865994;Dem;0;3555;;2;
l;2485885918666;44699082;;0;3910;;2;
l;2485952435658;44644810;GOP;0;1253;X;2;
l;2483401435594;44612042;Dem;0;916;;1;
l;2483604227530;44886474;;0;2098;;2;
l;2484677969354;44886474;;0;4244;;2;
l;2487495942602;44634570;Dem;1;11626;;1;
l;2485281621450;44608970;Ind;0;129;;3;
l;2483335170506;44633546;Ind;0;69;;3;
l;2485817516490;44746186;Dem;0;183;;1;
l;2487563650506;44885450;;0;3950;X;1;
l;105329098;44852682;GOP;0;3252;;1;
l;2485416158666;44871114;;0;2029;X;1;
l;2487295208906;44876234;;0;7478;;2;
l;2487764401610;44650954;GOP;0;3529;X;2;
l;2486019524042;44620234;Dem;0;3816;;1;
l;2484207585738;44631498;Dem;0;635;;1;
l;2487697269194;44634570;Dem;1;6362;;1;
l;2484140476874;44632522;GOP;0;13148;X;2;
l;2485885308362;44641738;GOP;0;9431;X;2;
l;2488234741194;44887498;;0;2931;X;1;
l;2486892561866;44886474;;0;4320;;2;
l;2486623528394;44647882;Dem;1;1321;;1;
l;2486421856714;44665290;Dem;0;1727;;1;
l;2487966294474;44870090;;0;17359;X;2;
l;2483938306506;44612042;Dem;0;116;;1;
l;2485146401226;44722634;Dem;1;2153;X;1;
l;2484677348810;44640714;Dem;0;4222;;1;
l;2485616891338;44645834;Ind;0;135;;3;
l;2486087257546;44887498;;0;3432;X;1;
l;2485550137802;44651978;GOP;1;0;X;1;
l;2485147724234;44873162;;0;2238;X;1;
l;2484744456650;44631498;Dem;0;3280;;1;
l;2488167008714;44633546;Ind;0;80;;3;
l;2486355092938;44647882;Dem;1;4828;;1;
l;2484006281674;44635594;GOP;0;38738;X;2;
l;2485415545290;44631498;Dem;0;1222;;1;
l;2487563028938;44631498;Dem;0;2381;;1;
l;2483133843914;44632522;GOP;0;2902;X;2;
l;2487361699274;44609994;Dem;1;2066;X;1;
l;2487227778506;44608970;Ind;0;236;;3;
l;2484342097354;44621258;Dem;0;4400;;1;
l;2484207605194;44644810;GOP;0;961;X;2;
l;105228746;44778954;Dem;1;5823;;2;
l;2485684604362;44888522;;0;1675;;2;
l;2483335216586;44649930;Dem;1;360;;1;
l;2487763741130;44800458;GOP;1;3219;X;1;
l;2487228100042;44875210;;0;5186;X;1;
l;2484141092298;44876234;;0;6669;;2;
l;2486556397002;44640714;Dem;0;1098;;1;
l;2483200951754;44603850;GOP;0;1301;X;2;
l;2487630161354;44647882;Dem;1;4392;;1;
l;2486422795722;44877258;;0;1654;X;1;
l;2487429432778;44885450;;0;953;X;1;
l;2485080294858;44605898;GOP;1;1038;X;2;
l;2486690613706;44632522;GOP;0;1629;X;2;
l;2483268681162;44882378;;0;1473;;2;
l;2484006874570;44876234;;0;28377;;2;
l;2484812179914;44873162;;0;11053;X;1;
l;2485550376394;44872138;;0;1032;;2;
l;2485013503434;44698058;;0;482;X;1;
l;2488032790986;44633546;Ind;0;636;;3;
l;2484743762378;44735946;Dem;1;2248;X;1;
l;2486824853962;44634570;Dem;1;5205;;1;
l;2485214217674;44603850;GOP;0;1880;X;2;
l;2484341825994;44634570;Dem;1;7704;;1;
l;2483872662986;44885450;;0;2799;X;1;
l;2483670760906;44650954;GOP;0;21492;X;2;
l;2486624124362;44881354;;0;1806;X;1;
l;2485415542218;44628426;GOP;0;1102;;2;
l;2484139694538;44682698;Dem;1;0;X;1;
l;2487160395210;44643786;Dem;0;5948;;1;
l;2485684000202;44644810;GOP;0;1228;X;2;
l;2484341849546;44649930;Dem;1;7985;;1;
l;2486959664586;44875210;;0;3987;X;1;
l;2487093312970;44650954;GOP;0;10860;X;2;
l;2485751710154;44883402;;0;4176;;1;
l;2485953039818;44888522;;0;1082;;2;
l;2487764969930;44874186;;0;896;;2;
l;2485080621514;44883402;;0;515;;1;
l;2484945784266;44641738;GOP;0;919;X;2;
l;2485952439754;44647882;Dem;1;1061;;1;
l;2483671327178;44870090;;0;29643;X;2;
l;2483335794122;44887498;;0;885;X;1;
l;2484542286282;44613066;GOP;1;1620;X;2;
l;2486623798730;44627402;Ind;0;21;;4;
l;2488167627210;44879306;;0;2408;X;1;
l;2486019562954;44637642;GOP;0;7909;X;2;
l;2486489898442;44699082;;0;6649;;2;
l;2484812186058;44884426;;0;8390;X;2;
l;2486489306570;44645834;Ind;0;1142;;3;
l;2485550386634;44888522;;0;1884;;2;
l;2486489661898;44651978;GOP;1;0;X;1;
l;2485751704010;44873162;;0;8344;X;1;
l;2483872041418;44632522;GOP;0;2095;X;2;
l;2483335193034;44635594;GOP;0;1526;X;2;
l;2484006553034;44608970;Ind;0;2244;;3;
l;2486690907594;44621258;Dem;0;909;;1;
l;2485348459978;44647882;Dem;1;782;;1;
l;2483335782858;44868042;;0;290;;1;
l;2483604224458;44880330;;0;1630;;2;
l;2485281946058;44879306;;0;4718;X;1;
l;2483604219338;44871114;;0;5064;X;1;
l;2487831758282;44608970;Ind;0;42;;3;
l;2486355363274;44608970;Ind;0;277;;3;
l;2484341802442;44603850;GOP;0;13377;X;2;
l;2485818198474;44631498;Dem;0;3225;;1;
l;2485617487306;44876234;;0;1340;;2;
l;2486489581002;44608970;Ind;0;343;;3;
l;2484006278602;44644810;GOP;0;41556;X;2;
l;2486087247306;44871114;;0;5428;X;1;
l;2487563640266;44699082;;0;2436;;2;
l;2486556433866;44636618;Dem;0;1044;;1;
l;2486891963850;44648906;GOP;0;7724;X;2;
l;2485751707082;44877258;;0;5428;X;1;
l;2483201565130;44868042;;0;179;;1;
l;2488032789962;44620234;Dem;0;5039;;1;
l;2485482948042;44621258;Dem;0;3177;;1;
l;2484409206218;44627402;Ind;0;40;;4;
l;2485079999946;44620234;Dem;0;331;;1;
l;2485214833098;44873162;;0;2165;X;1;
l;2485281948106;44884426;;0;2816;X;2;
l;2487496294858;44651978;GOP;1;0;X;1;
l;2483134459338;44876234;;0;2514;;2;
l;2484341480906;44664266;GOP;1;0;X;1;
l;2484543741386;44699082;;0;537;;2;
l;105895370;44645834;Ind;0;65182;;3;
l;2487093266890;44633546;Ind;0;744;;3;
l;2483335171530;44640714;Dem;0;264;;1;
l;2483536790986;44608970;Ind;0;250;;3;
l;2487832084938;44884426;;0;1046;X;2;
l;2485012911562;44645834;Ind;0;25;;3;
l;2486220874186;44635594;GOP;0;2092;X;2;
l;2486086630858;44628426;GOP;0;3787;;2;
l;2485349053898;44877258;;0;784;X;1;
l;2485617491402;44881354;;0;1318;X;1;
l;2485617493450;44885450;;0;1710;X;1;
l;2483535671754;44658122;GOP;0;5797;X;2;
l;2487630753226;44875210;;0;5036;X;1;
l;2488032837066;44650954;GOP;0;10863;X;2;
l;2487630175690;44636618;Dem;0;4055;;1;
l;2486556415434;44645834;Ind;0;313;;3;
l;2487428812234;44640714;Dem;0;347;;1;
l;2484610858442;44881354;;0;889;X;1;
l;2485616872906;44641738;GOP;0;1613;X;2;
l;2488233503178;44801482;Ind;0;35;;2;
l;2483200976330;44648906;GOP;0;1397;X;2;
l;106495434;44881354;;0;606931;X;1;
l;2487697859018;44870090;;0;11662;X;2;
l;2484743803338;44771786;GOP;1;0;X;1;
l;2487697866186;44881354;;0;9668;X;1;
l;2485818217930;44643786;Dem;0;4006;;1;
l;2487764974026;44880330;;0;532;;2;
l;2487697867210;44883402;;0;7250;;1;
l;2487362313674;44699082;;0;1139;;2;
l;2485818573258;44651978;GOP;1;0;X;1;
l;2486421336522;44614090;GOP;1;0;X;1;
l;2487630183882;44650954;GOP;0;5455;X;2;
l;2483469388234;44632522;GOP;0;2246;X;2;
l;2487093880266;44872138;;0;5827;;2;
l;2484342097354;44605898;GOP;1;15154;X;2;
l;2487563652554;44888522;;0;3197;;2;
l;2483402902986;44887498;;0;2712;X;1;
l;2484745069002;44870090;;0;7220;X;2;
l;2484811209162;44806602;Dem;1;0;X;1;
l;2484073986506;44879306;;0;1329;X;1;
l;2484543748554;44879306;;0;1438;X;1;
l;2483671332298;44878282;;0;14116;;2;
l;2483402298826;44644810;GOP;0;2868;X;2;
l;2484476634570;44872138;;0;2892;;2;
l;2483201564106;44698058;;0;1330;X;1;
l;2484610285002;44650954;GOP;0;954;X;2;
l;105273802;44810698;GOP;1;0;X;1;
l;2486825125322;44621258;Dem;0;3467;;1;
l;2486489902538;44875210;;0;9150;X;1;
l;105875914;44633546;Ind;0;35626;;3;
l;2484073405898;44636618;Dem;0;1020;;1;
l;2488167009738;44641738;GOP;0;2198;X;2;
l;2486220889546;44637642;GOP;0;2444;X;2;
l;2483535798730;44731850;Dem;1;0;X;1;
l;2487025314250;44613066;GOP;1;3421;X;2;
l;2487228097994;44872138;;0;2492;;2;
l;2485751701962;44868042;;0;4425;;1;
l;2487898573258;44633546;Ind;0;6382;;3;
l;2484006259146;44632522;GOP;0;45999;X;2;
l;2484543423946;44608970;Ind;0;31;;3;
l;2487630157258;44643786;Dem;0;4488;;1;
l;2484409531850;44881354;;0;4922;X;1;
l;2484409206218;44605898;GOP;1;6072;X;2;
l;2486825448906;44877258;;0;3867;X;1;
l;2486825206218;44651978;GOP;1;0;X;1;
l;2487026779594;44885450;;0;3395;X;1;
l;2487898867146;44605898;GOP;1;116814;X;2;
l;2483671326154;44698058;;0;23607;X;1;
l;2486087255498;44885450;;0;5457;X;1;
l;2485080038858;44636618;Dem;0;235;;1;
l;2487293911498;44746186;Dem;0;326;;1;
l;2483335783882;44871114;;0;1491;X;1;
l;2487026781642;44887498;;0;2150;X;1;
l;2487630758346;44884426;;0;6021;X;2;
l;2486757181898;44858826;Ind;0;1638;;2;
l;105118154;44691914;Dem;0;1336;;1;
l;2487764354506;44620234;Dem;0;889;;1;
l;2484409529802;44878282;;0;3989;;2;
l;2484342422986;44881354;;0;11845;X;1;
l;2486355684810;44876234;;0;5213;;2;
l;2486422224330;44650954;GOP;0;1822;X;2;
l;2483670715850;44640714;Dem;0;7589;;1;
l;2484610262474;44647882;Dem;1;400;;1;
l;2483470005706;44878282;;0;1610;;2;
l;2485549800906;44637642;GOP;0;3713;X;2;
l;2485884463562;44613066;GOP;1;9948;X;2;
l;2485281949130;44885450;;0;4471;X;1;
l;2487563641290;44870090;;0;5294;X;2;
l;2484945802698;44644810;GOP;0;712;X;2;
l;2487160990154;44874186;;0;3887;;2;
l;2483536871882;44651978;GOP;1;0;X;1;
l;2488032074186;44718538;GOP;1;0;X;1;
l;2486354342346;44710346;Dem;1;0;X;1;
l;2483872335306;44627402;Ind;0;43;;4;
l;2484476644810;44887498;;0;5024;X;1;
l;105226698;44775882;Dem;0;5575;X;2;
l;2483537120714;44887498;;0;4890;X;1;
l;2483737823690;44632522;GOP;0;8269;X;2;
l;2485885925834;44880330;;0;2619;;2;
l;2483268675018;44872138;;0;1032;;2;
l;2486221467082;44876234;;0;1135;;2;
l;2483939196362;44650954;GOP;0;786;X;2;
l;2484208197066;44698058;;0;1223;X;1;
l;2483536496074;44603850;GOP;0;6111;X;2;
l;2483537117642;44883402;;0;3762;;1;
l;2484140496330;44645834;Ind;0;1543;;3;
l;2485013507530;44875210;;0;401;X;1;
l;2484408913354;44641738;GOP;0;5483;X;2;
l;2485550377418;44873162;;0;3348;X;1;
l;2487428490698;44686794;GOP;1;0;X;1;
l;2487227485642;44640714;Dem;0;3690;;1;
l;2487897973194;44812746;Dem;0;3070;;2;
l;2484946395594;44870090;;0;1340;X;2;
l;105873866;44615114;Dem;0;68947;;1;
l;105875914;44632522;GOP;0;657918;X;2;
l;106169802;44608970;Ind;0;25047;;3;
l;2486758343114;44884426;;0;114341;X;2;
l;2485281947082;44882378;;0;1737;;2;
l;2483737182666;44783050;GOP;1;0;X;1;
l;2486690636234;44634570;Dem;1;1526;;1;
l;2487227778506;44605898;GOP;1;6705;X;2;
l;2483268672970;44698058;;0;2449;X;1;
l;2485885601226;44608970;Ind;0;276;;3;
l;2486288582090;44886474;;0;970;;2;
l;2483268680138;44880330;;0;804;;2;
l;2487495943626;44647882;Dem;1;8383;;1;
l;2486959672778;44887498;;0;3316;X;1;
l;2485952435658;44643786;Dem;0;1183;;1;
l;2486825444810;44872138;;0;3194;;2;
l;2485147731402;44886474;;0;893;;2;
l;2487361701322;44603850;GOP;0;1901;X;2;
l;2487160996298;44884426;;0;7717;X;2;
l;2485684274634;44608970;Ind;0;82;;3;
l;2487696456138;44677578;GOP;1;0;X;1;
l;2485953031626;44875210;;0;1221;X;1;
l;2484341804490;44640714;Dem;0;6039;;1;
l;2483939173834;44647882;Dem;1;192;;1;
l;2487898611146;44637642;GOP;0;110855;X;2;
l;2484476636618;44876234;;0;4282;;2;
l;2486555552202;44613066;GOP;1;3222;X;2;
l;2485885306314;44620234;Dem;0;4099;;1;
l;2483670737354;44634570;Dem;1;12218;;1;
l;2487966301642;44881354;;0;12657;X;1;
l;2484208207306;44886474;;0;437;;2;
l;2484342417866;44873162;;0;13938;X;1;
l;2487697857994;44699082;;0;3819;;2;
l;2486287321546;44785098;Dem;1;1829;;2;
l;2486019818954;44608970;Ind;0;245;;3;
l;2486959068618;44645834;Ind;0;609;;3;
l;2484677962186;44874186;;0;4534;;2;
l;2487092449738;44662218;GOP;0;2195;X;2;
l;2486355693002;44888522;;0;6246;;2;
l;2483671338442;44887498;;0;17290;X;1;
l;2485818811850;44872138;;0;2858;;2;
l;2484677347786;44633546;Ind;0;521;;3;
l;106493386;44878282;;0;477799;;2;
l;2486355068362;44603850;GOP;0;6992;X;2;
l;2484810940874;44794314;Dem;0;274;;2;
l;2485684596170;44875210;;0;1424;X;1;
l;2487897725386;44624330;Ind;0;37391;;2;
l;2487697246666;44631498;Dem;0;4566;;1;
l;2486757163466;44844490;Dem;1;4173;X;2;
l;2487966302666;44883402;;0;6867;;1;
l;105210314;44762570;GOP;0;5911;X;1;
l;2487228102090;44877258;;0;4476;X;1;
l;2484341841354;44637642;GOP;0;14334;X;2;
l;2483804201418;44707274;Dem;1;5555;X;1;
l;2485483266506;44868042;;0;2437;;1;
l;2484208204234;44880330;;0;341;;2;
l;2484878697930;44648906;GOP;0;1236;X;2;
l;2488234731978;44874186;;0;1490;;2;
l;2487160010186;44727754;Dem;0;2886;X;1;
l;2484677967306;44881354;;0;10221;X;1;
l;2485617490378;44880330;;0;695;;2;
l;2486556395978;44631498;Dem;0;925;;1;
l;2486355681738;44868042;;0;1958;;1;
l;2486086656458;44635594;GOP;0;4783;X;2;
l;2488100193738;44621258;Dem;0;684;;1;
l;2486758340042;44877258;;0;100491;X;1;
l;2488100523466;44888522;;0;1616;;2;
l;2486355088842;44643786;Dem;0;5196;;1;
l;2487764968906;44872138;;0;551;;2;
l;2484408912330;44631498;Dem;0;1955;;1;
l;2486019526090;44641738;GOP;0;7843;X;2;
l;2487361996234;44621258;Dem;0;1047;;1;
l;2483939444170;44608970;Ind;0;24;;3;
l;2485214264778;44650954;GOP;0;1604;X;2;
l;2486959048138;44603850;GOP;0;3983;X;2;
l;2487092599242;44759498;GOP;0;632;X;1;
l;2487294612938;44644810;GOP;0;10055;X;2;
l;2485348730314;44627402;Ind;0;16;;4;
l;2487226796490;44741066;GOP;1;0;X;1;
l;2483402280394;44640714;Dem;0;1729;;1;
l;105122250;44694986;Dem;1;7546;X;1;
l;2484275312074;44878282;;0;2225;;2;
l;2487495957962;44637642;GOP;0;20294;X;2;
l;2485079157194;44613066;GOP;1;1102;X;2;
l;2484944994762;44678602;Dem;1;0;X;1;
l;2485080614346;44872138;;0;276;;2;
l;2485818197450;44603850;GOP;0;6973;X;2;
l;2485482676682;44634570;Dem;1;5588;;1;
l;2483805307338;44651978;GOP;1;0;X;1;
l;2484342424010;44884426;;0;13161;X;2;
l;2487295204810;44699082;;0;6364;;2;
l;2484677965258;44877258;;0;7689;X;1;
l;2485147729354;44882378;;0;1448;;2;
l;2485951777226;44784074;GOP;0;1084;X;1;
l;2485214512586;44627402;Ind;0;29;;4;
l;2486959670730;44885450;;0;4943;X;1;
l;2487227522506;44636618;Dem;0;3734;;1;
l;2484342427082;44887498;;0;9051;X;1;
l;2484879297994;44887498;;0;909;X;1;
l;2486758335946;44872138;;0;45549;;2;
l;2486086633930;44633546;Ind;0;239;;3;
l;2484878673354;44620234;Dem;0;613;;1;
l;2483805553098;44883402;;0;3624;;1;
l;2487093885386;44880330;;0;5396;;2;
l;2487362322890;44884426;;0;2073;X;2;
l;2487026769354;44698058;;0;3031;X;1;
l;2485616895434;44647882;Dem;1;1076;;1;
l;2485751109066;44643786;Dem;0;5961;;1;
l;2483872079306;44636618;Dem;0;1635;;1;
l;2485416157642;44870090;;0;2053;X;2;
l;2486624124362;44882378;;0;1245;;2;
l;2485751089610;44633546;Ind;0;226;;3;
l;2486959072714;44648906;GOP;0;4012;X;2;
l;2486488574410;44720586;Dem;1;0;X;1;
l;2484811588042;44634570;Dem;1;6583;;1;
l;2484812184010;44879306;;0;12048;X;1;
l;2487160669642;44605898;GOP;1;8059;X;2;
l;2484005609930;44775882;Dem;0;5575;X;2;
l;2485147129290;44643786;Dem;0;1804;;1;
l;2485750381002;44722634;Dem;1;719;X;1;
l;2487092599242;44760522;Dem;0;221;;2;
l;2484275315146;44884426;;0;2598;X;2;
l;2484006880714;44886474;;0;24259;;2;
l;2483603629514;44647882;Dem;1;3461;;1;
l;2484744502730;44649930;Dem;1;4429;;1;
l;2487563642314;44871114;;0;4033;X;1;
l;105152970;44712394;Dem;1;0;X;1;
l;2483872656842;44875210;;0;2122;X;1;
l;2486757173706;44851658;Dem;0;2184;;2;
l;2485683276234;44726730;GOP;0;1135;;2;
l;2487496539594;44881354;;0;16729;X;1;
l;2486891940298;44631498;Dem;0;5484;;1;
l;2486891588042;44820938;Dem;1;0;X;1;
l;2484476315082;44621258;Dem;0;2593;;1;
l;2487361996234;44608970;Ind;0;137;;3;
l;2483134137802;44608970;Ind;0;129;;3;
l;2488033410506;44881354;;0;9998;X;1;
l;2485684598218;44877258;;0;1072;X;1;
l;2483939762634;44870090;;0;859;X;2;
l;2487093304778;44637642;GOP;0;12889;X;2;
l;2485616083402;44678602;Dem;1;0;X;1;
l;2483603643850;44636618;Dem;0;2943;;1;
l;2484610860490;44885450;;0;1111;X;1;
l;2486154356170;44871114;;0;4084;X;1;
l;2483335784906;44874186;;0;441;;2;
l;105877962;44653002;Dem;1;0;X;1;
l;2486690636234;44635594;GOP;0;1460;X;2;
l;2486288571850;44698058;;0;2629;X;1;
l;2484879291850;44878282;;0;982;;2;
l;2483134465482;44886474;;0;1730;;2;
l;2488032813514;44635594;GOP;0;10874;X;2;
l;2484677641674;44608970;Ind;0;390;;3;
l;2483738443210;44882378;;0;4432;;2;
l;2483401958858;44686794;GOP;1;0;X;1;
l;2488167046602;44637642;GOP;0;2266;X;2;
l;2485349060042;44888522;;0;785;;2;
l;2486220897738;44649930;Dem;1;942;;1;
l;2488167028170;44645834;Ind;0;164;;3;
l;2485013505482;44872138;;0;186;;2;
l;2485414719946;44657098;Dem;1;1250;;1;
l;2483604229578;44887498;;0;3537;X;1;
l;2487966296522;44873162;;0;15076;X;1;
l;2485549761994;44603850;GOP;0;3504;X;2;
l;2484476638666;44878282;;0;5658;;2;
l;2484945806794;44647882;Dem;1;699;;1;
l;2487966299594;44878282;;0;10022;;2;
l;2484275316170;44886474;;0;1226;;2;
l;2483536534986;44637642;GOP;0;6127;X;2;
l;2487763741130;44801482;Ind;0;1092;;2;
l;2484274714058;44643786;Dem;0;2110;;1;
l;2487429425610;44874186;;0;474;;2;
l;2486020144586;44881354;;0;7004;X;1;
l;105142730;44705226;GOP;0;4178;;2;
l;2486691226058;44870090;;0;2558;X;2;
l;2483805554122;44886474;;0;3756;;2;
l;2485348436426;44633546;Ind;0;58;;3;
l;2486892561866;44885450;;0;9666;X;1;
l;2484207608266;44635594;GOP;0;976;X;2;
l;2487897969098;44808650;Dem;0;3502;;2;
l;2483738435018;44699082;;0;3713;;2;
l;2485684000202;44645834;Ind;0;254;;3;
l;2486489333194;44649930;Dem;1;9372;;1;
l;2486959049162;44631498;Dem;0;2763;;1;
l;2483536498122;44641738;GOP;0;6151;X;2;
l;2486221145546;44608970;Ind;0;55;;3;
l;2484543745482;44875210;;0;1004;X;1;
l;2487093286346;44644810;GOP;0;10901;X;2;
l;2485013509578;44877258;;0;354;X;1;
l;2484476633546;44868042;;0;2043;;1;
l;2487362319818;44878282;;0;1880;;2;
l;2487832083914;44881354;;0;1268;X;1;
l;2486758160842;44679626;GOP;1;0;X;1;
l;2485147109834;44631498;Dem;0;1827;;1;
l;2485616909770;44637642;GOP;0;1620;X;2;
l;2486087248330;44873162;;0;5284;X;1;
l;2486086653386;44643786;Dem;0;3434;;1;
l;2484409525706;44872138;;0;1807;;2;
l;2486757157322;44867018;Ind;0;1346;;3;
l;2485953027530;44699082;;0;750;;2;
l;2483268060618;44620234;Dem;0;1500;;1;
l;2483604227530;44885450;;0;4897;X;1;
l;2487428833738;44634570;Dem;1;447;;1;
l;2485281621450;44605898;GOP;1;4598;X;2;
l;2486892558794;44879306;;0;10339;X;1;
l;2485751713226;44888522;;0;6685;;2;
l;2486624120266;44875210;;0;1642;X;1;
l;2484878720458;44650954;GOP;0;1113;X;2;
l;2488234118602;44640714;Dem;0;1140;;1;
l;105208266;44759498;GOP;0;7867;X;1;
l;2487228100042;44876234;;0;4056;;2;
l;2487697292746;44650954;GOP;0;8010;X;2;
l;2486220850634;44620234;Dem;0;791;;1;
l;105296330;44827082;GOP;0;4715;;1;
l;2486085933514;44730826;Dem;1;0;X;1;
l;2483469410762;44635594;GOP;0;1797;X;2;
l;2484879295946;44886474;;0;455;;2;
l;2486959661514;44868042;;0;1983;;1;
l;2486355092938;44648906;GOP;0;6752;X;2;
l;105177546;44731850;Dem;1;0;X;1;
l;2488033403338;44868042;;0;2684;;1;
l;2483938306506;44613066;GOP;1;869;X;2;
l;2485146401226;44723658;GOP;0;1016;;2;
l;2486018871754;44771786;GOP;1;0;X;1;
l;2487294591434;44625354;Ind;0;265;;3;
l;2484811940298;44651978;GOP;1;0;X;1;
l;2486019571146;44650954;GOP;0;6375;X;2;
l;2486489906634;44882378;;0;6217;;2;
l;105118154;44692938;GOP;0;1736;X;2;
l;2487697269194;44635594;GOP;0;8118;X;2;
l;2483334326730;44612042;Dem;0;153;;1;
l;2484408912330;44633546;Ind;0;227;;3;
l;2488167630282;44886474;;0;796;;2;
l;2484274694602;44633546;Ind;0;128;;3;
l;2484073390538;44635594;GOP;0;805;X;2;
l;105159114;44718538;GOP;1;0;X;1;
l;105249226;44792266;GOP;1;0;X;1;
l;105337290;44859850;GOP;1;9452;X;1;
l;2485147721162;44699082;;0;1131;;2;
l;2487092597194;44758474;Dem;1;4890;X;2;
l;2483604224458;44879306;;0;5238;X;1;
l;2488033412554;44886474;;0;3995;;2;
l;105316810;44843466;GOP;0;1826;;1;
l;2485147724234;44874186;;0;1003;;2;
l;2483402325450;44649930;Dem;1;2356;;1;
l;105873866;44625354;Ind;0;3454;;3;
l;2484073983434;44876234;;0;659;;2;
l;2486086657482;44648906;GOP;0;4697;X;2;
l;2483604229578;44888522;;0;3370;;2;
l;2483804221898;44721610;GOP;1;0;X;1;
l;2484879292874;44879306;;0;1384;X;1;
l;2485147730378;44883402;;0;1231;;1;
l;2487697270218;44647882;Dem;1;4904;;1;
l;2486288577994;44878282;;0;1704;;2;
l;2484878675402;44640714;Dem;0;473;;1;
l;2487898592714;44643786;Dem;0;57329;;1;
l;2484073980362;44868042;;0;393;;1;
l;2483134463434;44881354;;0;2677;X;1;
l;2484879288778;44873162;;0;1225;X;1;
l;2486422216138;44636618;Dem;0;1570;;1;
l;2486757723594;44640714;Dem;0;66431;;1;
l;2487630755274;44877258;;0;4143;X;1;
l;2488032790986;44632522;GOP;0;12065;X;2;
l;2485013513674;44886474;;0;189;;2;
l;2487227507146;44635594;GOP;0;4976;X;2;
l;2487495920074;44633546;Ind;0;970;;3;
l;105514442;44788170;GOP;1;0;X;1;
l;2485751383498;44627402;Ind;0;107;;4;
l;2486355693002;44887498;;0;5043;X;1;
l;2487428830666;44644810;GOP;0;714;X;2;
l;2483201568202;44875210;;0;1119;X;1;
l;2484006880714;44885450;;0;46032;X;1;
l;2487496541642;44886474;;0;6452;;2;
l;2488167007690;44620234;Dem;0;1043;;1;
l;2485483267530;44872138;;0;3326;;2;
l;2485818819018;44883402;;0;3744;;1;
l;2485214218698;44631498;Dem;0;1558;;1;
l;2484945784266;44640714;Dem;0;613;;1;
l;2484274717130;44634570;Dem;1;2035;;1;
l;2485952439754;44648906;GOP;0;1522;X;2;
l;2486087251402;44878282;;0;4035;;2;
l;2484542286282;44612042;Dem;0;226;;1;
l;2485214839242;44884426;;0;2208;X;2;
l;2483872087498;44649930;Dem;1;1930;;1;
l;2486288335306;44651978;GOP;1;0;X;1;
l;105114058;44689866;Dem;0;6932;;1;
l;2485885930954;44888522;;0;6433;;2;
l;2484073368010;44632522;GOP;0;985;X;2;
l;2483335193034;44634570;Dem;1;332;;1;
l;2484073661898;44608970;Ind;0;32;;3;
l;2483604218314;44870090;;0;6123;X;2;
l;2487228104138;44881354;;0;5676;X;1;
l;2488234736074;44879306;;0;4525;X;1;
l;2487965701578;44644810;GOP;0;12892;X;2;
l;2485549782474;44643786;Dem;0;1393;;1;
l;2483671328202;44871114;;0;28213;X;1;
l;2486623524298;44644810;GOP;0;1659;X;2;
l;2483200951754;44620234;Dem;0;737;;1;
l;2485885921738;44874186;;0;3532;;2;
l;2485550378442;44876234;;0;1762;;2;
l;2488233273802;44613066;GOP;1;4875;X;2;
l;2485415568842;44647882;Dem;1;1248;;1;
l;2486690651594;44637642;GOP;0;1782;X;2;
l;2487026181578;44647882;Dem;1;1971;;1;
l;2485818815946;44877258;;0;4602;X;1;
l;2483268673994;44870090;;0;2829;X;2;
l;2483671338442;44888522;;0;16038;;2;
l;2487563467210;44679626;GOP;1;0;X;1;
l;2487563322826;44605898;GOP;1;4213;X;2;
l;105300426;44830154;GOP;1;0;X;1;
l;2485349050826;44874186;;0;506;;2;
l;2487563403722;44651978;GOP;1;0;X;1;
l;2487563644362;44876234;;0;2666;;2;
l;2484543741386;44698058;;0;1241;X;1;
l;2487093266890;44632522;GOP;0;12661;X;2;
l;2485483275722;44885450;;0;9177;X;1;
l;2485080023498;44634570;Dem;1;416;;1;
l;105921994;44650954;GOP;0;556662;X;2;
l;2487160374730;44603850;GOP;0;6807;X;2;
l;2488100513226;44872138;;0;897;;2;
l;2483200972234;44645834;Ind;0;133;;3;
l;2485348474314;44636618;Dem;0;718;;1;
l;2483268355530;44608970;Ind;0;112;;3;
l;2484812189130;44888522;;0;7386;;2;
l;2487495072202;44607946;GOP;1;4932;X;1;
l;2485616871882;44631498;Dem;0;977;;1;
l;2488033406410;44876234;;0;5796;;2;
l;2487965728202;44650954;GOP;0;12924;X;2;
l;2483200990666;44636618;Dem;0;495;;1;
l;2486555728330;44760522;Dem;0;443;;2;
l;2484005614026;44781002;Ind;0;2259;;2;
l;2483536498122;44640714;Dem;0;4032;;1;
l;2486288573898;44871114;;0;3060;X;1;
l;2485616872906;44640714;Dem;0;1008;;1;
l;105899466;44647882;Dem;1;364173;;1;
l;2484744135114;44665290;Dem;0;973;;1;
l;2487764967882;44868042;;0;861;;1;
l;2486019547594;44635594;GOP;0;6578;X;2;
l;2487293907402;44742090;GOP;1;0;X;1;
l;2485416162762;44877258;;0;1242;X;1;
l;2485684600266;44881354;;0;1524;X;1;
l;2485080294858;44621258;Dem;0;136;;1;
l;2486154117578;44651978;GOP;1;0;X;1;
l;2486758207946;44846538;GOP;1;0;X;1;
l;2487831502282;44636618;Dem;0;763;;1;
l;2483133889994;44649930;Dem;1;2763;;1;
l;2483200952778;44631498;Dem;0;484;;1;
l;2484476644810;44888522;;0;5874;;2;
l;2484207879626;44608970;Ind;0;40;;3;
l;2485885601226;44605898;GOP;1;9839;X;2;
l;2486690613706;44631498;Dem;0;1287;;1;
l;2483536516554;44643786;Dem;0;5104;;1;
l;2484342416842;44871114;;0;14652;X;1;
l;2487697865162;44880330;;0;2487;;2;
l;2487764976074;44883402;;0;2250;;1;
l;2487362313674;44698058;;0;2021;X;1;
l;2484543176138;44650954;GOP;0;1109;X;2;
l;2487093312970;44649930;Dem;1;8693;;1;
l;2483872040394;44603850;GOP;0;2227;X;2;
l;2486557011402;44875210;;0;2130;X;1;
l;2487630157258;44645834;Ind;0;867;;3;
l;2483268081098;44645834;Ind;0;301;;3;
l;2484810922442;44782026;GOP;1;0;X;1;
l;2485147129290;44644810;GOP;0;1354;X;2;
l;105253322;44795338;GOP;1;0;X;1;
l;2485281365450;44636618;Dem;0;1560;;1;
l;2487092423114;44613066;GOP;1;14004;X;2;
l;2486624117194;44870090;;0;2678;X;2;
l;2483335189962;44645834;Ind;0;135;;3;
l;2486892234186;44621258;Dem;0;4638;;1;
l;2487630751178;44871114;;0;6759;X;1;
l;105071050;44668362;Dem;1;10505;X;1;
l;2487496213962;44627402;Ind;0;203;;4;
l;2483671326154;44699082;;0;9977;;2;
l;2485818820042;44886474;;0;3154;;2;
l;2483134467530;44888522;;0;2884;;2;
l;2485481837002;44662218;GOP;0;976;X;2;
l;2487293911498;44747210;GOP;0;974;X;2;
l;2484073986506;44880330;;0;461;;2;
l;2486959662538;44871114;;0;5068;X;1;
l;2485012571594;44686794;GOP;1;0;X;1;
l;2486019544522;44645834;Ind;0;650;;3;
l;2487898572234;44603850;GOP;0;105051;X;2;
l;2486690610634;44628426;GOP;0;1270;;2;
l;2487831483850;44645834;Ind;0;147;;3;
l;2484744456650;44632522;GOP;0;5278;X;2;
l;2484140770762;44608970;Ind;0;578;;3;
l;2486891939274;44620234;Dem;0;6473;;1;
l;2486892557770;44877258;;0;6136;X;1;
l;2487228104138;44882378;;0;3490;;2;
l;2483134137802;44621258;Dem;0;1705;;1;
l;2484140514762;44637642;GOP;0;13445;X;2;
l;2483603606986;44640714;Dem;0;3203;;1;
l;2484408289738;44795338;GOP;1;0;X;1;
l;2483201566154;44872138;;0;609;;2;
l;2484408935882;44647882;Dem;1;2427;;1;
l;2483201570250;44877258;;0;664;X;1;
l;2487965682122;44633546;Ind;0;724;;3;
l;2483670714826;44632522;GOP;0;26273;X;2;
l;2487630431690;44621258;Dem;0;3112;;1;
l;2485884463562;44612042;Dem;0;2793;;1;
l;105034186;44614090;GOP;1;0;X;1;
l;2483738438090;44873162;;0;8905;X;1;
l;2484342422986;44882378;;0;7397;;2;
l;2483335545290;44651978;GOP;1;0;X;1;
l;2486690291146;44664266;GOP;1;0;X;1;
l;2486288575946;44876234;;0;1421;;2;
l;2488234728906;44698058;;0;4092;X;1;
l;2486355115466;44650954;GOP;0;5986;X;2;
l;2483939444170;44627402;Ind;0;7;;4;
l;2487026157002;44620234;Dem;0;1813;;1;
l;2486623798730;44621258;Dem;0;831;;1;
l;2486087255498;44886474;;0;2231;;2;
l;2487496532426;44870090;;0;22837;X;2;
l;2485616891338;44644810;GOP;0;1213;X;2;
l;2483402892746;44871114;;0;3948;X;1;
l;2485617492426;44883402;;0;984;;1;
l;2485214834122;44875210;;0;1356;X;1;
l;2483872087498;44650954;GOP;0;2043;X;2;
l;2483469387210;44603850;GOP;0;2061;X;2;
l;2483537117642;44884426;;0;5874;X;2;
l;2485080616394;44875210;;0;665;X;1;
l;2484476059082;44636618;Dem;0;3567;;1;
l;2487563649482;44884426;;0;4086;X;2;
l;2484878712266;44636618;Dem;0;447;;1;
l;2487763511754;44613066;GOP;1;3840;X;2;
l;2487897973194;44811722;GOP;0;6419;X;1;
l;2485147722186;44870090;;0;2720;X;2;
l;2483470007754;44881354;;0;1849;X;1;
l;2484945802698;44643786;Dem;0;745;;1;
l;106169802;44605898;GOP;1;716347;X;2;
l;2485214838218;44882378;;0;1400;;2;
l;2484141088202;44698058;;0;14070;X;1;
l;2485013510602;44880330;;0;170;;2;
l;2484207605194;44645834;Ind;0;137;;3;
l;2486623527370;44634570;Dem;1;1397;;1;
l;2487898867146;44627402;Ind;0;1200;;4;
l;2483268672970;44699082;;0;1107;;2;
l;2486288582090;44885450;;0;2824;X;1;
l;105341386;44862922;GOP;0;0;X;1;
l;2483335194058;44647882;Dem;1;328;;1;
l;2485885326794;44645834;Ind;0;797;;3;
l;2487295206858;44872138;;0;4390;;2;
l;2486087252426;44879306;;0;5655;X;1;
l;2486691234250;44884426;;0;1883;X;2;
l;2487563027914;44603850;GOP;0;3636;X;2;
l;2487093887434;44884426;;0;12465;X;2;
l;2486020143562;44879306;;0;8611;X;1;
l;2484274695626;44640714;Dem;0;1699;;1;
l;2483737847242;44647882;Dem;1;4311;;1;
l;2487965720010;44637642;GOP;0;15122;X;2;
l;2486555552202;44612042;Dem;0;717;;1;
l;2485885345226;44637642;GOP;0;9187;X;2;
l;2484342417866;44874186;;0;5822;;2;
l;2484610857418;44879306;;0;1213;X;1;
l;2485214512586;44608970;Ind;0;86;;3;
l;2484275069386;44651978;GOP;1;0;X;1;
l;2486757157322;44837322;GOP;1;7449;X;1;
l;2484005575114;44744138;GOP;0;1072;X;2;
l;2487764966858;44699082;;0;723;;2;
l;2485952710090;44608970;Ind;0;69;;3;
l;2485416160714;44876234;;0;1257;;2;
l;2485281621450;44621258;Dem;0;1136;;1;
l;2487092449738;44661194;Dem;0;1040;;1;
l;2486154362314;44882378;;0;2385;;2;
l;2484073364938;44609994;Dem;1;1176;X;1;
l;2485012891082;44603850;GOP;0;420;X;2;
l;2483670737354;44635594;GOP;0;22216;X;2;
l;2486221465034;44871114;;0;2305;X;1;
l;2484342425034;44885450;;0;14556;X;1;
l;2485616870858;44620234;Dem;0;1250;;1;
l;2487964959178;44712394;Dem;1;0;X;1;
l;2485214217674;44620234;Dem;0;1642;;1;
l;2483939770826;44884426;;0;502;X;2;
l;2483201571274;44880330;;0;402;;2;
l;2487295210954;44877258;;0;8552;X;1;
l;2487362322890;44883402;;0;1049;;1;
l;2487495921098;44641738;GOP;0;20093;X;2;
l;2486288584138;44888522;;0;1850;;2;
l;2485281939914;44870090;;0;4799;X;2;
l;2488167031242;44635594;GOP;0;1885;X;2;
l;105510346;44727754;Dem;0;4816;X;1;
l;2487294591434;44626378;Ind;0;289;;4;
l;2488167623114;44874186;;0;891;;2;
l;2484745076170;44881354;;0;5080;X;1;
l;2486757722570;44633546;Ind;0;6838;;3;
l;2485348458954;44635594;GOP;0;900;X;2;
l;2488167302602;44621258;Dem;0;522;;1;
l;2486891959754;44643786;Dem;0;6291;;1;
l;2486557010378;44874186;;0;1162;;2;
l;2488033414602;44888522;;0;7512;;2;
l;2486690633162;44643786;Dem;0;1560;;1;
l;2487496533450;44871114;;0;21430;X;1;
l;2484744480202;44647882;Dem;1;3664;;1;
l;2488167009738;44640714;Dem;0;853;;1;
l;2485214264778;44649930;Dem;1;1873;;1;
l;2488234116554;44620234;Dem;0;1522;;1;
l;2487160996298;44883402;;0;4097;;1;
l;2484676692426;44770762;GOP;1;0;X;1;
l;2483402280394;44641738;GOP;0;3630;X;2;
l;2483939767754;44878282;;0;397;;2;
l;2484141095370;44880330;;0;3928;;2;
l;2487495957962;44636618;Dem;0;7527;;1;
l;2485079157194;44612042;Dem;0;108;;1;
l;2486086634954;44641738;GOP;0;4907;X;2;
l;2487830622666;44614090;GOP;1;0;X;1;
l;2483603980746;44651978;GOP;1;0;X;1;
l;2486959670730;44886474;;0;1943;;2;
l;2486690907594;44605898;GOP;1;1973;X;2;
l;2486892551626;44698058;;0;8677;X;1;
l;2485951777226;44785098;Dem;1;1559;;2;
l;2486556689866;44627402;Ind;0;40;;4;
l;2486556689866;44605898;GOP;1;3124;X;2;
l;2484543167946;44637642;GOP;0;1419;X;2;
l;105271754;44808650;Dem;0;3502;;2;
l;2483536494026;44628426;GOP;0;4190;;2;
l;2486758346186;44887498;;0;96433;X;1;
l;2487026451914;44627402;Ind;0;54;;4;
l;2483939444170;44605898;GOP;1;839;X;2;
l;2486691227082;44872138;;0;1030;;2;
l;2484677346762;44620234;Dem;0;5318;;1;
l;2484811588042;44635594;GOP;0;8978;X;2;
l;2483537118666;44886474;;0;2545;;2;
l;2484811564490;44620234;Dem;0;5740;;1;
l;2483872661962;44883402;;0;1577;;1;
l;2484812182986;44878282;;0;7088;;2;
l;2485013511626;44881354;;0;447;X;1;
l;2485482677706;44648906;GOP;0;8836;X;2;
l;106490314;44873162;;0;695511;X;1;
l;2485416168906;44888522;;0;1438;;2;
l;2487228099018;44874186;;0;3043;;2;
l;2487160399306;44648906;GOP;0;6858;X;2;
l;2486019525066;44631498;Dem;0;2934;;1;
l;2486557015498;44882378;;0;1468;;2;
l;2485952416202;44631498;Dem;0;1023;;1;
l;2487897893322;44750282;GOP;1;937;X;2;
l;2484677370314;44635594;GOP;0;10540;X;2;
l;2486959660490;44698058;;0;4489;X;1;
l;2485885326794;44644810;GOP;0;8271;X;2;
l;2484140120522;44806602;Dem;1;0;X;1;
l;2487361699274;44628426;GOP;0;1303;;2;
l;2485080020426;44645834;Ind;0;65;;3;
l;2486154362314;44881354;;0;3346;X;1;
l;2485349048778;44870090;;0;1329;X;2;
l;2486757742026;44643786;Dem;0;68779;;1;
l;2485012938186;44650954;GOP;0;372;X;2;
l;2484677960138;44870090;;0;14258;X;2;
l;2483805226442;44621258;Dem;0;3971;;1;
l;2483201568202;44876234;;0;824;;2;
l;2483872661962;44884426;;0;2128;X;2;
l;2487965976010;44627402;Ind;0;121;;4;
l;2486691233226;44881354;;0;1501;X;1;
l;2485483271626;44877258;;0;6560;X;1;
l;2484006871498;44868042;;0;13640;;1;
l;2487093304778;44636618;Dem;0;6719;;1;
l;105245130;44790218;Dem;0;5272;;2;
l;2483670738378;44647882;Dem;1;8222;;1;
l;2485684601290;44883402;;0;955;;1;
l;2483537111498;44874186;;0;2971;;2;
l;105224650;44773834;Dem;0;2393;;2;
l;2485482655178;44640714;Dem;0;4143;;1;
l;2486489898442;44698058;;0;10387;X;1;
l;2487764976074;44884426;;0;2046;X;2;
l;2484543423946;44621258;Dem;0;279;;1;
l;2488099922378;44635594;GOP;0;2043;X;2;
l;2484744750538;44608970;Ind;0;265;;3;
l;105193930;44746186;Dem;0;3424;;1;
l;2487362320842;44879306;;0;2319;X;1;
l;2484610851274;44870090;;0;1364;X;2;
l;2483268058570;44609994;Dem;1;2052;X;1;
l;2488234137034;44645834;Ind;0;296;;3;
l;2484879287754;44871114;;0;1270;X;1;
l;2485751702986;44872138;;0;3387;;2;
l;2485414719946;44658122;GOP;0;1645;X;2;
l;2486892557770;44878282;;0;7440;;2;
l;2487832079818;44876234;;0;776;;2;
l;2484610237898;44620234;Dem;0;415;;1;
l;2486757745098;44635594;GOP;0;96717;X;2;
l;2486556394954;44620234;Dem;0;1200;;1;
l;2484745077194;44884426;;0;4887;X;2;
l;2484006282698;44648906;GOP;0;45876;X;2;
l;2487897971146;44810698;GOP;1;0;X;1;
l;2487496213962;44605898;GOP;1;21234;X;2;
l;2483134137802;44605898;GOP;1;3601;X;2;
l;2484006878666;44881354;;0;42946;X;1;
l;2485012915658;44647882;Dem;1;302;;1;
l;2488100517322;44877258;;0;1518;X;1;
l;2486891274698;44763594;Dem;0;3502;;2;
l;2483670071754;44782026;GOP;1;0;X;1;
l;2486220897738;44650954;GOP;0;2041;X;2;
l;2486824832458;44641738;GOP;0;5651;X;2;
l;105183690;44739018;GOP;1;4801;X;2;
l;2484006882762;44888522;;0;33253;;2;
l;2487362316746;44874186;;0;1049;;2;
l;2486087253450;44881354;;0;4476;X;1;
l;2484005417418;44614090;GOP;1;0;X;1;
l;2486557017546;44885450;;0;2829;X;1;
l;2485415545290;44633546;Ind;0;91;;3;
l;2487697868234;44886474;;0;3276;;2;
l;2484543152586;44635594;GOP;0;1120;X;2;
l;2487966293450;44698058;;0;14297;X;1;
l;2486824828362;44609994;Dem;1;6298;X;1;
l;2483603625418;44645834;Ind;0;450;;3;
l;2484006873546;44874186;;0;21605;;2;
l;2486019571146;44649930;Dem;1;4541;;1;
l;2486355681738;44870090;;0;9706;X;2;
l;2484610854346;44875210;;0;883;X;1;
l;2483335789002;44879306;;0;1574;X;1;
l;2483738435018;44698058;;0;8515;X;1;
l;2483536497098;44633546;Ind;0;348;;3;
l;2484140496330;44644810;GOP;0;12301;X;2;
l;2484812182986;44877258;;0;7734;X;1;
l;2484543742410;44870090;;0;1677;X;2;
l;2483535800778;44732874;Dem;0;4623;;1;
l;2487026158026;44631498;Dem;0;1492;;1;
l;2486355683786;44874186;;0;3661;;2;
l;2487093641674;44651978;GOP;1;0;X;1;
l;2485483265482;44699082;;0;4463;;2;
l;2485080622538;44885450;;0;898;X;1;
l;2483671336394;44885450;;0;25126;X;1;
l;2488234730954;44872138;;0;1334;;2;
l;2487361724874;44634570;Dem;1;2128;;1;
l;2485214512586;44605898;GOP;1;2264;X;2;
l;2483268355530;44621258;Dem;0;1087;;1;
l;2487563646410;44878282;;0;2942;;2;
l;2486959667658;44879306;;0;5305;X;1;
l;106491338;44876234;;0;401764;;2;
l;2487227484618;44633546;Ind;0;316;;3;
l;2487294594506;44641738;GOP;0;11882;X;2;
l;2485684018634;44637642;GOP;0;1697;X;2;
l;2487361703370;44640714;Dem;0;1416;;1;
l;2485348437450;44641738;GOP;0;996;X;2;
l;105208266;44760522;Dem;0;3240;;2;
l;2487160991178;44876234;;0;5476;;2;
l;2487563075018;44649930;Dem;1;3321;;1;
l;2485079999946;44603850;GOP;0;898;X;2;
l;105296330;44828106;Dem;1;5404;X;2;
l;2484274693578;44603850;GOP;0;2470;X;2;
l;2486623505866;44640714;Dem;0;1170;;1;
l;2486287984074;44648906;GOP;0;2469;X;2;
l;2487966294474;44868042;;0;3399;;1;
l;2484945821130;44636618;Dem;0;577;;1;
l;2483470002634;44873162;;0;2034;X;1;
l;2484745072074;44876234;;0;3569;;2;
l;2484945783242;44631498;Dem;0;599;;1;
l;2485012938186;44649930;Dem;1;358;;1;
l;2485885601226;44621258;Dem;0;2571;;1;
l;2488234118602;44641738;GOP;0;4391;X;2;
l;2484879049162;44651978;GOP;1;0;X;1;
l;2486758333898;44698058;;0;108322;X;1;
l;2483536519626;44635594;GOP;0;4870;X;2;
l;2484408912330;44632522;GOP;0;5488;X;2;
l;2484812187082;44886474;;0;4059;;2;
l;2483872063946;44635594;GOP;0;1804;X;2;
l;105337290;44860874;Dem;0;2985;;2;
l;2487092597194;44757450;GOP;0;4610;;1;
l;2484140496330;44643786;Dem;0;7739;;1;
l;2485080294858;44627402;Ind;0;3;;4;
l;105316810;44844490;Dem;1;4173;X;2;
l;2485481810378;44613066;GOP;1;10156;X;2;
l;2483469434314;44649930;Dem;1;1354;;1;
l;2487026180554;44634570;Dem;1;1951;;1;
l;2488167629258;44884426;;0;1948;X;2;
l;2483134459338;44875210;;0;2365;X;1;
l;2484341803466;44633546;Ind;0;720;;3;
l;2484610532810;44605898;GOP;1;1258;X;2;
l;2484745067978;44698058;;0;5552;X;1;
l;2486288577994;44877258;;0;1933;X;1;
l;106316234;44685770;GOP;1;0;X;1;
l;2483737843146;44643786;Dem;0;4937;;1;
l;2485080615370;44874186;;0;350;;2;
l;2483402898890;44882378;;0;1861;;2;
l;2484879288778;44874186;;0;514;;2;
l;2487427967434;44613066;GOP;1;1185;X;2;
l;2486019548618;44648906;GOP;0;7418;X;2;
l;2487966122442;44685770;GOP;1;0;X;1;
l;2485080612298;44699082;;0;300;;2;
l;2487697246666;44632522;GOP;0;9622;X;2;
l;2484946404810;44886474;;0;411;;2;
l;2487294616010;44635594;GOP;0;9685;X;2;
l;2486221472202;44884426;;0;1601;X;2;
l;2488099919306;44645834;Ind;0;223;;3;
l;2488100518346;44880330;;0;701;;2;
l;2485281621450;44627402;Ind;0;35;;4;
l;2487428830666;44645834;Ind;0;73;;3;
l;2483334556106;44801482;Ind;0;531;;2;
l;2483334326730;44613066;GOP;1;1703;X;2;
l;2486556433866;44637642;GOP;0;2913;X;2;
l;2487093882314;44875210;;0;10799;X;1;
l;106488266;44870090;;0;827019;X;2;
l;2487495943626;44648906;GOP;0;19171;X;2;
l;2485349054922;44879306;;0;1210;X;1;
l;2485147110858;44640714;Dem;0;1397;;1;
l;2485885330890;44648906;GOP;0;9292;X;2;
l;2484878675402;44641738;GOP;0;1315;X;2;
l;2487160988106;44870090;;0;9814;X;2;
l;2485818492362;44627402;Ind;0;86;;4;
l;2483872653770;44870090;;0;2895;X;2;
l;2483872656842;44876234;;0;1563;;2;
l;2486824141258;44740042;Dem;1;0;X;1;
l;2486355444170;44651978;GOP;1;0;X;1;
l;105114058;44690890;GOP;1;14953;X;2;
l;2484810723786;44614090;GOP;1;0;X;1;
l;2483134461386;44878282;;0;2880;;2;
l;2483939150282;44631498;Dem;0;143;;1;
l;2487495920074;44632522;GOP;0;19851;X;2;
l;2483603899850;44608970;Ind;0;153;;3;
l;105171402;44726730;GOP;0;4175;;2;
l;2483671336394;44886474;;0;8581;;2;
l;105880010;44674506;GOP;0;0;X;1;
l;105290186;44822986;GOP;1;0;X;1;
l;2486221469130;44877258;;0;1173;X;1;
l;2484879285706;44698058;;0;1183;X;1;
l;106499530;44888522;;0;479136;;2;
l;2485416163786;44879306;;0;2050;X;1;
l;2483738437066;44871114;;0;9425;X;1;
l;2483872662986;44886474;;0;1004;;2;
l;2488234739146;44886474;;0;1303;;2;
l;105507274;44702154;Dem;1;4003;;1;
l;2487026779594;44886474;;0;1333;;2;
l;2484476020170;44603850;GOP;0;7304;X;2;
l;2485818822090;44888522;;0;5478;;2;
l;2485483269578;44876234;;0;5182;;2;
l;2485348436426;44631498;Dem;0;689;;1;
l;2486757760458;44637642;GOP;0;113472;X;2;
l;2484072669642;44731850;Dem;1;0;X;1;
l;2487026181578;44648906;GOP;0;2804;X;2;
l;2483201565130;44870090;;0;1840;X;2;
l;2486757165514;44845514;Dem;1;0;X;1;
l;2486020136394;44698058;;0;7434;X;1;
l;2486556415434;44644810;GOP;0;2334;X;2;
l;106169802;44627402;Ind;0;8790;;4;
l;2485550377418;44874186;;0;1355;;2;
l;2486087248330;44874186;;0;2402;;2;
l;105191882;44743114;Dem;0;3809;;1;
l;2487362077130;44651978;GOP;1;0;X;1;
l;2484141088202;44699082;;0;6614;;2;
l;105895370;44643786;Dem;0;385716;;1;
l;2487093266890;44631498;Dem;0;6353;;1;
l;2485550384586;44885450;;0;3558;X;1;
l;2487093886410;44882378;;0;7377;;2;
l;2483671333322;44879306;;0;26850;X;1;
l;2487965701578;44645834;Ind;0;1375;;3;
l;2483670734282;44644810;GOP;0;23391;X;2;
l;2488033404362;44872138;;0;3880;;2;
l;2488234411466;44621258;Dem;0;732;;1;
l;105097674;44683722;GOP;0;0;X;1;
l;2487898619338;44650954;GOP;0;96513;X;2;
l;2486555728330;44759498;GOP;0;2213;X;1;
l;2485080624586;44888522;;0;541;;2;
l;2484005614026;44779978;GOP;1;8626;X;1;
l;2485214219722;44641738;GOP;0;1900;X;2;
l;105144778;44708298;GOP;0;3262;;2;
l;2487832076746;44870090;;0;1627;X;2;
l;2483200109002;44613066;GOP;1;1683;X;2;
l;2486020148682;44887498;;0;5316;X;1;
l;2486221145546;44605898;GOP;1;2556;X;2;
l;2483402897866;44879306;;0;4124;X;1;
l;2483200332234;44797386;Dem;0;226;;2;
l;2486825450954;44882378;;0;4037;;2;
l;2484610862538;44888522;;0;711;;2;
l;2486221226442;44651978;GOP;1;0;X;1;
l;2486891941322;44640714;Dem;0;5709;;1;
l;2486287118794;44614090;GOP;1;0;X;1;
l;2483335208394;44637642;GOP;0;1605;X;2;
l;2483268061642;44631498;Dem;0;1511;;1;
l;2486355682762;44871114;;0;8075;X;1;
l;2483335464394;44627402;Ind;0;9;;4;
l;2485281326538;44620234;Dem;0;2050;;1;
l;2486019547594;44634570;Dem;1;4319;;1;
l;2484073991626;44887498;;0;943;X;1;
l;2486758335946;44871114;;0;140922;X;1;
l;2485550380490;44878282;;0;2139;;2;
l;2485214836170;44877258;;0;1353;X;1;
l;2483335189962;44643786;Dem;0;349;;1;
l;2485482654154;44632522;GOP;0;9017;X;2;
l;2486288581066;44883402;;0;1444;;1;
l;2485952710090;44627402;Ind;0;29;;4;
l;2484476067274;44650954;GOP;0;6641;X;2;
l;2484073366986;44603850;GOP;0;1052;X;2;
l;2487563029962;44640714;Dem;0;2505;;1;
l;2484812180938;44876234;;0;5978;;2;
l;2483470011850;44887498;;0;1596;X;1;
l;2485416166858;44885450;;0;1958;X;1;
l;2486154366410;44888522;;0;3270;;2;
l;2485214256586;44636618;Dem;0;1513;;1;
l;2486757722570;44631498;Dem;0;73458;;1;
l;2483200972234;44644810;GOP;0;1297;X;2;
l;2488234141130;44648906;GOP;0;4082;X;2;
l;2486691226058;44868042;;0;389;;1;
l;2486221471178;44881354;;0;1851;X;1;
l;2487630756298;44880330;;0;2258;;2;
l;2486825451978;44884426;;0;6613;X;2;
l;2487496531402;44699082;;0;8027;;2;
l;2483671334346;44882378;;0;10147;;2;
l;2486959095242;44650954;GOP;0;3797;X;2;
l;105275850;44812746;Dem;0;3187;;2;
l;2483469999562;44699082;;0;1062;;2;
l;2487227859402;44651978;GOP;1;0;X;1;
l;2487294639562;44650954;GOP;0;9667;X;2;
l;2487563322826;44627402;Ind;0;56;;4;
l;2483805543882;44698058;;0;6487;X;1;
l;2485751711178;44886474;;0;3511;;2;
l;2485683276234;44725706;Dem;1;1844;X;1;
l;105314762;44841418;GOP;1;5147;X;1;
l;2485817524682;44755402;Dem;1;6229;X;2;
l;2485550056906;44627402;Ind;0;31;;4;
l;2487696609738;44786122;GOP;1;0;X;1;
l;2483402298826;44645834;Ind;0;311;;3;
l;2486959343050;44621258;Dem;0;2106;;1;
l;2486824830410;44620234;Dem;0;4903;;1;
l;2487630157258;44644810;GOP;0;4667;X;2;
l;2483469407690;44643786;Dem;0;1218;;1;
l;2485953028554;44868042;;0;665;;1;
l;2485617165770;44621258;Dem;0;688;;1;
l;2484140500426;44647882;Dem;1;8310;;1;
l;2483737824714;44641738;GOP;0;8528;X;2;
l;105155018;44713418;Dem;0;3407;;1;
l;2484476044746;44647882;Dem;1;4137;;1;
l;2483268679114;44877258;;0;1517;X;1;
l;2486757175754;44852682;GOP;0;3252;;1;
l;2487897756106;44661194;Dem;0;275;;1;
l;2485146405322;44726730;GOP;0;65;;2;
l;2483536790986;44627402;Ind;0;76;;4;
l;2483805546954;44873162;;0;7580;X;1;
l;2486756968906;44694986;Dem;1;7546;X;1;
l;2487697860042;44871114;;0;11319;X;1;
l;2483402654154;44651978;GOP;1;0;X;1;
l;2484006882762;44887498;;0;36038;X;1;
l;2485147129290;44645834;Ind;0;243;;3;
l;2488234728906;44699082;;0;1362;;2;
l;105335242;44857802;Dem;1;8514;X;1;
l;2487764979146;44887498;;0;2147;X;1;
l;2484207623626;44637642;GOP;0;1145;X;2;
l;2483603899850;44621258;Dem;0;2185;;1;
l;2483134457290;44872138;;0;1726;;2;
l;2487697870282;44887498;;0;8468;X;1;
l;2483134467530;44887498;;0;2031;X;1;
l;2485751708106;44880330;;0;2694;;2;
l;2483470001610;44871114;;0;2171;X;1;
l;2484476638666;44877258;;0;5039;X;1;
l;2484275314122;44882378;;0;1526;;2;
l;2485414846922;44731850;Dem;1;0;X;1;
l;2483670713802;44620234;Dem;0;9964;;1;
l;2483470008778;44884426;;0;1771;X;2;
l;2485818815946;44878282;;0;5490;;2;
l;2485147725258;44875210;;0;1616;X;1;
l;2486757768650;44649930;Dem;1;99278;;1;
l;2485550384586;44886474;;0;1143;;2;
l;2484610532810;44608970;Ind;0;27;;3;
l;2487764973002;44877258;;0;2183;X;1;
l;2483804932554;44631498;Dem;0;5149;;1;
l;2484878712266;44637642;GOP;0;1348;X;2;
l;2484542511562;44798410;GOP;1;0;X;1;
l;2483469682122;44627402;Ind;0;29;;4;
l;2487763511754;44612042;Dem;0;503;;1;
l;105148874;44710346;Dem;1;0;X;1;
l;2485080613322;44870090;;0;1118;X;2;
l;2486757720522;44615114;Dem;0;61419;;1;
l;2485214838218;44881354;;0;1889;X;1;
l;2483201246666;44621258;Dem;0;284;;1;
l;2486555734474;44767690;GOP;1;0;X;1;
l;2486556418506;44634570;Dem;1;1533;;1;
l;2487294887370;44608970;Ind;0;454;;3;
l;105898442;44634570;Dem;1;448625;;1;
l;2486355690954;44885450;;0;7935;X;1;
l;105509322;44711370;Dem;1;0;X;1;
l;2483335170506;44632522;GOP;0;1575;X;2;
l;2484878674378;44631498;Dem;0;379;;1;
l;2485952435658;44645834;Ind;0;186;;3;
l;2486892553674;44871114;;0;9683;X;1;
l;2485481855434;44673482;GOP;1;0;X;1;
l;2484275305930;44699082;;0;1440;;2;
l;2487495919050;44603850;GOP;0;18871;X;2;
l;2487026778570;44884426;;0;3020;X;2;
l;2484274714058;44645834;Ind;0;269;;3;
l;2487226786250;44731850;Dem;1;0;X;1;
l;2483603629514;44648906;GOP;0;3704;X;2;
l;2483402302922;44647882;Dem;1;1868;;1;
l;2488032828874;44637642;GOP;0;12141;X;2;
l;2485012911562;44643786;Dem;0;363;;1;
l;2487093881290;44873162;;0;12932;X;1;
l;2486891221450;44716490;Dem;0;180;;1;
l;2486756956618;44688842;GOP;1;0;X;1;
l;2486220231114;44796362;GOP;1;1557;X;1;
l;2488167628234;44882378;;0;1033;;2;
l;2484275309002;44874186;;0;1267;;2;
l;2484342178250;44651978;GOP;1;0;X;1;
l;2486757157322;44838346;Dem;0;3990;;2;
l;2484005575114;44743114;Dem;0;627;;1;
l;2487832075722;44699082;;0;572;;2;
l;2484677641674;44627402;Ind;0;118;;4;
l;2487361725898;44647882;Dem;1;1565;;1;
l;2483805545930;44871114;;0;7550;X;1;
l;2484812178890;44871114;;0;11953;X;1;
l;2483805556170;44887498;;0;5297;X;1;
l;2485751702986;44871114;;0;8975;X;1;
l;2484946401738;44880330;;0;304;;2;
l;2485348730314;44605898;GOP;1;1136;X;2;
l;2483402896842;44878282;;0;2628;;2;
l;2483201572298;44881354;;0;1187;X;1;
l;2485415544266;44620234;Dem;0;1230;;1;
l;2484543131082;44641738;GOP;0;1345;X;2;
l;2486087249354;44875210;;0;4033;X;1;
l;2485415591370;44650954;GOP;0;1447;X;2;
l;2487093884362;44877258;;0;8768;X;1;
l;2484476059082;44637642;GOP;0;7724;X;2;
l;2485550381514;44880330;;0;835;;2;
l;2485214831050;44870090;;0;2963;X;2;
l;2484945782218;44603850;GOP;0;892;X;2;
l;2484073390538;44634570;Dem;1;1168;;1;
l;2485952454090;44637642;GOP;0;1544;X;2;
l;2484141098442;44885450;;0;15376;X;1;
l;2488167623114;44873162;;0;2117;X;1;
l;2484945462730;44686794;GOP;1;0;X;1;
l;2486757720522;44625354;Ind;0;3108;;3;
l;2485013511626;44882378;;0;253;;2;
l;2486153742794;44631498;Dem;0;2780;;1;
l;2486556689866;44608970;Ind;0;98;;3;
l;2486287960522;44633546;Ind;0;136;;3;
l;2484006877642;44880330;;0;20165;;2;
l;2485415567818;44635594;GOP;0;1466;X;2;
l;2487429105098;44608970;Ind;0;25;;3;
l;2484812187082;44885450;;0;11137;X;1;
l;2487966305738;44888522;;0;10607;;2;
l;2488167031242;44634570;Dem;1;1170;;1;
l;2486623524298;44645834;Ind;0;245;;3;
l;2487630751178;44872138;;0;2810;;2;
l;2484811565514;44633546;Ind;0;541;;3;
l;2485616917962;44650954;GOP;0;1245;X;2;
l;2487093265866;44603850;GOP;0;11633;X;2;
l;2487228105162;44883402;;0;3246;;1;
l;2485617483210;44698058;;0;1462;X;1;
l;2488031943114;44624330;Ind;0;2889;;2;
l;2485080020426;44644810;GOP;0;775;X;2;
l;2483469389258;44641738;GOP;0;2176;X;2;
l;2486557010378;44873162;;0;2730;X;1;
l;2484073985482;44877258;;0;919;X;1;
l;2487697284554;44636618;Dem;0;4472;;1;
l;2487428812234;44641738;GOP;0;945;X;2;
l;2486690637258;44647882;Dem;1;1399;;1;
l;2485280483786;44612042;Dem;0;1135;;1;
l;2485483272650;44880330;;0;2890;;2;
l;105058762;44661194;Dem;0;8641;;1;
l;2483671089610;44651978;GOP;1;0;X;1;
l;2485416164810;44881354;;0;1613;X;1;
l;2486825442762;44698058;;0;5924;X;1;
l;2487160395210;44644810;GOP;0;5443;X;2;
l;106496458;44883402;;0;362028;;1;
l;2486288254410;44608970;Ind;0;105;;3;
l;2487897756106;44662218;GOP;0;604;X;2;
l;2486220852682;44640714;Dem;0;585;;1;
l;2486422791626;44871114;;0;2652;X;1;
l;2485416157642;44868042;;0;835;;1;
l;105251274;44793290;GOP;1;7173;X;1;
l;2487764977098;44885450;;0;3352;X;1;
l;2485012891082;44620234;Dem;0;334;;1;
l;2483939770826;44883402;;0;425;;1;
l;2485482677706;44647882;Dem;1;4574;;1;
l;2484610857418;44880330;;0;249;;2;
l;2484073405898;44637642;GOP;0;952;X;2;
l;2484946396618;44872138;;0;446;;2;
l;2485952415178;44603850;GOP;0;1554;X;2;
l;2486892554698;44874186;;0;4393;;2;
l;2483470009802;44886474;;0;911;;2;
l;2486557015498;44881354;;0;2349;X;1;
l;2486624122314;44878282;;0;1693;;2;
l;2486422797770;44881354;;0;2213;X;1;
l;2485952416202;44632522;GOP;0;1504;X;2;
l;105512394;44765642;GOP;0;5028;X;1;
l;2484677370314;44634570;Dem;1;6129;;1;
l;2484610276810;44637642;GOP;0;1214;X;2;
l;2484408958410;44649930;Dem;1;3540;;1;
l;2484274694602;44631498;Dem;0;1594;;1;
l;2487496213962;44621258;Dem;0;5661;;1;
l;2483872335306;44605898;GOP;1;2514;X;2;
l;2487496534474;44873162;;0;19944;X;1;
l;2486153742794;44632522;GOP;0;3179;X;2;
l;2484945829322;44650954;GOP;0;758;X;2;
l;2487899193802;44883402;;0;52140;;1;
l;2484006874570;44875210;;0;40419;X;1;
l;2486557007306;44699082;;0;1320;;2;
l;2487964834250;44607946;GOP;1;15650;X;1;
l;2486086653386;44644810;GOP;0;4099;X;2;
l;2485550380490;44877258;;0;2482;X;1;
l;2484073980362;44870090;;0;1511;X;2;
l;2483201567178;44874186;;0;669;;2;
l;2487227522506;44637642;GOP;0;5925;X;2;
l;2484208206282;44884426;;0;955;X;2;
l;2484878053834;44796362;GOP;1;146;X;1;
l;2486354340298;44709322;GOP;1;0;X;1;
l;2486758337994;44876234;;0;77079;;2;
l;2483402893770;44873162;;0;3555;X;1;
l;2484141095370;44879306;;0;16506;X;1;
l;2484409532874;44883402;;0;3118;;1;
l;2487295211978;44880330;;0;4361;;2;
l;2486422789578;44698058;;0;2348;X;1;
l;2484341822922;44643786;Dem;0;7238;;1;
l;2483268683210;44886474;;0;939;;2;
l;2486825125322;44608970;Ind;0;197;;3;
l;2487965704650;44634570;Dem;1;7407;;1;
l;2484744750538;44605898;GOP;1;6114;X;2;
l;2487429429706;44879306;;0;995;X;1;
l;2487093290442;44648906;GOP;0;12218;X;2;
l;2483669871050;44612042;Dem;0;4467;;1;
l;2485214842314;44888522;;0;1870;;2;
l;2486757742026;44644810;GOP;0;111083;X;2;
l;2488167028170;44643786;Dem;0;1129;;1;
l;2485416158666;44872138;;0;823;;2;
l;2487832082890;44879306;;0;1550;X;1;
l;105554378;44666314;GOP;0;13407;X;2;
l;2487966297546;44875210;;0;11997;X;1;
l;2485683979722;44603850;GOP;0;1609;X;2;
l;2484677968330;44884426;;0;9366;X;2;
l;2484610532810;44621258;Dem;0;202;;1;
l;2487764379082;44647882;Dem;1;845;;1;
l;2488100519370;44882378;;0;1262;;2;
l;2484744480202;44648906;GOP;0;5012;X;2;
l;2487899190730;44877258;;0;76481;X;1;
l;2483804970442;44637642;GOP;0;6255;X;2;
l;2486221465034;44872138;;0;654;;2;
l;2487899196874;44888522;;0;75193;;2;
l;2487563643338;44874186;;0;1805;;2;
l;2485348811210;44651978;GOP;1;0;X;1;
l;2484543129034;44620234;Dem;0;557;;1;
l;2486556418506;44635594;GOP;0;2414;X;2;
l;2486488580554;44724682;Dem;1;0;X;1;
l;2487293909450;44743114;Dem;0;3182;;1;
l;2485080000970;44631498;Dem;0;242;;1;
l;2486623501770;44628426;GOP;0;1228;;2;
l;2483872042442;44640714;Dem;0;1742;;1;
l;2484610261450;44635594;GOP;0;1026;X;2;
l;2484073987530;44881354;;0;1054;X;1;
l;2484409524682;44868042;;0;948;;1;
l;2485818244554;44649930;Dem;1;4795;;1;
l;2487361721802;44645834;Ind;0;297;;3;
l;2483670734282;44645834;Ind;0;2197;;3;
l;105185738;44740042;Dem;1;0;X;1;
l;2486422216138;44637642;GOP;0;2362;X;2;
l;2484341123530;44749258;Dem;0;1907;;1;
l;2486086680010;44649930;Dem;1;3503;;1;
l;2487897991626;44826058;Dem;1;0;X;1;
l;2483670090186;44794314;Dem;0;649;;2;
l;105913802;44636618;Dem;0;357310;;1;
l;2484610854346;44876234;;0;574;;2;
l;2487496213962;44608970;Ind;0;599;;3;
l;2484073661898;44621258;Dem;0;687;;1;
l;2485013515722;44887498;;0;341;X;1;
l;105109962;44688842;GOP;1;0;X;1;
l;2483872652746;44699082;;0;1162;;2;
l;2487966293450;44699082;;0;5965;;2;
l;2487563075018;44650954;GOP;0;2930;X;2;
l;2484677965258;44878282;;0;8456;;2;
l;2484342415818;44868042;;0;3280;;1;
l;2484208200138;44874186;;0;472;;2;
l;2487630140874;44655050;GOP;0;3842;X;2;
l;2488166388170;44797386;Dem;0;475;;2;
l;2483535800778;44733898;GOP;0;4961;X;2;
l;2486422790602;44868042;;0;621;;1;
l;2486489901514;44873162;;0;12354;X;1;
l;2485483265482;44698058;;0;8524;X;1;
l;2483335781834;44699082;;0;326;;2;
l;2483737502154;44665290;Dem;0;4226;;1;
l;2485885927882;44883402;;0;4890;;1;
l;2487429105098;44621258;Dem;0;188;;1;
l;2487026776522;44879306;;0;3608;X;1;
l;2486757149130;44831178;GOP;0;0;X;1;
l;2485751086538;44609994;Dem;1;7683;X;1;
l;2486959068618;44643786;Dem;0;2931;;1;
l;2486959049162;44633546;Ind;0;263;;3;
l;2487093882314;44876234;;0;8096;;2;
l;2487026204106;44650954;GOP;0;2665;X;2;
l;2486154363338;44884426;;0;3648;X;2;
l;2486623505866;44641738;GOP;0;2046;X;2;
l;2484341822922;44644810;GOP;0;11566;X;2;
l;2486287984074;44647882;Dem;1;1456;;1;
l;2487899185610;44868042;;0;32459;;1;
l;2487429428682;44877258;;0;506;X;1;
l;2487764975050;44882378;;0;1230;;2;
l;2484006870474;44698058;;0;42381;X;1;
l;2487563026890;44615114;Dem;0;2252;;1;
l;2484744494538;44636618;Dem;0;3184;;1;
l;2485415546314;44641738;GOP;0;1677;X;2;
l;2484677722570;44651978;GOP;1;0;X;1;
l;2487093890506;44887498;;0;9969;X;1;
l;2483402278346;44620234;Dem;0;1993;;1;
l;2484610238922;44632522;GOP;0;1132;X;2;
l;2487831105994;44803530;GOP;1;0;X;1;
l;2483939172810;44635594;GOP;0;821;X;2;
l;2485684602314;44886474;;0;897;;2;
l;2485281941962;44874186;;0;1372;;2;
l;2486758337994;44875210;;0;102723;X;1;
l;2484274714058;44644810;GOP;0;1901;X;2;
l;2484744502730;44650954;GOP;0;4308;X;2;
l;2483536543178;44649930;Dem;1;4834;;1;
l;2485885919690;44870090;;0;11027;X;2;
l;2483402301898;44634570;Dem;1;2187;;1;
l;2486691228106;44874186;;0;1144;;2;
l;2483939765706;44876234;;0;310;;2;
l;2486959661514;44870090;;0;5009;X;2;
l;2487898595786;44634570;Dem;1;66555;;1;
l;2484946400714;44877258;;0;662;X;1;
l;2487361725898;44648906;GOP;0;1747;X;2;
l;2486422795722;44878282;;0;2025;;2;
l;2485012892106;44631498;Dem;0;250;;1;
l;2485952710090;44621258;Dem;0;775;;1;
l;2483335790026;44882378;;0;622;;2;
l;2484812179914;44874186;;0;4176;;2;
l;2485415568842;44648906;GOP;0;1621;X;2;
l;2483939150282;44632522;GOP;0;808;X;2;
l;2487899013578;44685770;GOP;1;0;X;1;
l;2487831464394;44632522;GOP;0;1278;X;2;
l;2485080612298;44698058;;0;865;X;1;
l;2487697246666;44633546;Ind;0;407;;3;
l;2484946404810;44885450;;0;1087;X;1;
l;2483737184714;44785098;Dem;1;1813;;2;
l;2487160398282;44634570;Dem;1;6233;;1;
l;105230794;44781002;Ind;0;2692;;2;
l;2484745067978;44699082;;0;2835;;2;
l;2487897881034;44739018;GOP;1;4801;X;2;
l;2483603625418;44644810;GOP;0;3076;X;2;
l;2488033409482;44880330;;0;3311;;2;
l;2486690610634;44609994;Dem;1;1700;X;1;
l;2487495939530;44645834;Ind;0;1836;;3;
l;2483334556106;44800458;GOP;1;1364;X;1;
l;2484476641738;44883402;;0;4104;;1;
l;2488100520394;44884426;;0;1967;X;2;
l;2486019548618;44647882;Dem;1;3397;;1;
l;2485953036746;44883402;;0;748;;1;
l;2486422796746;44880330;;0;979;;2;
l;2485147110858;44641738;GOP;0;1969;X;2;
l;2483469411786;44647882;Dem;1;1028;;1;
l;2487228096970;44868042;;0;2237;;1;
l;2483200998858;44650954;GOP;0;1274;X;2;
l;2487563026890;44625354;Ind;0;81;;3;
l;2487429430730;44882378;;0;541;;2;
l;2486019544522;44644810;GOP;0;6367;X;2;
l;105202122;44755402;Dem;1;6933;X;2;
l;2486623542730;44637642;GOP;0;2099;X;2;
l;2486690988490;44651978;GOP;1;0;X;1;
l;2484743614922;44614090;GOP;1;0;X;1;
l;2486287961546;44641738;GOP;0;2552;X;2;
l;2483737823690;44631498;Dem;0;4159;;1;
l;2484006297034;44637642;GOP;0;45953;X;2;
l;2483738117578;44605898;GOP;1;9027;X;2;
l;2488167630282;44885450;;0;2211;X;1;
l;2484878968266;44605898;GOP;1;1389;X;2;
l;2485550056906;44621258;Dem;0;541;;1;
l;2484879292874;44880330;;0;331;;2;
l;2483872654794;44872138;;0;1065;;2;
l;2483335785930;44875210;;0;1068;X;1;
l;2484408911306;44603850;GOP;0;5061;X;2;
l;2486020140490;44875210;;0;6376;X;1;
l;105032138;44612042;Dem;0;45684;;1;
l;2486623503818;44620234;Dem;0;1300;;1;
l;2484140499402;44634570;Dem;1;10610;;1;
l;2485482653130;44620234;Dem;0;4970;;1;
l;2483805554122;44885450;;0;7347;X;1;
l;2488100512202;44868042;;0;326;;1;
l;2485818236362;44636618;Dem;0;3256;;1;
l;2486221469130;44878282;;0;1700;;2;
l;2485953035722;44882378;;0;873;;2;
l;2486891963850;44647882;Dem;1;6438;;1;
l;2486087246282;44870090;;0;5742;X;2;
l;2486287135178;44658122;GOP;0;2419;X;2;
l;105222602;44771786;GOP;1;0;X;1;
l;2487897979338;44817866;Dem;0;3909;;2;
l;105507274;44703178;GOP;0;4794;X;2;
l;2487429428682;44878282;;0;744;;2;
l;2485684595146;44873162;;0;1858;X;1;
l;105191882;44744138;GOP;0;5664;X;2;
l;2487429185994;44651978;GOP;1;0;X;1;
l;2486220233162;44798410;GOP;1;0;X;1;
l;2487227484618;44631498;Dem;0;3566;;1;
l;2483268061642;44633546;Ind;0;147;;3;
l;2488167302602;44608970;Ind;0;63;;3;
l;2484208197066;44699082;;0;521;;2;
l;2485281327562;44633546;Ind;0;175;;3;
l;2487294593482;44633546;Ind;0;698;;3;
l;2487964907978;44671434;GOP;0;6882;X;2;
l;2485616245194;44792266;GOP;1;0;X;1;
l;2488100520394;44883402;;0;1453;;1;
l;2486221462986;44698058;;0;2161;X;1;
l;2487966295498;44872138;;0;4597;;2;
l;2484073989578;44886474;;0;557;;2;
l;2486556415434;44643786;Dem;0;1313;;1;
l;2486153739722;44628426;GOP;0;2299;;2;
l;2483267236298;44657098;Dem;1;594;;1;
l;2487428810186;44620234;Dem;0;413;;1;
l;2486020139466;44874186;;0;3022;;2;
l;2487899188682;44876234;;0;63148;;2;
l;2487898619338;44649930;Dem;1;70078;;1;
l;2485348459978;44648906;GOP;0;972;X;2;
l;2485214219722;44640714;Dem;0;1556;;1;
l;2483738442186;44879306;;0;9608;X;1;
l;2487764967882;44870090;;0;3527;X;2;
l;2486355689930;44883402;;0;3429;;1;
l;2483872041418;44631498;Dem;0;1815;;1;
l;2487563048394;44645834;Ind;0;402;;3;
l;2483200109002;44612042;Dem;0;329;;1;
l;2484810912202;44771786;GOP;1;0;X;1;
l;2483200332234;44796362;GOP;1;1762;X;1;
l;2486825450954;44881354;;0;5516;X;1;
l;2486019899850;44651978;GOP;1;0;X;1;
l;2483268061642;44632522;GOP;0;2051;X;2;
l;2484005564874;44736970;GOP;0;610;;2;
l;2488234163658;44650954;GOP;0;3534;X;2;
l;2484342097354;44608970;Ind;0;472;;3;
l;2487093886410;44881354;;0;11448;X;1;
l;2488099919306;44644810;GOP;0;1954;X;2;
l;2483804952010;44643786;Dem;0;5775;;1;
l;2484878968266;44627402;Ind;0;13;;4;
l;2486557019594;44887498;;0;1879;X;1;
l;2483536516554;44645834;Ind;0;715;;3;
l;2485012892106;44632522;GOP;0;476;X;2;
l;2488234741194;44888522;;0;2512;;2;
l;2484408958410;44650954;GOP;0;4075;X;2;
l;2483335208394;44636618;Dem;0;255;;1;
l;2484006258122;44603850;GOP;0;42797;X;2;
l;2484810940874;44793290;GOP;1;1330;X;1;
l;2486691229130;44875210;;0;1376;X;1;
l;2486287959498;44603850;GOP;0;2528;X;2;
l;2485415567818;44634570;Dem;1;1438;;1;
l;2485415583178;44636618;Dem;0;1222;;1;
l;2488167032266;44648906;GOP;0;2094;X;2;
l;2486624117194;44868042;;0;552;;1;
l;2485281945034;44877258;;0;3199;X;1;
l;2485617491402;44882378;;0;1177;;2;
l;2486824832458;44640714;Dem;0;4479;;1;
l;2486891978186;44636618;Dem;0;5889;;1;
l;2483268107722;44649930;Dem;1;1674;;1;
l;2487563029962;44641738;GOP;0;3700;X;2;
l;2487294968266;44651978;GOP;1;0;X;1;
l;2483134456266;44868042;;0;1212;;1;
l;2484879297994;44888522;;0;816;;2;
l;2487361996234;44627402;Ind;0;34;;4;
l;2483805543882;44699082;;0;4561;;2;
l;2486287960522;44631498;Dem;0;1472;;1;
l;2485751711178;44885450;;0;8785;X;1;
l;2486085896650;44700106;Dem;1;3984;;1;
l;2486757722570;44632522;GOP;0;120000;X;2;
l;105314762;44842442;Dem;0;4367;;2;
l;2485483271626;44878282;;0;6164;;2;
l;105331146;44855754;Dem;0;2889;;2;
l;105206218;44758474;Dem;1;4890;X;2;
l;2487093885386;44879306;;0;13760;X;1;
l;2486825451978;44883402;;0;3060;;1;
l;2485616871882;44633546;Ind;0;51;;3;
l;105294282;44826058;Dem;1;0;X;1;
l;2486422472138;44621258;Dem;0;1086;;1;
l;2487227530698;44649930;Dem;1;5024;;1;
l;2486757726666;44674506;GOP;0;0;X;1;
l;2488099898826;44603850;GOP;0;2263;X;2;
l;2487293909450;44744138;GOP;0;4592;X;2;
l;2485416166858;44886474;;0;858;;2;
l;2484677960138;44868042;;0;2533;;1;
l;2483804933578;44641738;GOP;0;6078;X;2;
l;2484274718154;44647882;Dem;1;1880;;1;
l;2483268679114;44878282;;0;1928;;2;
l;2486757175754;44853706;Dem;1;4811;X;2;
l;2485415544266;44603850;GOP;0;1713;X;2;
l;2483335791050;44884426;;0;946;X;2;
l;2483536516554;44644810;GOP;0;4526;X;2;
l;2487026451914;44621258;Dem;0;1207;;1;
l;2483604220362;44873162;;0;4497;X;1;
l;2487831487946;44648906;GOP;0;1175;X;2;
l;105247178;44791242;GOP;1;0;X;1;
l;2483671330250;44876234;;0;12691;;2;
l;105335242;44858826;Ind;0;1638;;2;
l;2484274718154;44648906;GOP;0;2335;X;2;
l;2483469682122;44605898;GOP;1;2404;X;2;
l;105226698;44774858;GOP;0;3187;;1;
l;2488032789962;44603850;GOP;0;11548;X;2;
l;2483201576394;44887498;;0;1165;X;1;
l;2485751708106;44879306;;0;9317;X;1;
l;2485617165770;44605898;GOP;1;1832;X;2;
l;2484207879626;44605898;GOP;1;1238;X;2;
l;2487764374986;44645834;Ind;0;356;;3;
l;2483335189962;44644810;GOP;0;1378;X;2;
l;2487092423114;44612042;Dem;0;5549;;1;
l;2483603604938;44620234;Dem;0;3602;;1;
l;2483402899914;44884426;;0;3078;X;2;
l;2484274732490;44637642;GOP;0;2635;X;2;
l;105054666;44659146;Dem;1;10560;X;1;
l;2484408913354;44640714;Dem;0;2119;;1;
l;2483537110474;44871114;;0;7503;X;1;
l;2487832081866;44877258;;0;851;X;1;
l;2485147403722;44605898;GOP;1;2269;X;2;
l;2485012929994;44636618;Dem;0;262;;1;
l;2483804201418;44708298;GOP;0;3262;;2;
l;2484879286730;44868042;;0;199;;1;
l;2484543750602;44883402;;0;801;;1;
l;105875914;44631498;Dem;0;341585;;1;
l;2487897752010;44660170;GOP;0;1298;;2;
l;2484543749578;44881354;;0;1075;X;1;
l;2485281947082;44881354;;0;3878;X;1;
l;2486154358218;44876234;;0;2709;;2;
l;2485013185994;44627402;Ind;0;3;;4;
l;2486288006602;44649930;Dem;1;1753;;1;
l;2484409523658;44698058;;0;5122;X;1;
l;2485952438730;44634570;Dem;1;1244;;1;
l;2487026451914;44605898;GOP;1;3395;X;2;
l;2483470011850;44888522;;0;1393;;2;
l;2486422179274;44640714;Dem;0;1548;;1;
l;2486020146634;44885450;;0;7931;X;1;
l;2487496543690;44888522;;0;14313;;2;
l;105874890;44603850;GOP;0;624285;X;2;
l;2486153762250;44643786;Dem;0;3164;;1;
l;2487160989130;44872138;;0;3766;;2;
l;2483201246666;44608970;Ind;0;55;;3;
l;2487697245642;44603850;GOP;0;6458;X;2;
l;2486959669706;44884426;;0;4158;X;2;
l;2485481837002;44661194;Dem;0;642;;1;
l;105898442;44635594;GOP;0;570712;X;2;
l;2487965682122;44631498;Dem;0;5507;;1;
l;2483804932554;44632522;GOP;0;5874;X;2;
l;2484274988490;44605898;GOP;1;2924;X;2;
l;2483804956106;44648906;GOP;0;5555;X;2;
l;2483469388234;44633546;Ind;0;98;;3;
l;2485416156618;44698058;;0;1846;X;1;
l;2488099937738;44637642;GOP;0;2489;X;2;
l;2486690633162;44644810;GOP;0;1246;X;2;
l;2486891221450;44717514;GOP;1;487;X;2;
l;2483335792074;44886474;;0;329;;2;
l;2486220231114;44797386;Dem;0;339;;2;
l;2484275305930;44698058;;0;2706;X;1;
l;2484476635594;44874186;;0;3003;;2;
l;2484207605194;44643786;Dem;0;709;;1;
l;2484140851658;44651978;GOP;1;0;X;1;
l;2484005726666;44864970;GOP;1;427;X;1;
l;2487429422538;44698058;;0;880;X;1;
l;2483335169482;44603850;GOP;0;1564;X;2;
l;2484744750538;44627402;Ind;0;69;;4;
l;2487428811210;44633546;Ind;0;20;;3;
l;2483200976330;44647882;Dem;1;599;;1;
l;2485684601290;44884426;;0;1906;X;2;
l;2488099273162;44792266;GOP;1;0;X;1;
l;2484342427082;44888522;;0;10439;;2;
l;2486221470154;44879306;;0;2472;X;1;
l;2486557016522;44884426;;0;2224;X;2;
l;2486154356170;44872138;;0;1861;;2;
l;2483939149258;44603850;GOP;0;734;X;2;
l;106493386;44877258;;0;485693;X;1;
l;2486422177226;44603850;GOP;0;2177;X;2;
l;2483805553098;44884426;;0;7343;X;2;
l;2486153780682;44636618;Dem;0;2709;;1;
l;2487228102090;44878282;;0;4673;;2;
l;2484342416842;44872138;;0;5229;;2;
l;2484610276810;44636618;Dem;0;285;;1;
l;2485281347018;44644810;GOP;0;3696;X;2;
l;2487629429194;44723658;GOP;0;588;;2;
l;2485281939914;44868042;;0;1109;;1;
l;2488167383498;44651978;GOP;1;0;X;1;
l;2488234731978;44873162;;0;4008;X;1;
l;2485348730314;44608970;Ind;0;47;;3;
l;2486757720522;44626378;Ind;0;2332;;4;
l;2483537114570;44877258;;0;4747;X;1;
l;2486287960522;44632522;GOP;0;2394;X;2;
l;2486154358218;44875210;;0;3047;X;1;
l;2485214241226;44635594;GOP;0;1567;X;2;
l;2487429105098;44605898;GOP;1;1083;X;2;
l;2485549809098;44649930;Dem;1;1705;;1;
l;2483603249610;44806602;Dem;1;0;X;1;
l;2486824828362;44628426;GOP;0;3853;;2;
l;2485147108810;44603850;GOP;0;1901;X;2;
l;2484006281674;44634570;Dem;1;33071;;1;
l;2486690633162;44645834;Ind;0;203;;3;
l;2488234141130;44647882;Dem;1;1425;;1;
l;2485818816970;44880330;;0;2347;;2;
l;2485549809098;44650954;GOP;0;3046;X;2;
l;2487294592458;44603850;GOP;0;11827;X;2;
l;2487295214026;44883402;;0;6849;;1;
l;2487026770378;44868042;;0;755;;1;
l;2483469389258;44640714;Dem;0;926;;1;
l;2483872658890;44877258;;0;1666;X;1;
l;2487563051466;44634570;Dem;1;3159;;1;
l;2487697284554;44637642;GOP;0;9958;X;2;
l;2484811565514;44632522;GOP;0;10529;X;2;
l;2485280483786;44613066;GOP;1;4779;X;2;
l;2486019525066;44632522;GOP;0;7748;X;2;
l;2487696404938;44614090;GOP;1;0;X;1;
l;2484475670986;44839370;Dem;0;0;X;1;
l;2485415839178;44627402;Ind;0;32;;4;
l;105058762;44662218;GOP;0;14324;X;2;
l;2485281938890;44698058;;0;4248;X;1;
l;2484006633930;44651978;GOP;1;0;X;1;
l;2484677641674;44605898;GOP;1;13096;X;2;
l;2485348455882;44643786;Dem;0;816;;1;
l;2487630749130;44698058;;0;6217;X;1;
l;2486959660490;44699082;;0;2336;;2;
l;2487294887370;44627402;Ind;0;156;;4;
l;2484879295946;44885450;;0;1293;X;1;
l;2485013185994;44621258;Dem;0;190;;1;
l;2486891096522;44613066;GOP;1;8980;X;2;
l;2486757746122;44647882;Dem;1;69606;;1;
l;2484745080266;44888522;;0;4332;;2;
l;2486489900490;44871114;;0;11881;X;1;
l;2484946401738;44879306;;0;1142;X;1;
l;105165258;44721610;GOP;1;0;X;1;
l;2486557019594;44888522;;0;1976;;2;
l;2483939768778;44880330;;0;130;;2;
l;2484945782218;44620234;Dem;0;683;;1;
l;2484006879690;44883402;;0;24784;;1;
l;2485616895434;44648906;GOP;0;1535;X;2;
l;2486018836938;44741066;GOP;1;0;X;1;
l;2483133881802;44636618;Dem;0;2241;;1;
l;2486220852682;44641738;GOP;0;2380;X;2;
l;106497482;44886474;;0;298115;;2;
l;2487026772426;44873162;;0;3216;X;1;
l;2487630759370;44886474;;0;2886;;2;
l;2484878720458;44649930;Dem;1;672;;1;
l;2486758016458;44608970;Ind;0;4708;;3;
l;2487160395210;44645834;Ind;0;1000;;3;
l;2485013506506;44874186;;0;241;;2;
l;2485885307338;44632522;GOP;0;9338;X;2;
l;105512394;44766666;Dem;1;4534;;2;
l;2485080023498;44635594;GOP;0;787;X;2;
l;2485483267530;44871114;;0;9864;X;1;
l;2487495917002;44628426;GOP;0;11124;;2;
l;2485214238154;44645834;Ind;0;144;;3;
l;2485885306314;44603850;GOP;0;8846;X;2;
l;2484744479178;44634570;Dem;1;4234;;1;
l;2483201574346;44885450;;0;1445;X;1;
l;2486556442058;44649930;Dem;1;1529;;1;
l;2486959662538;44872138;;0;1866;;2;
l;2486018890186;44787146;GOP;1;0;X;1;
l;2486489906634;44881354;;0;10518;X;1;
l;2486891941322;44641738;GOP;0;8441;X;2;
l;2487228108234;44887498;;0;4878;X;1;
l;2484543748554;44880330;;0;343;;2;
l;2484274740682;44650954;GOP;0;2173;X;2;
l;2485281945034;44878282;;0;2428;;2;
l;2484006871498;44870090;;0;58607;X;2;
l;2487563643338;44873162;;0;4178;X;1;
l;2486624125386;44884426;;0;1976;X;2;
l;2485885307338;44631498;Dem;0;3140;;1;
l;2484878053834;44797386;Dem;0;24;;2;
l;2488233497034;44796362;GOP;1;3397;X;1;
l;2485818812874;44874186;;0;3582;;2;
l;105517514;44803530;GOP;1;0;X;1;
l;2486624116170;44699082;;0;1061;;2;
l;2486020136394;44699082;;0;3215;;2;
l;106494410;44880330;;0;239603;;2;
l;2486086653386;44645834;Ind;0;643;;3;
l;2483134465482;44885450;;0;3275;X;1;
l;2487159671242;44725706;Dem;1;3458;X;1;
l;2484878968266;44608970;Ind;0;53;;3;
l;2484341803466;44631498;Dem;0;5477;;1;
l;106315210;44680650;GOP;0;0;X;1;
l;2487563322826;44621258;Dem;0;1820;;1;
l;2483805226442;44605898;GOP;1;7020;X;2;
l;2487496538570;44879306;;0;21787;X;1;
l;2483133840842;44609994;Dem;1;3602;X;1;
l;2488234137034;44643786;Dem;0;1615;;1;
l;2485349049802;44872138;;0;456;;2;
l;2484208204234;44879306;;0;1387;X;1;
l;2488033406410;44875210;;0;10688;X;1;
l;2486690612682;44620234;Dem;0;1405;;1;
l;2484677968330;44883402;;0;6970;;1;
l;2486892234186;44608970;Ind;0;337;;3;
l;105236938;44784074;GOP;0;5237;X;1;
l;2486086634954;44640714;Dem;0;3157;;1;
l;2484878697930;44647882;Dem;1;545;;1;
l;2487966299594;44877258;;0;9772;X;1;
l;2487495141834;44683722;GOP;0;0;X;1;
l;2483602762186;44612042;Dem;0;2095;;1;
l;2484141097418;44884426;;0;11487;X;2;
l;2486691229130;44876234;;0;1422;;2;
l;105146826;44709322;GOP;1;0;X;1;
l;2487429425610;44873162;;0;820;X;1;
l;2485415920074;44651978;GOP;1;0;X;1;
l;2488032814538;44647882;Dem;1;4166;;1;
l;2484945783242;44632522;GOP;0;912;X;2;
l;2484274988490;44627402;Ind;0;33;;4;
l;2484408934858;44635594;GOP;0;4463;X;2;
l;2488033410506;44882378;;0;5769;;2;
l;2485884635594;44756426;GOP;1;0;X;1;
l;2483604221386;44875210;;0;3992;X;1;
l;2483939188170;44636618;Dem;0;151;;1;
l;2486757742026;44645834;Ind;0;10627;;3;
l;2483603625418;44643786;Dem;0;3743;;1;
l;2485818811850;44871114;;0;7605;X;1;
l;2484341123530;44750282;GOP;1;7005;X;2;
l;2486153788874;44649930;Dem;1;3289;;1;
l;2483602981322;44794314;Dem;0;1609;;2;
l;105913802;44637642;GOP;0;665158;X;2;
l;2484543745482;44876234;;0;763;;2;
l;2483805550026;44878282;;0;6118;;2;
l;2483872660938;44881354;;0;2204;X;1;
l;2485885353418;44649930;Dem;1;5184;;1;
l;2484141089226;44870090;;0;14396;X;2;
l;2486959050186;44641738;GOP;0;4224;X;2;
l;2483738436042;44870090;;0;9758;X;2;
l;2483872665034;44888522;;0;2084;;2;
l;2484409535946;44888522;;0;3309;;2;
l;2488233497034;44797386;Dem;0;494;;2;
l;2486624123338;44879306;;0;2420;X;1;
l;2486422799818;44885450;;0;2548;X;1;
l;2486489901514;44874186;;0;4854;;2;
l;2484073369034;44640714;Dem;0;966;;1;
l;2485617483210;44699082;;0;1084;;2;
l;2488234117578;44632522;GOP;0;4308;X;2;
l;2484409533898;44886474;;0;2157;;2;
l;2488033402314;44699082;;0;4863;;2;
l;2487764378058;44634570;Dem;1;755;;1;
l;2487495966154;44650954;GOP;0;17306;X;2;
l;105238986;44786122;GOP;1;0;X;1;
l;2484141091274;44874186;;0;4790;;2;
l;2485885930954;44887498;;0;5924;X;1;
l;2486824850890;44644810;GOP;0;4506;X;2;
l;2483938535882;44800458;GOP;1;706;X;1;
l;105218506;44769738;GOP;1;0;X;1;
l;2486556395978;44633546;Ind;0;143;;3;
l;2487026773450;44876234;;0;2061;;2;
l;2487160421834;44649930;Dem;1;6197;;1;
l;2483134462410;44880330;;0;1290;;2;
l;2483201573322;44883402;;0;695;;1;
l;2483335781834;44698058;;0;1486;X;1;
l;2486690614730;44641738;GOP;0;1673;X;2;
l;2488234411466;44605898;GOP;1;4613;X;2;
l;2484275316170;44885450;;0;2961;X;1;
l;2485213530570;44741066;GOP;1;0;X;1;
l;2487226642890;44614090;GOP;1;0;X;1;
l;2485683981770;44641738;GOP;0;1635;X;2;
l;2486959049162;44632522;GOP;0;4047;X;2;
l;2484744831434;44651978;GOP;1;0;X;1;
l;2485347594698;44614090;GOP;1;0;X;1;
l;2484610238922;44633546;Ind;0;45;;3;
l;2487966303690;44886474;;0;4778;;2;
l;2483200975306;44635594;GOP;0;1282;X;2;
l;105093578;44682698;Dem;1;0;X;1;
l;2483402573258;44621258;Dem;0;1053;;1;
l;2487160993226;44878282;;0;6617;;2;
l;2486892559818;44882378;;0;5574;;2;
l;2483201246666;44605898;GOP;1;1654;X;2;
l;2484945166794;44799434;Dem;1;0;X;1;
l;2487630134730;44609994;Dem;1;5719;X;1;
l;2484543149514;44643786;Dem;0;665;;1;
l;2484677385674;44636618;Dem;0;4141;;1;
l;2483872042442;44641738;GOP;0;2226;X;2;
l;2486355686858;44877258;;0;4860;X;1;
l;2487160999370;44887498;;0;5143;X;1;
l;2483536543178;44650954;GOP;0;5339;X;2;
l;2483335169482;44620234;Dem;0;321;;1;
l;2483805552074;44881354;;0;6316;X;1;
l;2483268677066;44875210;;0;1916;X;1;
l;2484341822922;44645834;Ind;0;1448;;3;
l;105878986;4465	5210;;0;1916;X;1;
l;2484341822922;44645834;Ind;0;1448;;3;
l;105878986;4465	5210;;0;1916;X;1;
l;248434