l;2550511308241;4419025;CST;0;491;;3;
l;2551115810257;4130257;GOP;1;5105;X;2;
l;106178001;4345297;GOP;0;11601;;2;
l;2550780551633;4409809;Lib;0;620;;4;
l;2550713442769;4202961;GOP;0;5245;;2;
l;2550713618897;4423121;;0;6421;X;1;
l;2550847835601;4421073;;0;6295;;2;
l;2550713442769;4409809;Lib;0;152;;4;
l;2551317600721;4427217;;0;11936;;2;
l;2551987703249;4420049;Lib;0;323;;4;
l;2551317215697;4251089;GOP;0;17768;;2;
l;2552189630929;4472273;Prg;0;514;;3;
l;2552592284113;4251089;GOP;0;16311;;2;
l;2551987795409;4300241;Dem;1;201;X;1;
l;2552390356433;4230609;Dem;0;3892;X;1;
l;106141137;4308433;Dem;1;8692;X;1;
l;2550243473873;4250065;Dem;1;2192;X;1;
l;2551518037457;4174289;Dem;1;7894;X;1;
l;2551384245713;4214225;Dem;0;4229;;1;
l;2551920594385;4236753;GOP;0;75017;;2;
l;2550713159121;4218321;GOP;0;5569;;2;
l;2551988688337;4425169;;0;10953;;2;
l;107024849;4424145;;0;410753;;2;
l;2550377613777;4216273;GOP;0;22560;;2;
l;2551653141969;4421073;;0;6899;;2;
l;2552524766673;4396497;Dem;0;308;;1;
l;2551116095953;4408785;WF;0;104;;3;
l;2551854470609;4426193;;0;1406;X;1;
l;2550780344785;4472273;Prg;0;1329;;3;
l;2551451821521;4434385;;0;1403;;2;
l;2550377237969;4354513;Dem;0;7710;;1;
l;2550646509009;4422097;;0;7236;X;1;
l;2550444334545;4343249;Dem;1;3278;X;1;
l;106848721;4408785;WF;0;17466;;3;
l;2551854471633;4427217;;0;1255;;2;
l;2550780727761;4424145;;0;19388;;2;
l;106089937;4276689;GOP;0;23789;;2;
l;107026897;4427217;;0;571590;;2;
l;2551921119697;4418001;PAG;0;258;;3;
l;2551987822033;4328913;GOP;1;8317;X;2;
l;2552457506257;4268497;Dem;0;18088;;1;
l;2551786483153;4315601;GOP;1;4568;X;2;
l;2552458454481;4434385;;0;48709;;2;
l;2550646510033;4424145;;0;3239;;2;
l;2552324236753;4433361;;0;2101;X;1;
l;2551451640273;4408785;WF;0;55;;3;
l;2550579225041;4409809;Lib;0;308;;4;
l;106143185;4310481;Dem;0;7487;;1;
l;2552591683025;4236753;GOP;0;20464;;2;
l;2550847660497;4198865;Dem;1;14647;X;1;
l;2551518465489;4218321;GOP;0;40207;;2;
l;2550444334545;4344273;GOP;0;1755;;2;
l;2552257123793;4425169;;0;4758;;2;
l;2552391340497;4423121;;0;5451;X;1;
l;2550847842769;4474321;NP;1;0;X;1;
l;2550444800465;4251089;GOP;0;5314;;2;
l;2552324232657;4426193;;0;1756;X;1;
l;2552592284113;4471249;CST;0;918;;4;
l;2550310506961;4221393;GOP;0;5084;;2;
l;2551921195473;4251089;GOP;0;51704;;2;
l;2550377199057;4317649;Dem;0;3118;;1;
l;2552190018001;4431313;;0;12265;X;2;
l;2552592672209;4433361;;0;23468;X;1;
l;2552457985489;4411857;PAG;0;1448;;3;
l;2552391164369;4410833;Prg;0;55;;5;
l;106139089;4306385;Dem;1;12254;X;1;
l;2551249698257;4397521;GOP;1;4303;X;2;
l;2551719868881;4250065;Dem;1;1653;X;1;
l;2550981070289;4230609;Dem;0;748;X;1;
l;2551518029265;4298193;GOP;0;5098;;2;
l;106126801;4297169;Dem;0;6984;;1;
l;106163665;4149713;GOP;1;13782;X;2;
l;2550578507217;4172241;Dem;1;7732;X;1;
l;2550981070289;4236753;GOP;0;2570;;2;
l;2551586036177;4428241;;0;11235;X;1;
l;106091985;4278737;GOP;0;22877;;2;
l;2552390957521;4471249;CST;0;193;;4;
l;2552324055505;4408785;WF;0;59;;3;
l;2550243860945;4432337;;0;2122;;1;
l;2551585858001;4198865;Dem;1;11960;X;1;
l;2550847838673;4427217;;0;11980;;2;
l;2551720075729;4198865;Dem;1;2213;X;1;
l;2552525560273;4427217;;0;284;;2;
l;2550243857873;4425169;;0;3492;;2;
l;2552391342545;4427217;;0;3668;;2;
l;2550913961425;4420049;Lib;0;7;;4;
l;2552256739793;4250065;Dem;1;3382;X;1;
l;2551116275153;4429265;;0;3806;;1;
l;2551921119697;4221393;GOP;0;3781;;2;
l;2551854007761;4130257;GOP;1;2585;X;2;
l;2551517963729;4436433;Ind;0;1523;;3;
l;2550310008273;4258257;GOP;1;13569;X;2;
l;2552391343569;4429265;;0;3318;;1;
l;2550645710289;4388305;GOP;0;0;X;1;
l;2550780726737;4422097;;0;50978;X;1;
l;2551787362769;4427217;;0;36083;;2;
l;2550914948561;4430289;;0;651;X;2;
l;2550310966737;4425169;;0;10433;;2;
l;2551518542289;4471249;CST;0;2343;;4;
l;2552257127889;4433361;;0;6622;X;1;
l;2551653142993;4423121;;0;22438;X;1;
l;2551116095953;4198865;Dem;1;5530;X;1;
l;2552122904017;4421073;;0;1737;;2;
l;2551249505745;4420049;Lib;0;110;;4;
l;2551854007761;4214225;Dem;0;536;;1;
l;2551585050065;4236753;GOP;0;8498;;2;
l;2550377691601;4472273;Prg;0;3435;;3;
l;2551854472657;4430289;;0;2221;X;2;
l;2550846928337;4291025;Dem;0;4835;;1;
l;2550579404241;4430289;;0;14911;X;2;
l;2552121963985;4270545;Dem;1;5996;X;1;
l;2551921114577;4412881;Lib;0;290;;5;
l;2552457985489;4211153;GOP;0;75280;;2;
l;106186193;4185553;Dem;1;21057;X;1;
l;2550243859921;4430289;;0;4942;X;2;
l;2550243473873;4471249;CST;0;235;;4;
l;2551518930385;4434385;;0;27224;;2;
l;2551921402321;4198865;Dem;1;207471;X;1;
l;2552256329169;4393425;Dem;0;0;;1;
l;2551786485201;4317649;Dem;0;4360;;1;
l;2552122522065;4472273;Prg;0;312;;3;
l;2551920758225;4369873;Dem;1;18620;X;1;
l;2550847838673;4428241;;0;24568;X;1;
l;2550445182417;4421073;;0;2184;;2;
l;107024849;4423121;;0;862682;X;1;
l;107028945;4431313;;0;902969;X;2;
l;2550981070289;4419025;CST;0;86;;3;
l;2551920643537;4274641;Dem;1;6617;X;1;
l;2551586038225;4432337;;0;6072;;1;
l;2551988691409;4431313;;0;19503;X;2;
l;2551183380945;4423121;;0;44583;X;1;
l;2550243680721;4410833;Prg;0;53;;5;
l;2551854293457;4410833;Prg;0;13;;5;
l;2552054812113;4420049;Lib;0;17;;4;
l;2552190018001;4432337;;0;6803;;1;
l;2552391164369;4198865;Dem;1;5155;X;1;
l;2550646127057;4471249;CST;0;222;;4;
l;2552122058193;4345297;GOP;0;4744;;2;
l;106198481;4363729;Dem;1;21515;X;1;
l;2550646127057;4251089;GOP;0;5533;;2;
l;106128849;4298193;GOP;0;5098;;2;
l;2551183204817;4408785;WF;0;916;;3;
l;2552458449361;4424145;;0;50023;;2;
l;2551988686289;4421073;;0;4435;;2;
l;106071505;4262353;GOP;1;30671;X;2;
l;2551518749137;4410833;Prg;0;1199;;5;
l;2550982056401;4428241;;0;2037;X;1;
l;2551451817425;4426193;;0;1272;X;1;
l;2551049168337;4433361;;0;1780;X;1;
l;2551786487249;4319697;Dem;0;8613;;1;
l;2551451433425;4471249;CST;0;98;;4;
l;2551787366865;4474321;NP;1;0;X;1;
l;2551317604817;4474321;NP;1;0;X;1;
l;2551920764369;4452817;Ind;0;4406;;2;
l;107027921;4429265;;0;584444;;1;
l;2552257122769;4424145;;0;3574;;2;
l;2550646333905;4408785;WF;0;154;;3;
l;2550377266641;4382161;GOP;0;11606;X;2;
l;2551988692433;4433361;;0;17652;X;1;
l;2552525557201;4422097;;0;620;X;1;
l;2550981878225;4408785;WF;0;59;;3;
l;2551652683217;4167121;Dem;1;17771;X;1;
l;2550444242385;4270545;Dem;1;8967;X;1;
l;2552323769809;4130257;GOP;1;2995;X;2;
l;2552122446289;4219345;Dem;1;5641;X;1;
l;2550444719569;4166097;Dem;1;8198;X;1;
l;2550914769361;4408785;WF;0;19;;3;
l;2552055800273;4431313;;0;533;X;2;
l;2551316692433;4442577;CST;0;4297;;2;
l;2552324233681;4428241;;0;2088;X;1;
l;2551048701393;4130257;GOP;1;2779;X;2;
l;106073553;4264401;GOP;0;11531;;2;
l;2551451817425;4425169;;0;1630;;2;
l;2552591775185;4303313;GOP;0;266;;2;
l;2551250106833;4250065;Dem;1;2121;X;1;
l;2552458453457;4432337;;0;49378;;1;
l;2551786489297;4321745;Dem;0;3644;;1;
l;2550377141713;4278737;GOP;0;22877;;2;
l;2551317422545;4409809;Lib;0;485;;4;
l;106231249;4163025;GOP;1;11260;X;2;
l;2551920762321;4373969;Dem;1;9863;X;1;
l;2550779936209;4397521;GOP;1;640;X;2;
l;2550982059473;4433361;;0;1815;X;1;
l;2552525558225;4423121;;0;449;X;1;
l;2550242872785;4236753;GOP;0;4949;;2;
l;2550310789585;4202961;GOP;0;10798;;2;
l;2551921584593;4474321;NP;1;0;X;1;
l;2551988511185;4202961;GOP;0;12631;;2;
l;106149329;4318673;GOP;1;13949;X;2;
l;2552457608657;4351441;GOP;0;8648;;2;
l;2550378079697;4434385;;0;48788;;2;
l;2550981592529;4214225;Dem;0;503;;1;
l;2551316694481;4136401;GOP;1;5403;X;2;
l;2551049166289;4430289;;0;2299;X;2;
l;2550243858897;4427217;;0;3144;;2;
l;2550713442769;4408785;WF;0;224;;3;
l;106848721;4198865;Dem;1;775569;X;1;
l;2552256946641;4409809;Lib;0;124;;4;
l;2551920643537;4276689;GOP;0;2793;;2;
l;2550511828433;4411857;PAG;0;234;;3;
l;106118609;4442577;CST;0;4297;;2;
l;106122705;4295121;GOP;0;8834;;2;
l;106190289;4357585;Dem;1;15536;X;1;
l;2550646511057;4426193;;0;3902;X;1;
l;2551250027985;4130257;GOP;1;4883;X;2;
l;2552391344593;4431313;;0;5920;X;2;
l;106641873;4251089;GOP;0;539018;;2;
l;2551787363793;4429265;;0;34517;;1;
l;2550445185489;4427217;;0;5887;;2;
l;2550578507217;4299217;GOP;0;7028;;2;
l;2551920721361;4336081;Dem;1;1416;X;1;
l;2551920766417;4378065;GOP;0;8734;X;2;
l;2552055413201;4472273;Prg;0;13;;3;
l;2551921581521;4429265;;0;155155;;1;
l;2551518033361;4303313;GOP;0;1931;;2;
l;2552323848657;4250065;Dem;1;1016;X;1;
l;2551518037457;4305361;GOP;0;6042;;2;
l;2552592666065;4421073;;0;5114;;2;
l;2551182997969;4250065;Dem;1;28870;X;1;
l;2551250027985;4214225;Dem;0;1521;;1;
l;2552256138705;4420049;Lib;0;165;;4;
l;2551652158929;4230609;Dem;0;14178;X;1;
l;2551451815377;4421073;;0;597;;2;
l;106120657;4136401;GOP;1;16394;X;2;
l;2551451819473;4429265;;0;888;;1;
l;2551920637393;4270545;Dem;1;296;X;1;
l;2550444199377;4230609;Dem;0;7556;X;1;
l;106100177;4285905;GOP;0;16139;;2;
l;2550310084049;4141521;GOP;1;4061;X;2;
l;2552122058193;4182481;Dem;1;5804;X;1;
l;2552391164369;4409809;Lib;0;83;;4;
l;2551920750033;4362705;GOP;0;2722;;2;
l;2552592669137;4428241;;0;21298;X;1;
l;2550511443409;4344273;GOP;0;8281;;2;
l;106848721;4410833;Prg;0;13345;;5;
l;2550445187537;4431313;;0;9539;X;2;
l;2550511308241;4420049;Lib;0;366;;4;
l;2550377246161;4362705;GOP;0;2482;;2;
l;2552458452433;4429265;;0;70302;;1;
l;2551786901969;4221393;GOP;0;44778;;2;
l;2551786901969;4418001;PAG;0;2795;;3;
l;2551786495441;4327889;Dem;0;921;;1;
l;106161617;4329937;Dem;0;11223;;1;
l;2550779925969;4195793;Dem;1;12659;;1;
l;2551854086609;4472273;Prg;0;78;;3;
l;2551518929361;4431313;;0;71217;X;2;
l;106155473;4322769;Dem;1;8440;X;1;
l;2550511351249;4270545;Dem;1;9985;X;1;
l;2550846938577;4138449;GOP;1;7839;X;2;
l;2551652185553;4257233;Dem;0;5474;;1;
l;2550310968785;4429265;;0;15773;;1;
l;2551652966865;4202961;GOP;0;20801;;2;
l;2550713442769;4198865;Dem;1;4462;X;1;
l;2551585050065;4419025;CST;0;345;;3;
l;2552457592273;4337105;GOP;0;7935;;2;
l;2550310970833;4433361;;0;25032;X;1;
l;2552323769809;4214225;Dem;0;726;;1;
l;2551853485521;4236753;GOP;0;2178;;2;
l;2552458066385;4471249;CST;0;2773;;4;
l;2550310506961;4219345;Dem;1;7767;X;1;
l;2551786977745;4251089;GOP;0;42271;;2;
l;2550445186513;4430289;;0;7991;X;2;
l;2550578941393;4218321;GOP;0;12025;;2;
l;2551987733969;4262353;GOP;1;8860;X;2;
l;2552457508305;4271569;GOP;0;2728;;2;
l;106194385;4361681;GOP;0;7901;;2;
l;106134993;4304337;GOP;0;10686;;2;
l;2551182480849;4296145;Dem;0;8860;;1;
l;2551518494161;4253137;GOP;0;10502;;2;
l;2551920770513;4382161;GOP;0;396;X;2;
l;2552390957521;4251089;GOP;0;4036;;2;
l;2551988690385;4429265;;0;9711;;1;
l;2550378075601;4425169;;0;58144;;2;
l;2551652265425;4315601;GOP;1;10672;X;2;
l;2552323435985;4162001;GOP;1;2808;X;2;
l;2551250495953;4474321;NP;1;0;X;1;
l;2551517941201;4420049;Lib;0;1597;;4;
l;106139089;4443601;PAG;0;572;;3;
l;2551787184593;4410833;Prg;0;721;;5;
l;2550243861969;4433361;;0;4234;X;1;
l;2550511909329;4471249;CST;0;743;;4;
l;2552324234705;4430289;;0;2502;X;2;
l;2551786376657;4230609;Dem;0;41754;X;1;
l;2551653145041;4427217;;0;14004;;2;
l;106200529;4400593;Dem;1;0;X;1;
l;2551384324561;4471249;CST;0;666;;4;
l;106848721;4409809;Lib;0;14679;;4;
l;2551518925265;4423121;;0;74962;X;1;
l;2551317422545;4198865;Dem;1;14046;X;1;
l;2552055795153;4422097;;0;729;X;1;
l;2551787184593;4408785;WF;0;1308;;3;
l;2552256660945;4214225;Dem;0;2037;;1;
l;2551384707537;4423121;;0;13988;X;1;
l;2551719267793;4236753;GOP;0;5428;;2;
l;2551317215697;4471249;CST;0;1300;;4;
l;2550309981649;4230609;Dem;0;21280;X;1;
l;2552592203217;4413905;CST;0;633;;4;
l;2550846938577;4297169;Dem;0;3286;;1;
l;2551786499537;4331985;Dem;0;4271;;1;
l;2552592203217;4211153;GOP;0;18392;;2;
l;2550914483665;4214225;Dem;0;159;;1;
l;2551384712657;4434385;;0;8626;;2;
l;2550512296401;4432337;;0;7171;;1;
l;2551182396881;4236753;GOP;0;41931;;2;
l;2552324230609;4421073;;0;657;;2;
l;2550243859921;4429265;;0;2251;;1;
l;106565073;4218321;GOP;0;114123;;2;
l;2550579402193;4425169;;0;11161;;2;
l;106227153;4160977;GOP;1;0;X;2;
l;2550578490833;4133329;GOP;1;6769;X;2;
l;106564049;4415953;Lib;0;8083;;3;
l;2550646515153;4434385;;0;3682;;2;
l;2550377139665;4276689;GOP;0;16369;;2;
l;2550309981649;4419025;CST;0;393;;3;
l;2550914483665;4130257;GOP;1;778;X;2;
l;2552457598417;4446673;Dem;0;10161;;1;
l;2551720255953;4432337;;0;2774;;1;
l;2551049162193;4421073;;0;701;;2;
l;2551250492881;4430289;;0;4095;X;2;
l;2552189029841;4420049;Lib;0;319;;4;
l;106192337;4450769;Dem;0;9994;;1;
l;2552525382097;4198865;Dem;1;321;X;1;
l;2552122013137;4303313;GOP;0;1;;2;
l;2552457594321;4179409;Dem;1;9598;X;1;
l;106114513;4440529;Dem;0;6737;;1;
l;106118609;4293073;GOP;0;15910;X;1;
l;2551182413265;4169169;Dem;1;24165;;1;
l;2550377240017;4358609;GOP;0;7887;;2;
l;2552592667089;4424145;;0;11605;;2;
l;2552257125841;4429265;;0;3541;;1;
l;2552390957521;4250065;Dem;1;3976;X;1;
l;2551988686289;4422097;;0;22221;X;1;
l;2550982059473;4434385;;0;1569;;2;
l;2550310969809;4431313;;0;23746;X;2;
l;2551182997969;4471249;CST;0;1794;;4;
l;2551518039505;4307409;GOP;0;6302;;2;
l;2550578941393;4167121;Dem;1;12250;X;1;
l;2551920737745;4349393;Dem;1;1190;X;1;
l;2552257121745;4422097;;0;8581;X;1;
l;107026897;4428241;;0;754060;X;1;
l;2552458448337;4422097;;0;138046;X;1;
l;2551786489297;4145617;GOP;1;5415;X;2;
l;2552257124817;4428241;;0;6369;X;1;
l;2550913961425;4419025;CST;0;25;;3;
l;2552324232657;4425169;;0;1748;;2;
l;2550579400145;4421073;;0;4250;;2;
l;2552122728913;4202961;GOP;0;4326;;2;
l;2550914949585;4431313;;0;576;X;2;
l;2550377242065;4450769;Dem;0;9994;;1;
l;2550310965713;4424145;;0;8789;;2;
l;2552122905041;4423121;;0;6913;X;1;
l;2552122446289;4221393;GOP;0;4662;;2;
l;2551451640273;4198865;Dem;1;1134;X;1;
l;2550914946513;4425169;;0;472;;2;
l;2550578417105;4419025;CST;0;606;;3;
l;2552458451409;4428241;;0;97661;X;1;
l;2551652181457;4435409;GOP;0;3139;;2;
l;2551853485521;4420049;Lib;0;48;;4;
l;2552055797201;4425169;;0;450;;2;
l;2550445185489;4428241;;0;8472;X;1;
l;2551518925265;4424145;;0;29090;;2;
l;2552189630929;4250065;Dem;1;6090;X;1;
l;2552190016977;4430289;;0;13221;X;2;
l;2550981671377;4250065;Dem;1;814;X;1;
l;106151377;4320721;GOP;1;13661;X;2;
l;2550982054353;4423121;;0;1958;X;1;
l;2550578490833;4440529;Dem;0;2563;;1;
l;2552591683025;4230609;Dem;0;14202;X;1;
l;2551854293457;4202961;GOP;0;1646;;2;
l;2550377090513;4236753;GOP;0;80430;;2;
l;2550445007313;4202961;GOP;0;5259;;2;
l;2551183387089;4474321;NP;1;0;X;1;
l;2552323247569;4419025;CST;0;79;;3;
l;2551115351505;4287953;GOP;0;4188;X;2;
l;2552256946641;4202961;GOP;0;5257;;2;
l;107029969;4433361;;0;910339;X;1;
l;2551787364817;4431313;;0;64656;X;2;
l;2550645525969;4420049;Lib;0;144;;4;
l;2551988304337;4250065;Dem;1;12105;X;1;
l;2550579404241;4429265;;0;9507;;1;
l;2550713621969;4429265;;0;4434;;1;
l;2552591805905;4149713;GOP;1;5716;X;2;
l;2550646512081;4427217;;0;2964;;2;
l;2550378079697;4433361;;0;96143;X;1;
l;2550713442769;4410833;Prg;0;142;;5;
l;2550377215441;4334033;Dem;0;2618;;1;
l;2551853673937;4162001;GOP;1;2495;X;2;
l;2551585858001;4409809;Lib;0;237;;4;
l;2551451818449;4428241;;0;1726;X;1;
l;106063313;4436433;Ind;0;1858;;3;
l;2551384245713;4130257;GOP;1;18437;X;2;
l;2552324235729;4432337;;0;1189;;1;
l;2551920639441;4273617;GOP;0;3137;;2;
l;2551921117649;4415953;Lib;0;6164;;3;
l;2550444336593;4182481;Dem;1;4997;X;1;
l;2550981671377;4471249;CST;0;116;;4;
l;2550982053329;4422097;;0;2789;X;1;
l;106180049;4183505;Dem;1;19134;X;1;
l;2551719267793;4420049;Lib;0;157;;4;
l;2551987703249;4236753;GOP;0;15620;;2;
l;2551921195473;4472273;Prg;0;7841;;3;
l;2551988687313;4423121;;0;16329;X;1;
l;2550310968785;4430289;;0;16766;X;2;
l;2550310971857;4474321;NP;1;0;X;1;
l;2551048780241;4250065;Dem;1;851;X;1;
l;2552190013905;4424145;;0;7139;;2;
l;2551317422545;4408785;WF;0;567;;3;
l;2551517941201;4230609;Dem;0;66724;X;1;
l;106145233;4312529;GOP;0;6787;;2;
l;2552257125841;4430289;;0;6904;X;2;
l;2551786977745;4471249;CST;0;2250;;4;
l;2550713619921;4425169;;0;4060;;2;
l;2550512297425;4434385;;0;6613;;2;
l;2550579225041;4408785;WF;0;490;;3;
l;2550378074577;4423121;;0;90694;X;1;
l;2550444800465;4471249;CST;0;281;;4;
l;2552525562321;4431313;;0;491;X;2;
l;2551182476753;4136401;GOP;1;10991;X;2;
l;2552257127889;4434385;;0;3727;;2;
l;2552457596369;4340177;GOP;0;8350;X;2;
l;2550914951633;4474321;NP;1;0;X;1;
l;2550512116177;4410833;Prg;0;194;;5;
l;2551920752081;4451793;PAG;0;1372;;3;
l;2550779743697;4419025;CST;0;852;;3;
l;2551116271057;4422097;;0;6807;X;1;
l;2550377691601;4471249;CST;0;2674;;4;
l;106235345;4399569;GOP;1;0;X;1;
l;2550914945489;4424145;;0;325;;2;
l;2551517941201;4236753;GOP;0;47447;;2;
l;106155473;4324817;GOP;0;6118;;2;
l;2550512116177;4198865;Dem;1;10847;X;1;
l;2550712708561;4440529;Dem;0;2897;;1;
l;2550243856849;4423121;;0;4368;X;1;
l;2552592490961;4198865;Dem;1;17392;X;1;
l;2550243067345;4399569;GOP;1;0;X;1;
l;2550914948561;4429265;;0;294;;1;
l;2551854293457;4409809;Lib;0;53;;4;
l;2550444719569;4412881;Lib;0;153;;5;
l;106096081;4279761;Dem;1;39327;X;1;
l;2552323848657;4471249;CST;0;120;;4;
l;2550310970833;4434385;;0;7453;;2;
l;2552122905041;4424145;;0;3410;;2;
l;2550780733905;4474321;NP;1;0;X;1;
l;2551653144017;4426193;;0;18975;X;1;
l;2550780265937;4130257;GOP;1;43488;X;2;
l;2551384531409;4410833;Prg;0;196;;5;
l;2552055004625;4397521;GOP;1;688;X;2;
l;2552525558225;4424145;;0;257;;2;
l;2551652253137;4173265;Dem;1;1682;X;1;
l;2551786413521;4265425;Dem;0;4342;;1;
l;2551920657873;4287953;GOP;0;2221;X;2;
l;2551317597649;4421073;;0;4977;;2;
l;2552457606609;4348369;GOP;0;6865;;2;
l;2551049165265;4427217;;0;1500;;2;
l;2550981070289;4420049;Lib;0;50;;4;
l;2550780729809;4428241;;0;36466;X;1;
l;2551787365841;4433361;;0;60453;X;1;
l;2552256327121;4391377;Dem;0;2366;;1;
l;2551652265425;4313553;Dem;0;3777;;1;
l;2551183379921;4421073;;0;10730;;2;
l;2551920756177;4367825;Dem;1;16224;X;1;
l;106132945;4300241;Dem;1;13903;X;1;
l;2551786901969;4219345;Dem;1;44595;X;1;
l;2551786413521;4266449;GOP;1;7540;X;2;
l;2552122728913;4198865;Dem;1;6206;X;1;
l;2551451821521;4433361;;0;1655;X;1;
l;2550512291281;4422097;;0;16140;X;1;
l;2550847836625;4423121;;0;19750;X;1;
l;2552525175249;4472273;Prg;0;22;;3;
l;2551518926289;4426193;;0;64859;X;1;
l;2550377260497;4452817;Ind;0;2595;;2;
l;2551652261329;4310481;Dem;0;5085;;1;
l;2551652760017;4251089;GOP;0;20586;;2;
l;2551921577425;4421073;;0;34366;;2;
l;2551854468561;4421073;;0;489;;2;
l;2551719868881;4471249;CST;0;252;;4;
l;2550646127057;4250065;Dem;1;2333;X;1;
l;2550981262801;4397521;GOP;1;2364;X;2;
l;2550846852561;4236753;GOP;0;27287;;2;
l;106153425;4145617;GOP;1;13928;X;2;
l;2550982060497;4474321;NP;1;0;X;1;
l;2551720256977;4433361;;0;4485;X;1;
l;2551518494161;4196817;Dem;1;17790;X;1;
l;2550846942673;4172241;Dem;1;901;X;1;
l;2552457602513;4345297;GOP;0;2500;;2;
l;2551048987089;4198865;Dem;1;1263;X;1;
l;2550780265937;4214225;Dem;0;18063;;1;
l;2550646514129;4432337;;0;3148;;1;
l;2551921402321;4410833;Prg;0;3880;;5;
l;2551854471633;4428241;;0;1864;X;1;
l;106159569;4328913;GOP;1;15431;X;2;
l;2551115288017;4420049;Lib;0;102;;4;
l;2550378073553;4422097;;0;121142;X;1;
l;2550512116177;4408785;WF;0;368;;3;
l;2550310505937;4416977;PAG;0;433;;3;
l;107028945;4432337;;0;419955;;1;
l;2552190014929;4426193;;0;9336;X;1;
l;2550780731857;4432337;;0;21061;;1;
l;2552458455505;4474321;NP;1;0;X;1;
l;2552391345617;4434385;;0;3078;;2;
l;106100177;4283857;Dem;1;17578;X;1;
l;2550377244113;4361681;GOP;0;7901;;2;
l;106641873;4472273;Prg;0;35467;;3;
l;2551853485521;4230609;Dem;0;848;X;1;
l;2550914945489;4423121;;0;584;X;1;
l;2552122908113;4429265;;0;4608;;1;
l;2551451016657;4388305;GOP;0;0;X;1;
l;2551384531409;4408785;WF;0;421;;3;
l;2550243680721;4198865;Dem;1;2927;X;1;
l;2552054812113;4419025;CST;0;14;;3;
l;2552391164369;4202961;GOP;0;3591;;2;
l;2552458449361;4423121;;0;110250;X;1;
l;2552055799249;4430289;;0;594;X;2;
l;2550847453649;4250065;Dem;1;12404;X;1;
l;2552055802321;4474321;NP;1;0;X;1;
l;2550377691601;4251089;GOP;0;61721;;2;
l;2550512292305;4423121;;0;11977;X;1;
l;2551921583569;4434385;;0;66572;;2;
l;2551450832337;4230609;Dem;0;654;X;1;
l;2552525561297;4429265;;0;235;;1;
l;2552592490961;4410833;Prg;0;295;;5;
l;2551317422545;4202961;GOP;0;17392;;2;
l;2552122910161;4434385;;0;3471;;2;
l;2552457985489;4166097;Dem;1;89394;X;1;
l;2550242872785;4420049;Lib;0;166;;4;
l;2551048780241;4471249;CST;0;91;;4;
l;2551920760273;4371921;Dem;1;18021;X;1;
l;2551048987089;4202961;GOP;0;1956;;2;
l;106210769;4452817;Ind;0;7001;;2;
l;2550646513105;4429265;;0;2810;;1;
l;2552257126865;4432337;;0;3710;;1;
l;2552525382097;4409809;Lib;0;7;;4;
l;2551652277713;4328913;GOP;1;1484;X;2;
l;2550982055377;4425169;;0;1709;;2;
l;2550511445457;4345297;GOP;0;285;;2;
l;2550445183441;4424145;;0;4452;;2;
l;2550847453649;4471249;CST;0;1282;;4;
l;2552122911185;4474321;NP;1;0;X;1;
l;2551719267793;4230609;Dem;0;1882;X;1;
l;2552324234705;4429265;;0;1221;;1;
l;2552457502161;4265425;Dem;0;6839;;1;
l;2552122728913;4410833;Prg;0;78;;5;
l;2550512294353;4427217;;0;7236;;2;
l;2551183386065;4433361;;0;46303;X;1;
l;2551517963729;4435409;GOP;0;12975;;2;
l;2552457606609;4447697;Lib;0;416;;3;
l;2552122906065;4426193;;0;5531;X;1;
l;2550779925969;4387281;GOP;0;16274;X;2;
l;2551653142993;4424145;;0;16105;;2;
l;2552055413201;4250065;Dem;1;291;X;1;
l;2551652760017;4471249;CST;0;1228;;4;
l;2551250488785;4421073;;0;1012;;2;
l;2551585575377;4418001;PAG;0;737;;3;
l;2550646333905;4198865;Dem;1;3659;X;1;
l;2551920754129;4400593;Dem;1;0;X;1;
l;2551786977745;4250065;Dem;1;41876;X;1;
l;2551920649681;4280785;GOP;0;5272;;2;
l;2550579225041;4202961;GOP;0;11199;;2;
l;2551921578449;4424145;;0;58750;;2;
l;2551317599697;4425169;;0;13715;;2;
l;2551786407377;4262353;GOP;1;21811;X;2;
l;106091985;4277713;Dem;1;22661;;1;
l;2550377268689;4384209;Dem;1;5297;;1;
l;2550847660497;4409809;Lib;0;386;;4;
l;106196433;4188625;Dem;1;16430;X;1;
l;2551720075729;4409809;Lib;0;139;;4;
l;2550780730833;4430289;;0;34484;X;2;
l;2550310967761;4428241;;0;15080;X;1;
l;2550310100433;4328913;GOP;1;2170;X;2;
l;106566097;4219345;Dem;1;139474;X;1;
l;2552457514449;4274641;Dem;1;4589;X;1;
l;106848721;4202961;GOP;0;534362;;2;
l;2552257122769;4423121;;0;6416;X;1;
l;2550377613777;4415953;Lib;0;1919;;3;
l;2551652158929;4236753;GOP;0;24976;;2;
l;2552055800273;4432337;;0;351;;1;
l;2551518749137;4409809;Lib;0;1290;;4;
l;2551518465489;4416977;PAG;0;1518;;3;
l;2551920743889;4358609;GOP;0;2397;;2;
l;2552524574161;4420049;Lib;0;15;;4;
l;2552592670161;4429265;;0;13426;;1;
l;2550914153937;4397521;GOP;1;630;X;2;
l;2550780726737;4421073;;0;9799;;2;
l;2551653144017;4425169;;0;18378;;2;
l;2551316614609;4420049;Lib;0;640;;4;
l;106165713;4335057;GOP;1;15414;X;2;
l;106063313;4254161;Dem;0;18725;X;1;
l;2551786977745;4472273;Prg;0;2369;;3;
l;107030993;4474321;NP;1;0;X;1;
l;106157521;4177361;Dem;1;5642;X;1;
l;2552324237777;4474321;NP;1;0;X;1;
l;2552122522065;4250065;Dem;1;5377;X;1;
l;106221009;4158929;GOP;1;21389;X;2;
l;2550847453649;4251089;GOP;0;20115;;2;
l;2550310100433;4327889;Dem;0;1503;;1;
l;2551249505745;4236753;GOP;0;4216;;2;
l;2552457590225;4335057;GOP;1;11264;X;2;
l;2551786409425;4264401;GOP;0;11531;;2;
l;2551182472657;4291025;Dem;0;274;;1;
l;2550377246161;4188625;Dem;1;4875;X;1;
l;106593745;4253137;GOP;0;16765;;2;
l;2551921114577;4413905;CST;0;197;;4;
l;106081745;4269521;GOP;1;19863;X;2;
l;2551720253905;4428241;;0;4464;X;1;
l;2550378077649;4429265;;0;56844;;1;
l;2550310582737;4471249;CST;0;469;;4;
l;2552457510353;4273617;GOP;0;13781;;2;
l;106126801;4138449;GOP;1;13119;X;2;
l;106130897;4172241;Dem;1;11071;X;1;
l;2551250491857;4428241;;0;4068;X;1;
l;2552457506257;4269521;GOP;1;19863;X;2;
l;2550847835601;4422097;;0;29770;X;1;
l;2550579407313;4474321;NP;1;0;X;1;
l;2552525382097;4410833;Prg;0;3;;5;
l;106040785;4420049;Lib;0;17955;;4;
l;2551182396881;4419025;CST;0;1369;;3;
l;2550511308241;4236753;GOP;0;10250;;2;
l;2551384711633;4432337;;0;9052;;1;
l;2551920768465;4380113;GOP;0;8715;;2;
l;106167761;4337105;GOP;0;8600;;2;
l;106065361;4256209;GOP;0;13808;;2;
l;2550243857873;4426193;;0;3239;X;1;
l;2552390957521;4472273;Prg;0;193;;3;
l;2552390356433;4420049;Lib;0;150;;4;
l;2550243861969;4434385;;0;2877;;2;
l;2551518041553;4308433;Dem;1;8692;X;1;
l;2551786376657;4420049;Lib;0;1073;;4;
l;2551921582545;4432337;;0;78091;;1;
l;2551585142225;4300241;Dem;1;11533;X;1;
l;2551518924241;4421073;;0;14202;;2;
l;2551116273105;4426193;;0;4460;X;1;
l;2551250494929;4433361;;0;3923;X;1;
l;2550511828433;4413905;CST;0;521;;4;
l;2550913961425;4236753;GOP;0;620;;2;
l;2551048373713;4399569;GOP;1;0;X;1;
l;106083793;4271569;GOP;0;22333;;2;
l;2550310505937;4218321;GOP;0;6266;;2;
l;2551920733649;4183505;Dem;1;10663;X;1;
l;2550646333905;4409809;Lib;0;73;;4;
l;2551518928337;4429265;;0;53424;;1;
l;2551653146065;4429265;;0;13943;;1;
l;2551988689361;4428241;;0;16107;X;1;
l;2550579406289;4434385;;0;8893;;2;
l;2550712634833;4420049;Lib;0;244;;4;
l;106077649;4266449;GOP;1;28550;X;2;
l;2550310964689;4421073;;0;5000;;2;
l;2552256946641;4408785;WF;0;185;;3;
l;2552457612753;4449745;GOP;0;4650;X;2;
l;2552591803857;4329937;Dem;0;11013;;1;
l;2551854469585;4423121;;0;1778;X;1;
l;2550780551633;4202961;GOP;0;30627;;2;
l;2550378078673;4432337;;0;46698;;1;
l;2550914947537;4428241;;0;565;X;1;
l;106067409;4258257;GOP;1;25485;X;2;
l;2550445184465;4426193;;0;7487;X;1;
l;2550444719569;4211153;GOP;0;5787;;2;
l;2551854470609;4425169;;0;1546;;2;
l;106212817;4377041;Dem;1;7626;;1;
l;2551183204817;4202961;GOP;0;31944;;2;
l;2551585050065;4420049;Lib;0;386;;4;
l;2551116278225;4474321;NP;1;0;X;1;
l;2552256660945;4130257;GOP;1;8359;X;2;
l;2551921119697;4219345;Dem;1;10060;X;1;
l;2551920743889;4357585;Dem;1;5952;X;1;
l;2551652966865;4198865;Dem;1;17972;X;1;
l;2551921117649;4414929;PAG;0;5387;;4;
l;2550713235921;4250065;Dem;1;3642;X;1;
l;2550444199377;4236753;GOP;0;6709;;2;
l;106085841;4273617;GOP;0;16918;;2;
l;2550846926289;4440529;Dem;0;1277;;1;
l;106073553;4263377;Dem;1;13901;X;1;
l;2551720254929;4430289;;0;5617;X;2;
l;2551250489809;4423121;;0;3828;X;1;
l;2551518542289;4251089;GOP;0;38889;;2;
l;2552256946641;4198865;Dem;1;4882;X;1;
l;2551988511185;4408785;WF;0;354;;3;
l;2551518926289;4425169;;0;34878;;2;
l;2550779936209;4396497;Dem;0;333;;1;
l;2550444199377;4419025;CST;0;189;;3;
l;2550713620945;4427217;;0;3936;;2;
l;2550578417105;4230609;Dem;0;10231;X;1;
l;2550377898449;4198865;Dem;1;80410;X;1;
l;106173905;4446673;Dem;0;10161;;1;
l;2552591805905;4331985;Dem;0;2682;;1;
l;2550847837649;4425169;;0;19094;;2;
l;2551182919121;4214225;Dem;0;21577;;1;
l;107025873;4425169;;0;503878;;2;
l;2550444719569;4411857;PAG;0;159;;3;
l;2551317602769;4432337;;0;11594;;1;
l;2550579401169;4423121;;0;14865;X;1;
l;2551049166289;4429265;;0;1009;;1;
l;2551317602769;4431313;;0;20137;X;2;
l;2550847841745;4434385;;0;15302;;2;
l;106214865;4379089;Dem;1;10271;X;1;
l;2550445007313;4409809;Lib;0;202;;4;
l;2551652966865;4409809;Lib;0;480;;4;
l;106202577;4368849;GOP;0;3765;;2;
l;2550377613777;4414929;PAG;0;609;;4;
l;2550713624017;4433361;;0;6426;X;1;
l;2552592673233;4474321;NP;1;0;X;1;
l;2550914769361;4202961;GOP;0;425;;2;
l;2552256138705;4236753;GOP;0;6853;;2;
l;2552591801809;4328913;GOP;1;994;X;2;
l;2551182919121;4130257;GOP;1;47757;X;2;
l;2551988511185;4409809;Lib;0;270;;4;
l;2552592671185;4431313;;0;25209;X;2;
l;2551116275153;4430289;;0;4391;X;2;
l;2550780727761;4423121;;0;39639;X;1;
l;2552458273233;4409809;Lib;0;1969;;4;
l;2551384709585;4427217;;0;7903;;2;
l;2552121920977;4419025;CST;0;163;;3;
l;2552189630929;4471249;CST;0;592;;4;
l;106566097;4418001;PAG;0;7095;;3;
l;2551585651153;4250065;Dem;1;10427;X;1;
l;2551585651153;4472273;Prg;0;682;;3;
l;2550243473873;4251089;GOP;0;4136;;2;
l;2551854293457;4198865;Dem;1;1368;X;1;
l;2551451354577;4214225;Dem;0;454;;1;
l;2551586037201;4430289;;0;9849;X;2;
l;2551316614609;4230609;Dem;0;11447;X;1;
l;2550377615825;4418001;PAG;0;1915;;3;
l;2550377898449;4410833;Prg;0;1020;;5;
l;2552055796177;4424145;;0;333;;2;
l;2552524766673;4397521;GOP;1;418;X;2;
l;106229201;4391377;Dem;0;4708;;1;
l;2551920772561;4384209;Dem;1;1280;;1;
l;2550914562513;4471249;CST;0;38;;4;
l;106216913;4381137;Dem;0;9928;;1;
l;2550310505937;4167121;Dem;1;12909;X;1;
l;106204625;4370897;GOP;0;4865;;2;
l;2550511443409;4343249;Dem;1;10132;X;1;
l;2551920729553;4343249;Dem;1;286;X;1;
l;106124753;4296145;Dem;0;8860;;1;
l;106563025;4214225;Dem;0;69508;;1;
l;2552457465297;4230609;Dem;0;85717;X;1;
l;2551518927313;4427217;;0;48532;;2;
l;2551854474705;4433361;;0;1853;X;1;
l;2551586039249;4433361;;0;14021;X;1;
l;2551049164241;4426193;;0;1260;X;1;
l;107025873;4426193;;0;727264;X;1;
l;2550579401169;4424145;;0;8467;;2;
l;2552055620049;4410833;Prg;0;2;;5;
l;107029969;4434385;;0;409894;;2;
l;2551988688337;4426193;;0;14190;X;1;
l;2551652253137;4304337;GOP;0;3204;;2;
l;2551183382993;4428241;;0;39410;X;1;
l;2551652185553;4258257;GOP;1;11916;X;2;
l;106040785;4230609;Dem;0;680840;X;1;
l;2551920653777;4283857;Dem;1;15680;X;1;
l;2551451640273;4202961;GOP;0;1864;;2;
l;2550981264849;4399569;GOP;1;0;X;1;
l;2551921117649;4197841;Dem;1;161279;X;1;
l;106560977;4411857;PAG;0;2732;;3;
l;2551921579473;4425169;;0;75547;;2;
l;2552525096401;4214225;Dem;0;138;;1;
l;106223057;4195793;Dem;1;12659;;1;
l;2550378074577;4424145;;0;48274;;2;
l;2551787360721;4424145;;0;34293;;2;
l;2551921195473;4250065;Dem;1;196326;X;1;
l;2550377199057;4318673;GOP;1;6630;X;2;
l;106231249;4393425;Dem;0;3749;;1;
l;2550713624017;4434385;;0;3637;;2;
l;2550377244113;4187601;Dem;1;12104;X;1;
l;2552457465297;4236753;GOP;0;83480;;2;
l;106206673;4372945;GOP;0;3765;;2;
l;2552457602513;4182481;Dem;1;1717;X;1;
l;106116561;4291025;Dem;0;5367;;1;
l;2551854473681;4432337;;0;1090;;1;
l;2550377154001;4286929;Dem;0;15633;;1;
l;2551921402321;4408785;WF;0;2981;;3;
l;2550914944465;4421073;;0;163;;2;
l;2552525382097;4408785;WF;0;25;;3;
l;2552190012881;4421073;;0;3135;;2;
l;2550847841745;4433361;;0;20912;X;1;
l;2550914947537;4427217;;0;376;;2;
l;2550243860945;4431313;;0;4959;X;2;
l;106566097;4221393;GOP;0;124462;;2;
l;2551451433425;4250065;Dem;1;692;X;1;
l;106182097;4347345;Dem;1;10515;X;1;
l;2550445184465;4425169;;0;5898;;2;
l;2552457594321;4338129;GOP;0;7228;;2;
l;2550779925969;4475345;NPD;0;2063;;3;
l;2551854293457;4408785;WF;0;75;;3;
l;2551652683217;4416977;PAG;0;706;;3;
l;2552592671185;4432337;;0;9644;;1;
l;2551182476753;4294097;Dem;0;4384;;1;
l;2550242872785;4419025;CST;0;187;;3;
l;2550713617873;4422097;;0;8411;X;1;
l;2550377691601;4250065;Dem;1;72105;X;1;
l;2551450832337;4420049;Lib;0;64;;4;
l;2551048179153;4236753;GOP;0;2433;;2;
l;2551250490833;4425169;;0;3070;;2;
l;2551652760017;4472273;Prg;0;1097;;3;
l;2552457514449;4276689;GOP;0;4627;;2;
l;2551720251857;4423121;;0;4216;X;1;
l;2551182480849;4137425;GOP;1;11609;X;2;
l;2551517965777;4255185;Dem;1;22433;X;1;
l;106208721;4374993;GOP;0;5896;;2;
l;2550780344785;4250065;Dem;1;20535;X;1;
l;2550579400145;4422097;;0;19889;X;1;
l;2551518031313;4299217;GOP;0;2099;;2;
l;2550444800465;4250065;Dem;1;7630;X;1;
l;2551383723473;4236753;GOP;0;16168;;2;
l;2550713621969;4430289;;0;5774;X;2;
l;2551921580497;4427217;;0;140163;;2;
l;2551048179153;4419025;CST;0;76;;3;
l;2552256739793;4251089;GOP;0;5725;;2;
l;2552121963985;4271569;GOP;0;4684;;2;
l;2551921114577;4411857;PAG;0;529;;3;
l;2552458273233;4410833;Prg;0;1331;;5;
l;2551719868881;4251089;GOP;0;5163;;2;
l;2550243473873;4472273;Prg;0;197;;3;
l;2550780732881;4434385;;0;19463;;2;
l;2550579405265;4431313;;0;14581;X;2;
l;2552189220305;4393425;Dem;0;3749;;1;
l;2551787364817;4432337;;0;27104;;1;
l;2552189220305;4163025;GOP;1;11260;X;2;
l;2551384531409;4409809;Lib;0;296;;4;
l;2551451818449;4427217;;0;1325;;2;
l;2551854086609;4250065;Dem;1;968;X;1;
l;106564049;4414929;PAG;0;5996;;4;
l;2552591775185;4300241;Dem;1;195;X;1;
l;2551249505745;4419025;CST;0;108;;3;
l;2551518749137;4198865;Dem;1;68025;X;1;
l;2550846852561;4420049;Lib;0;801;;4;
l;2552122728913;4409809;Lib;0;115;;4;
l;2552055798225;4427217;;0;325;;2;
l;2551518929361;4432337;;0;36080;;1;
l;2551787363793;4430289;;0;57554;X;2;
l;2551183380945;4424145;;0;22106;;2;
l;106169809;4179409;Dem;1;9598;X;1;
l;2550578417105;4236753;GOP;0;13347;;2;
l;2551183384017;4429265;;0;27630;;1;
l;106223057;4387281;GOP;0;16274;X;2;
l;2552591683025;4419025;CST;0;558;;3;
l;2552324055505;4198865;Dem;1;1493;X;1;
l;2551720251857;4424145;;0;3080;;2;
l;2551585858001;4202961;GOP;0;6736;;2;
l;2552256739793;4471249;CST;0;363;;4;
l;2551451640273;4409809;Lib;0;33;;4;
l;2550982058449;4432337;;0;1060;;1;
l;2551116274129;4427217;;0;3727;;2;
l;2552189218257;4162001;GOP;1;2942;X;2;
l;2551786407377;4438481;Dem;0;9753;;1;
l;2551518031313;4172241;Dem;1;2438;X;1;
l;2551317215697;4250065;Dem;1;10768;X;1;
l;2551921195473;4471249;CST;0;3194;;4;
l;2551250490833;4426193;;0;3079;X;1;
l;2550377898449;4409809;Lib;0;1403;;4;
l;2551316690385;4291025;Dem;0;258;;1;
l;2551921114577;4211153;GOP;0;8263;;2;
l;2552122909137;4432337;;0;3297;;1;
l;2550377141713;4277713;Dem;1;22661;;1;
l;2550646127057;4472273;Prg;0;199;;3;
l;2551518930385;4433361;;0;81265;X;1;
l;2551987703249;4230609;Dem;0;12565;X;1;
l;2551384706513;4422097;;0;18882;X;1;
l;2552055801297;4433361;;0;521;X;1;
l;2550847839697;4430289;;0;24493;X;2;
l;2550780728785;4425169;;0;23688;;2;
l;2550512291281;4421073;;0;3548;;2;
l;106132945;4303313;GOP;0;9890;;2;
l;2551183204817;4410833;Prg;0;626;;5;
l;2551451819473;4430289;;0;2196;X;2;
l;2551585858001;4410833;Prg;0;234;;5;
l;2550377149905;4283857;Dem;1;1898;X;1;
l;2552591719889;4266449;GOP;1;5538;X;2;
l;2551451433425;4472273;Prg;0;69;;3;
l;2550646514129;4431313;;0;5407;X;2;
l;2550243855825;4422097;;0;5831;X;1;
l;2552324233681;4427217;;0;1627;;2;
l;2551652181457;4436433;Ind;0;335;;3;
l;2551787361745;4426193;;0;47693;X;1;
l;2551854086609;4251089;GOP;0;1724;;2;
l;2551317598673;4424145;;0;12460;;2;
l;2551384324561;4251089;GOP;0;14380;;2;
l;2552324236753;4434385;;0;1574;;2;
l;2551586033105;4421073;;0;2732;;2;
l;2552190015953;4428241;;0;11212;X;1;
l;2551988692433;4434385;;0;8911;;2;
l;2550914153937;4396497;Dem;0;279;;1;
l;2551316692433;4293073;GOP;0;15910;X;1;
l;2551920649681;4279761;Dem;1;39327;X;1;
l;2550243680721;4202961;GOP;0;4008;;2;
l;2551720256977;4434385;;0;3056;;2;
l;106104273;4286929;Dem;0;21420;;1;
l;106163665;4331985;Dem;0;6953;;1;
l;2550780551633;4410833;Prg;0;434;;5;
l;2551048701393;4214225;Dem;0;539;;1;
l;2552458066385;4250065;Dem;1;90520;X;1;
l;2550847405521;4196817;Dem;1;4709;X;1;
l;2550982057425;4430289;;0;2491;X;2;
l;106057169;4252113;GOP;0;23901;;2;
l;2550310967761;4427217;;0;17330;;2;
l;2550780551633;4408785;WF;0;732;;3;
l;2550578941393;4416977;PAG;0;515;;3;
l;2552189837777;4408785;WF;0;422;;3;
l;106564049;4197841;Dem;1;187893;X;1;
l;2550579225041;4410833;Prg;0;460;;5;
l;106063313;4435409;GOP;0;16114;;2;
l;2550377090513;4420049;Lib;0;1467;;4;
l;2551317136849;4130257;GOP;1;16444;X;2;
l;2551317138897;4416977;PAG;0;246;;3;
l;2552458453457;4431313;;0;118172;X;2;
l;2551183204817;4409809;Lib;0;834;;4;
l;2552390878673;4130257;GOP;1;6395;X;2;
l;2551854472657;4429265;;0;904;;1;
l;2551182581201;4388305;GOP;0;0;X;1;
l;2552257121745;4421073;;0;1822;;2;
l;2551250491857;4427217;;0;2364;;2;
l;2551920766417;4377041;Dem;1;7626;;1;
l;2552525563345;4434385;;0;327;;2;
l;2551786491345;4322769;Dem;1;8440;X;1;
l;106563025;4130257;GOP;1;200925;X;2;
l;2552055413201;4471249;CST;0;23;;4;
l;2552190013905;4423121;;0;11688;X;1;
l;2552458066385;4251089;GOP;0;64852;;2;
l;2551517965777;4256209;GOP;0;13808;;2;
l;2551182997969;4251089;GOP;0;34015;;2;
l;2552458273233;4408785;WF;0;1505;;3;
l;2551317136849;4214225;Dem;0;4824;;1;
l;2552121920977;4236753;GOP;0;5586;;2;
l;106143185;4141521;GOP;1;16339;X;2;
l;2551183386065;4434385;;0;22597;;2;
l;2551988691409;4432337;;0;7257;;1;
l;2552457598417;4342225;GOP;0;11640;X;2;
l;2550310086097;4311505;Dem;1;14809;X;1;
l;2551250313681;4409809;Lib;0;61;;4;
l;2551653145041;4428241;;0;25764;X;1;
l;2552390548945;4397521;GOP;1;5760;X;2;
l;2551720252881;4426193;;0;3628;X;1;
l;2552190020049;4474321;NP;1;0;X;1;
l;2550780344785;4471249;CST;0;1026;;4;
l;2551921402321;4202961;GOP;0;55057;;2;
l;2550310506961;4418001;PAG;0;316;;3;
l;2551518027217;4297169;Dem;0;3698;;1;
l;106565073;4416977;PAG;0;4406;;3;
l;2552592668113;4426193;;0;19042;X;1;
l;2550512293329;4426193;;0;9766;X;1;
l;106180049;4346321;GOP;0;10281;;2;
l;2552592672209;4434385;;0;10836;;2;
l;2552257126865;4431313;;0;6601;X;2;
l;2551988228561;4418001;PAG;0;740;;3;
l;2551987822033;4327889;Dem;0;3678;;1;
l;2550243395025;4130257;GOP;1;5777;X;2;
l;2551384711633;4431313;;0;13220;X;2;
l;2551451815377;4422097;;0;2480;X;1;
l;2550713618897;4424145;;0;3316;;2;
l;2551250492881;4429265;;0;2360;;1;
l;2551854474705;4434385;;0;1228;;2;
l;2551518035409;4304337;GOP;0;7482;;2;
l;2552591683025;4420049;Lib;0;473;;4;
l;2550579402193;4426193;;0;11681;X;1;
l;2551585575377;4219345;Dem;1;11287;X;1;
l;2552055798225;4428241;;0;557;X;1;
l;2551518029265;4171217;Dem;1;13408;X;1;
l;106071505;4438481;Dem;0;14036;;1;
l;2552324055505;4409809;Lib;0;31;;4;
l;2552457592273;4336081;Dem;1;12907;X;1;
l;2551049169361;4474321;NP;1;0;X;1;
l;2552390878673;4214225;Dem;0;2453;;1;
l;2552391341521;4426193;;0;4332;X;1;
l;2552592284113;4472273;Prg;0;886;;3;
l;2550377615825;4221393;GOP;0;45657;;2;
l;2550444199377;4420049;Lib;0;230;;4;
l;2552122522065;4251089;GOP;0;4356;;2;
l;2551988228561;4221393;GOP;0;13353;;2;
l;2552457985489;4412881;Lib;0;1332;;5;
l;106218961;4385233;GOP;0;13625;X;2;
l;2551920752081;4363729;Dem;1;21515;X;1;
l;106161617;4330961;GOP;1;13598;X;2;
l;2551586034129;4423121;;0;13251;X;1;
l;2551586039249;4434385;;0;5304;;2;
l;2552457508305;4270545;Dem;1;1627;X;1;
l;2551920737745;4351441;GOP;0;506;;2;
l;106182097;4348369;GOP;0;6865;;2;
l;2551048987089;4409809;Lib;0;30;;4;
l;106169809;4338129;GOP;0;7228;;2;
l;2550780551633;4198865;Dem;1;30588;X;1;
l;2551183204817;4198865;Dem;1;36322;X;1;
l;2551652158929;4419025;CST;0;884;;3;
l;2551920770513;4381137;Dem;0;518;;1;
l;2550780729809;4427217;;0;25251;;2;
l;2550378075601;4426193;;0;76755;X;1;
l;2552190016977;4429265;;0;6171;;1;
l;2550512296401;4431313;;0;12524;X;2;
l;2552256327121;4162001;GOP;1;7937;X;2;
l;2550445186513;4429265;;0;6467;;1;
l;2551920756177;4368849;GOP;0;3765;;2;
l;2550377149905;4285905;GOP;0;3384;;2;
l;106124753;4137425;GOP;1;11609;X;2;
l;2551988511185;4198865;Dem;1;13811;X;1;
l;2552122522065;4471249;CST;0;239;;4;
l;2551787362769;4428241;;0;55754;X;1;
l;2550511351249;4271569;GOP;0;9239;;2;
l;106233297;4397521;GOP;1;14803;X;2;
l;2551518542289;4472273;Prg;0;3054;;3;
l;2551920750033;4188625;Dem;1;11555;X;1;
l;2551719462353;4399569;GOP;1;0;X;1;
l;106134993;4173265;Dem;1;12228;X;1;
l;2551049165265;4428241;;0;1796;X;1;
l;2552189029841;4230609;Dem;0;6289;X;1;
l;2551921582545;4431313;;0;186773;X;2;
l;2550779743697;4236753;GOP;0;37446;;2;
l;2550846928337;4292049;GOP;1;12795;X;2;
l;106171857;4340177;GOP;0;8350;X;2;
l;2550377613777;4197841;Dem;1;26614;X;1;
l;2550243856849;4424145;;0;2487;;2;
l;2550511909329;4472273;Prg;0;583;;3;
l;2550512298449;4474321;NP;1;0;X;1;
l;2550310789585;4409809;Lib;0;370;;4;
l;2550310086097;4312529;GOP;0;6787;;2;
l;2551786485201;4318673;GOP;1;7319;X;2;
l;106147281;4313553;Dem;0;5504;;1;
l;2550310789585;4410833;Prg;0;436;;5;
l;2552391346641;4474321;NP;1;0;X;1;
l;2551921402321;4409809;Lib;0;2667;;4;
l;2552524574161;4419025;CST;0;22;;3;
l;2550377090513;4419025;CST;0;1609;;3;
l;2551720075729;4410833;Prg;0;78;;5;
l;2551585651153;4251089;GOP;0;6990;;2;
l;2551653147089;4432337;;0;12939;;1;
l;2551250106833;4471249;CST;0;144;;4;
l;2551116272081;4423121;;0;5338;X;1;
l;2552592203217;4412881;Lib;0;310;;5;
l;2552121920977;4420049;Lib;0;172;;4;
l;2551384324561;4250065;Dem;1;5889;X;1;
l;2551451822545;4474321;NP;1;0;X;1;
l;2551116277201;4433361;;0;6038;X;1;
l;2552458273233;4198865;Dem;1;99173;X;1;
l;2552525562321;4432337;;0;233;;1;
l;2552324231633;4424145;;0;1404;;2;
l;2550579018193;4251089;GOP;0;11070;;2;
l;2551720253905;4427217;;0;3123;;2;
l;2551182478801;4170193;Dem;1;14464;X;1;
l;2551048987089;4410833;Prg;0;30;;5;
l;106173905;4342225;GOP;0;11640;X;2;
l;106210769;4194769;Dem;1;9413;;1;
l;2551250313681;4198865;Dem;1;3013;X;1;
l;106149329;4317649;Dem;0;7478;;1;
l;2552525175249;4251089;GOP;0;354;;2;
l;2551116276177;4431313;;0;5961;X;2;
l;106120657;4294097;Dem;0;6840;;1;
l;2551786487249;4320721;GOP;1;13661;X;2;
l;2551115889105;4471249;CST;0;129;;4;
l;2551518039505;4306385;Dem;1;12254;X;1;
l;2551920760273;4372945;GOP;0;3765;;2;
l;106137041;4305361;GOP;0;6042;;2;
l;2550847839697;4429265;;0;12086;;1;
l;2550243862993;4474321;NP;1;0;X;1;
l;2552055801297;4434385;;0;357;;2;
l;2552257123793;4426193;;0;4988;X;1;
l;2550377266641;4381137;Dem;0;9410;;1;
l;2550646511057;4425169;;0;4247;;2;
l;2551182997969;4472273;Prg;0;1964;;3;
l;2550713619921;4426193;;0;5521;X;1;
l;2552457465297;4419025;CST;0;1740;;3;
l;2551317138897;4167121;Dem;1;4348;X;1;
l;106564049;4216273;GOP;0;65589;;2;
l;2552525096401;4130257;GOP;1;592;X;2;
l;2550511828433;4166097;Dem;1;10010;X;1;
l;2552457502161;4266449;GOP;1;11316;X;2;
l;106188241;4354513;Dem;0;12167;;1;
l;106175953;4344273;GOP;0;10228;;2;
l;2552391342545;4428241;;0;5218;X;1;
l;2550445189585;4474321;NP;1;0;X;1;
l;2551987824081;4330961;GOP;1;304;X;2;
l;2550646516177;4474321;NP;1;0;X;1;
l;2551451816401;4424145;;0;1174;;2;
l;2551250106833;4251089;GOP;0;3876;;2;
l;2550377090513;4230609;Dem;0;66372;X;1;
l;2551518924241;4422097;;0;93227;X;1;
l;106560977;4211153;GOP;0;116551;;2;
l;2552592203217;4411857;PAG;0;362;;3;
l;106122705;4170193;Dem;1;14464;X;1;
l;2550646509009;4421073;;0;1434;;2;
l;106139089;4307409;GOP;0;6302;;2;
l;2550310964689;4422097;;0;27297;X;1;
l;2550914769361;4198865;Dem;1;503;X;1;
l;2550846852561;4230609;Dem;0;14001;X;1;
l;2550377898449;4202961;GOP;0;64781;;2;
l;2551115351505;4286929;Dem;0;3928;;1;
l;2551116276177;4432337;;0;2229;;1;
l;2551115466193;4384209;Dem;1;3858;;1;
l;2551920764369;4194769;Dem;1;7183;;1;
l;106565073;4167121;Dem;1;136743;X;1;
l;2550780730833;4429265;;0;27519;;1;
l;2552190019025;4433361;;0;11939;X;1;
l;2550579225041;4198865;Dem;1;12068;X;1;
l;2552256138705;4419025;CST;0;221;;3;
l;2550444242385;4271569;GOP;0;5487;;2;
l;2550377215441;4335057;GOP;1;4150;X;2;
l;2551317597649;4422097;;0;27163;X;1;
l;2551384710609;4429265;;0;7721;;1;
l;2551115889105;4251089;GOP;0;2848;;2;
l;2550913961425;4230609;Dem;0;307;X;1;
l;2552458450385;4426193;;0;93354;X;1;
l;2551451354577;4130257;GOP;1;2639;X;2;
l;2551049167313;4431313;;0;2099;X;2;
l;2552324235729;4431313;;0;2486;X;2;
l;2551720250833;4422097;;0;6111;X;1;
l;106641873;4250065;Dem;1;677956;X;1;
l;2551786493393;4326865;GOP;0;5143;;2;
l;2550779928017;4388305;GOP;0;0;X;1;
l;2550982053329;4421073;;0;607;;2;
l;2551920721361;4337105;GOP;0;665;;2;
l;2551652158929;4420049;Lib;0;697;;4;
l;2551786491345;4324817;GOP;0;6118;;2;
l;2552457614801;4358609;GOP;0;39;;2;
l;2552122907089;4428241;;0;6334;X;1;
l;2551585142225;4303313;GOP;0;7483;;2;
l;2551988304337;4251089;GOP;0;12620;;2;
l;106141137;4309457;GOP;0;7805;;2;
l;2552592666065;4422097;;0;29933;X;1;
l;2551048780241;4251089;GOP;0;2069;;2;
l;2551921581521;4430289;;0;108618;X;2;
l;2551719790033;4214225;Dem;0;1428;;1;
l;2551585050065;4230609;Dem;0;10428;X;1;
l;2551518035409;4173265;Dem;1;10546;X;1;
l;2552525557201;4421073;;0;109;;2;
l;2550914769361;4409809;Lib;0;4;;4;
l;2551451820497;4431313;;0;1948;X;2;
l;2551920637393;4271569;GOP;0;195;;2;
l;2550713620945;4428241;;0;6167;X;1;
l;2551049163217;4423121;;0;1846;X;1;
l;2550445188561;4434385;;0;4065;;2;
l;2552055620049;4202961;GOP;0;495;;2;
l;2550579018193;4472273;Prg;0;740;;3;
l;2552525175249;4250065;Dem;1;285;X;1;
l;2551115889105;4472273;Prg;0;187;;3;
l;2552457604561;4346321;GOP;0;6975;;2;
l;2552323848657;4251089;GOP;0;2198;;2;
l;2551383723473;4230609;Dem;0;5764;X;1;
l;2550713159121;4416977;PAG;0;231;;3;
l;2551854473681;4431313;;0;2007;X;2;
l;2550512295377;4430289;;0;11626;X;2;
l;2551383723473;4419025;CST;0;545;;3;
l;106040785;4419025;CST;0;19453;;3;
l;2551048179153;4420049;Lib;0;48;;4;
l;2552324055505;4410833;Prg;0;32;;5;
l;2552190012881;4422097;;0;16175;X;1;
l;2551250493905;4431313;;0;4274;X;2;
l;2550847836625;4424145;;0;15451;;2;
l;106065361;4255185;Dem;1;22433;X;1;
l;2551988304337;4471249;CST;0;633;;4;
l;2551384709585;4428241;;0;14648;X;1;
l;2552390356433;4419025;CST;0;154;;3;
l;2551585575377;4221393;GOP;0;7147;;2;
l;2551720075729;4202961;GOP;0;5066;;2;
l;2551317138897;4218321;GOP;0;6533;;2;
l;2551384531409;4198865;Dem;1;8724;X;1;
l;2550646515153;4433361;;0;4921;X;1;
l;2552190015953;4427217;;0;8113;;2;
l;2550511828433;4412881;Lib;0;206;;5;
l;2550243680721;4408785;WF;0;164;;3;
l;2552458066385;4472273;Prg;0;3718;;3;
l;2550310789585;4408785;WF;0;357;;3;
l;2550377615825;4219345;Dem;1;47366;X;1;
l;2550445007313;4408785;WF;0;196;;3;
l;2552189029841;4236753;GOP;0;12523;;2;
l;2551786495441;4328913;GOP;1;2466;X;2;
l;2551518041553;4309457;GOP;0;7805;;2;
l;2551049167313;4432337;;0;1113;;1;
l;2552055004625;4396497;Dem;0;175;;1;
l;106188241;4449745;GOP;0;12694;X;2;
l;2551115288017;4236753;GOP;0;3414;;2;
l;2552256138705;4230609;Dem;0;3357;X;1;
l;2550847837649;4426193;;0;15313;X;1;
l;106223057;4475345;NPD;0;2063;;3;
l;2551920657873;4286929;Dem;0;1859;;1;
l;2551787184593;4202961;GOP;0;42006;;2;
l;2551787184593;4409809;Lib;0;838;;4;
l;2551586035153;4425169;;0;7430;;2;
l;106067409;4257233;Dem;0;20139;;1;
l;2552592490961;4202961;GOP;0;16700;;2;
l;2552189218257;4391377;Dem;0;819;;1;
l;2551653148113;4434385;;0;14675;;2;
l;2552457612753;4354513;Dem;0;4457;;1;
l;2551921577425;4422097;;0;223018;X;1;
l;2551183385041;4432337;;0;22332;;1;
l;2551384713681;4474321;NP;1;0;X;1;
l;2552122728913;4408785;WF;0;146;;3;
l;2551250493905;4432337;;0;2124;;1;
l;2550310008273;4257233;Dem;0;14665;;1;
l;2552391343569;4430289;;0;5607;X;2;
l;2550445182417;4422097;;0;12142;X;1;
l;2551921580497;4428241;;0;121267;X;1;
l;2551518027217;4138449;GOP;1;5280;X;2;
l;2552189837777;4202961;GOP;0;10506;;2;
l;2551384324561;4472273;Prg;0;640;;3;
l;2552458451409;4427217;;0;69558;;2;
l;2551451816401;4423121;;0;1781;X;1;
l;2551652760017;4250065;Dem;1;15025;X;1;
l;2552122904017;4422097;;0;8907;X;1;
l;2552189552081;4214225;Dem;0;4117;;1;
l;2550981262801;4396497;Dem;0;624;;1;
l;106196433;4362705;GOP;0;5204;;2;
l;2550242872785;4230609;Dem;0;1946;X;1;
l;2550981878225;4202961;GOP;0;2283;;2;
l;2551317599697;4426193;;0;16595;X;1;
l;2552457608657;4349393;Dem;1;10844;X;1;
l;2551384712657;4433361;;0;13712;X;1;
l;2550512294353;4428241;;0;12467;X;1;
l;2552391339473;4421073;;0;1474;;2;
l;2550579405265;4432337;;0;9421;;1;
l;2552190014929;4425169;;0;9028;;2;
l;2550378077649;4430289;;0;89141;X;2;
l;2550310966737;4426193;;0;19817;X;1;
l;2552525559249;4425169;;0;343;;2;
l;106147281;4315601;GOP;1;15240;X;2;
l;2550378078673;4431313;;0;99924;X;2;
l;2550243680721;4409809;Lib;0;101;;4;
l;2551586033105;4422097;;0;16572;X;1;
l;106202577;4367825;Dem;1;16224;X;1;
l;106141137;4444625;Ind;0;824;;3;
l;2552257128913;4474321;NP;1;0;X;1;
l;2551787359697;4422097;;0;76320;X;1;
l;2552525564369;4474321;NP;1;0;X;1;
l;2550377240017;4357585;Dem;1;9541;X;1;
l;2550578417105;4420049;Lib;0;566;;4;
l;2551182413265;4252113;GOP;0;23901;;2;
l;2550982058449;4431313;;0;2319;X;2;
l;2551116272081;4424145;;0;2283;;2;
l;2551786493393;4177361;Dem;1;5642;X;1;
l;2551317601745;4430289;;0;20875;X;2;
l;2551786376657;4419025;CST;0;1386;;3;
l;2551451640273;4410833;Prg;0;22;;5;
l;2552324055505;4202961;GOP;0;2147;;2;
l;2550847660497;4408785;WF;0;718;;3;
l;2551921583569;4433361;;0;194964;X;1;
l;2552257124817;4427217;;0;4023;;2;
l;106198481;4364753;GOP;0;2416;;2;
l;2550511909329;4250065;Dem;1;9830;X;1;
l;106077649;4265425;Dem;0;16489;;1;
l;2550243855825;4421073;;0;1328;;2;
l;2550914769361;4410833;Prg;0;3;;5;
l;2551653147089;4431313;;0;26762;X;2;
l;2552055796177;4423121;;0;522;X;1;
l;2550779923921;4386257;Dem;0;7934;;1;
l;2551719868881;4472273;Prg;0;249;;3;
l;2551049168337;4434385;;0;1476;;2;
l;2551920772561;4385233;GOP;0;1981;X;2;
l;2551048780241;4472273;Prg;0;87;;3;
l;106229201;4162001;GOP;1;16182;X;2;
l;2550779923921;4158929;GOP;1;21389;X;2;
l;106204625;4369873;Dem;1;18620;X;1;
l;2551920594385;4420049;Lib;0;2796;;4;
l;2552055620049;4198865;Dem;1;387;X;1;
l;2552458448337;4421073;;0;27344;;2;
l;2551988511185;4410833;Prg;0;236;;5;
l;2550981671377;4251089;GOP;0;2200;;2;
l;2550779743697;4230609;Dem;0;24075;X;1;
l;2551652277713;4327889;Dem;0;535;;1;
l;2551250313681;4202961;GOP;0;3353;;2;
l;2551720255953;4431313;;0;4684;X;2;
l;2552592490961;4409809;Lib;0;401;;4;
l;2551988304337;4472273;Prg;0;671;;3;
l;2550579018193;4250065;Dem;1;10263;X;1;
l;2551384708561;4426193;;0;10667;X;1;
l;2550377139665;4274641;Dem;1;17471;X;1;
l;2552592669137;4427217;;0;13816;;2;
l;2550645525969;4419025;CST;0;152;;3;
l;2551920594385;4230609;Dem;0;193461;X;1;
l;106157521;4326865;GOP;0;5143;;2;
l;2552525560273;4428241;;0;448;X;1;
l;2550646512081;4428241;;0;5683;X;1;
l;2552055797201;4426193;;0;386;X;1;
l;2551586034129;4424145;;0;5402;;2;
l;2552189630929;4251089;GOP;0;11176;;2;
l;2551116095953;4409809;Lib;0;72;;4;
l;2551987815889;4321745;Dem;0;4504;;1;
l;2550847660497;4202961;GOP;0;20784;;2;
l;106151377;4319697;Dem;0;8613;;1;
l;2552592670161;4430289;;0;21741;X;2;
l;2552390356433;4236753;GOP;0;4762;;2;
l;106206673;4371921;Dem;1;18021;X;1;
l;2550309981649;4236753;GOP;0;13634;;2;
l;2550512116177;4202961;GOP;0;8528;;2;
l;2550981671377;4472273;Prg;0;62;;3;
l;2551249505745;4230609;Dem;0;2115;X;1;
l;2552458452433;4430289;;0;97281;X;2;
l;2550377268689;4385233;GOP;0;7388;X;2;
l;2550713235921;4472273;Prg;0;352;;3;
l;2550579403217;4428241;;0;15405;X;1;
l;2551317422545;4410833;Prg;0;291;;5;
l;2550243858897;4428241;;0;3986;X;1;
l;2551250313681;4408785;WF;0;90;;3;
l;2551048987089;4408785;WF;0;63;;3;
l;106145233;4311505;Dem;1;14809;X;1;
l;106128849;4171217;Dem;1;13408;X;1;
l;2551854086609;4471249;CST;0;124;;4;
l;106190289;4358609;GOP;0;10323;;2;
l;2551518749137;4408785;WF;0;1248;;3;
l;2552391344593;4432337;;0;2972;;1;
l;2552525561297;4430289;;0;499;X;2;
l;106198481;4451793;PAG;0;1372;;3;
l;2550511445457;4182481;Dem;1;244;X;1;
l;107023825;4421073;;0;204299;;2;
l;2551049162193;4422097;;0;2585;X;1;
l;2551854469585;4424145;;0;1223;;2;
l;2551719267793;4419025;CST;0;245;;3;
l;2551183385041;4431313;;0;45445;X;2;
l;106560977;4166097;Dem;1;152045;X;1;
l;2550712708561;4133329;GOP;1;7039;X;2;
l;106153425;4321745;Dem;0;8148;;1;
l;2550512116177;4409809;Lib;0;233;;4;
l;106208721;4373969;Dem;1;9863;X;1;
l;2550914562513;4251089;GOP;0;431;;2;
l;2552055795153;4421073;;0;162;;2;
l;2551920729553;4344273;GOP;0;192;;2;
l;2551316614609;4236753;GOP;0;19829;;2;
l;2551652966865;4408785;WF;0;857;;3;
l;2552457590225;4334033;Dem;0;7064;;1;
l;2551786409425;4263377;Dem;1;13901;X;1;
l;2551182472657;4292049;GOP;1;674;X;2;
l;2552121920977;4230609;Dem;0;5048;X;1;
l;2551250494929;4434385;;0;2505;;2;
l;2550377127377;4265425;Dem;0;2436;;1;
l;2552055620049;4408785;WF;0;11;;3;
l;2550243395025;4214225;Dem;0;1351;;1;
l;2551518927313;4428241;;0;60558;X;1;
l;2550444800465;4472273;Prg;0;349;;3;
l;2550982056401;4427217;;0;1371;;2;
l;2550713159121;4167121;Dem;1;4481;X;1;
l;2552189837777;4409809;Lib;0;274;;4;
l;2551720252881;4425169;;0;3608;;2;
l;2550847376849;4416977;PAG;0;757;;3;
l;106192337;4360657;GOP;1;13893;X;2;
l;2551384710609;4430289;;0;14940;X;2;
l;2551653148113;4433361;;0;24949;X;1;
l;2551249698257;4396497;Dem;0;1897;;1;
l;2551518931409;4474321;NP;1;0;X;1;
l;2551182478801;4295121;GOP;0;8834;;2;
l;2551182396881;4420049;Lib;0;1088;;4;
l;2552592490961;4408785;WF;0;486;;3;
l;2551116095953;4410833;Prg;0;62;;5;
l;2551920768465;4379089;Dem;1;10271;X;1;
l;2550982054353;4424145;;0;1338;;2;
l;2551115889105;4250065;Dem;1;4451;X;1;
l;106137041;4174289;Dem;1;7894;X;1;
l;2552323247569;4420049;Lib;0;43;;4;
l;2550847840721;4431313;;0;22479;X;2;
l;106040785;4236753;GOP;0;665930;;2;
l;2551987795409;4303313;GOP;0;209;;2;
l;2551920594385;4419025;CST;0;2087;;3;
l;2550713622993;4432337;;0;3704;;1;
l;2550444719569;4413905;CST;0;183;;4;
l;2550914946513;4426193;;0;392;X;1;
l;106184145;4351441;GOP;0;9154;;2;
l;2552323848657;4472273;Prg;0;107;;3;
l;2552323247569;4236753;GOP;0;2578;;2;
l;2551116271057;4421073;;0;1300;;2;
l;2551585858001;4408785;WF;0;374;;3;
l;2551854475729;4474321;NP;1;0;X;1;
l;2550445188561;4433361;;0;10188;X;1;
l;2551921114577;4166097;Dem;1;29030;X;1;
l;2550377898449;4408785;WF;0;1438;;3;
l;2552324231633;4423121;;0;2151;X;1;
l;2552525175249;4471249;CST;0;30;;4;
l;2552189837777;4198865;Dem;1;8180;X;1;
l;2551049163217;4424145;;0;1301;;2;
l;2551987824081;4329937;Dem;0;210;;1;
l;2551653141969;4422097;;0;32782;X;1;
l;2551384707537;4424145;;0;7988;;2;
l;106186193;4473297;GOP;0;5718;;2;
l;2550511909329;4251089;GOP;0;7692;;2;
l;2551787365841;4434385;;0;30744;;2;
l;2550712634833;4236753;GOP;0;5749;;2;
l;2552323435985;4391377;Dem;0;925;;1;
l;106225105;4388305;GOP;0;0;X;1;
l;2550579403217;4427217;;0;8875;;2;
l;106212817;4378065;GOP;0;8734;X;2;
l;2551586040273;4474321;NP;1;0;X;1;
l;2552391340497;4424145;;0;3061;;2;
l;2552055334353;4130257;GOP;1;752;X;2;
l;2550712634833;4230609;Dem;0;3970;X;1;
l;2551787184593;4198865;Dem;1;48529;X;1;
l;2552524574161;4236753;GOP;0;499;;2;
l;2551049164241;4425169;;0;1820;;2;
l;2550713235921;4471249;CST;0;371;;4;
l;2550846942673;4299217;GOP;0;888;;2;
l;2551183379921;4422097;;0;58035;X;1;
l;2550378073553;4421073;;0;23864;;2;
l;2551586035153;4426193;;0;10719;X;1;
l;2551250106833;4472273;Prg;0;147;;3;
l;2551317598673;4423121;;0;18702;X;1;
l;2551518542289;4250065;Dem;1;58902;X;1;
l;2551921578449;4423121;;0;191217;X;1;
l;2551787359697;4421073;;0;15003;;2;
l;2552190019025;4434385;;0;7288;;2;
l;2551317603793;4433361;;0;20737;X;1;
l;2552055334353;4214225;Dem;0;140;;1;
l;2552457510353;4272593;Dem;1;19883;X;1;
l;2551183381969;4426193;;0;37022;X;1;
l;2550645525969;4230609;Dem;0;2311;X;1;
l;2550310789585;4198865;Dem;1;21100;X;1;
l;2551116095953;4202961;GOP;0;2524;;2;
l;2551450832337;4419025;CST;0;80;;3;
l;2551652261329;4141521;GOP;1;12278;X;2;
l;2552122908113;4430289;;0;6160;X;2;
l;2550914562513;4250065;Dem;1;366;X;1;
l;106159569;4327889;Dem;0;7165;;1;
l;2551182396881;4230609;Dem;0;31731;X;1;
l;106114513;4133329;GOP;1;17624;X;2;
l;2550445183441;4423121;;0;9361;X;1;
l;106214865;4380113;GOP;0;8715;;2;
l;2551920758225;4370897;GOP;0;4865;;2;
l;2551384708561;4425169;;0;10741;;2;
l;2551384531409;4202961;GOP;0;13268;;2;
l;2550780728785;4426193;;0;33568;X;1;
l;2550310969809;4432337;;0;8512;;1;
l;2552591801809;4327889;Dem;0;528;;1;
l;2550981592529;4130257;GOP;1;2877;X;2;
l;106641873;4471249;CST;0;28231;;4;
l;2550309981649;4420049;Lib;0;441;;4;
l;2550846852561;4419025;CST;0;948;;3;
l;2551720075729;4408785;WF;0;172;;3;
l;2552055799249;4429265;;0;297;;1;
l;2551383907793;4388305;GOP;0;0;X;1;
l;2551920739793;4473297;GOP;0;5718;;2;
l;2552189029841;4419025;CST;0;439;;3;
l;2550646333905;4410833;Prg;0;62;;5;
l;2552458273233;4202961;GOP;0;66814;;2;
l;2552122013137;4300241;Dem;1;0;X;1;
l;2552592284113;4250065;Dem;1;15599;X;1;
l;2551316694481;4294097;Dem;0;2456;;1;
l;2550310582737;4251089;GOP;0;11193;;2;
l;2551384706513;4421073;;0;3612;;2;
l;2551786376657;4236753;GOP;0;49864;;2;
l;2550444336593;4345297;GOP;0;4072;;2;
l;2550712634833;4419025;CST;0;272;;3;
l;2550847453649;4472273;Prg;0;993;;3;
l;2550847376849;4218321;GOP;0;21454;;2;
l;2552054812113;4236753;GOP;0;634;;2;
l;2551920762321;4374993;GOP;0;5896;;2;
l;2552390548945;4396497;Dem;0;2826;;1;
l;2551116277201;4434385;;0;2096;;2;
l;2550914562513;4472273;Prg;0;20;;3;
l;106216913;4382161;GOP;0;12002;X;2;
l;2552189837777;4410833;Prg;0;138;;5;
l;2551250313681;4410833;Prg;0;40;;5;
l;2550847405521;4253137;GOP;0;6263;;2;
l;2550981878225;4410833;Prg;0;13;;5;
l;2551317601745;4429265;;0;11695;;1;
l;2551987815889;4145617;GOP;1;8513;X;2;
l;2550646510033;4423121;;0;5079;X;1;
l;106089937;4274641;Dem;1;28677;X;1;
l;2550445187537;4432337;;0;4763;;1;
l;2551317603793;4434385;;0;11407;;2;
l;2550982055377;4426193;;0;1525;X;1;
l;2551786483153;4313553;Dem;0;1727;;1;
l;2551987703249;4419025;CST;0;446;;3;
l;2550512292305;4424145;;0;6968;;2;
l;2550780732881;4433361;;0;42057;X;1;
l;2551988687313;4424145;;0;9807;;2;
l;2550310084049;4310481;Dem;0;2402;;1;
l;106182097;4447697;Lib;0;416;;3;
l;2550377127377;4266449;GOP;1;4156;X;2;
l;2551383909841;4160977;GOP;1;0;X;2;
l;2550847660497;4410833;Prg;0;385;;5;
l;2551517941201;4419025;CST;0;1504;;3;
l;2550780731857;4431313;;0;39702;X;2;
l;2551988693457;4474321;NP;1;0;X;1;
l;2550579406289;4433361;;0;15354;X;1;
l;106560977;4412881;Lib;0;2291;;5;
l;2550713625041;4474321;NP;1;0;X;1;
l;2551586037201;4429265;;0;9568;;1;
l;2552391341521;4425169;;0;4054;;2;
l;2551921579473;4426193;;0;163404;X;1;
l;2552256946641;4410833;Prg;0;78;;5;
l;106178001;4182481;Dem;1;12762;X;1;
l;2552055413201;4251089;GOP;0;498;;2;
l;2552524574161;4230609;Dem;0;214;X;1;
l;2551250488785;4422097;;0;5454;X;1;
l;2552457985489;4413905;CST;0;2047;;4;
l;106218961;4384209;Dem;1;10435;;1;
l;2551920752081;4364753;GOP;0;2416;;2;
l;2551652181457;4254161;Dem;0;1422;X;1;
l;2551115288017;4230609;Dem;0;4735;X;1;
l;2550646333905;4202961;GOP;0;4873;;2;
l;2552055620049;4409809;Lib;0;10;;4;
l;2550377154001;4287953;GOP;0;17758;X;2;
l;2550445007313;4198865;Dem;1;8748;X;1;
l;2552525382097;4202961;GOP;0;387;;2;
l;106593745;4196817;Dem;1;22499;X;1;
l;2550646513105;4430289;;0;5865;X;2;
l;2552391345617;4433361;;0;5753;X;1;
l;2551653149137;4474321;NP;1;0;X;1;
l;2552391339473;4422097;;0;7426;X;1;
l;2550378076625;4428241;;0;88543;X;1;
l;2550981878225;4409809;Lib;0;28;;4;
l;2551853673937;4391377;Dem;0;598;;1;
l;2550914949585;4432337;;0;367;;1;
l;2551183381969;4425169;;0;27731;;2;
l;2550579018193;4471249;CST;0;860;;4;
l;2551517963729;4254161;Dem;0;17303;X;1;
l;2552525563345;4433361;;0;393;X;1;
l;2550713622993;4431313;;0;6200;X;2;
l;2551719790033;4130257;GOP;1;6163;X;2;
l;2552457614801;4357585;Dem;1;43;X;1;
l;2551653146065;4430289;;0;26118;X;2;
l;2551518041553;4444625;Ind;0;824;;3;
l;106116561;4292049;GOP;1;13860;X;2;
l;2550713617873;4421073;;0;1723;;2;
l;2551317600721;4428241;;0;20374;X;1;
l;2551383723473;4420049;Lib;0;423;;4;
l;106165713;4334033;Dem;0;9682;;1;
l;106233297;4396497;Dem;0;6442;;1;
l;2550846926289;4133329;GOP;1;3816;X;2;
l;2550914944465;4422097;;0;771;X;1;
l;106221009;4386257;Dem;0;7934;;1;
l;2552324230609;4422097;;0;3064;X;1;
l;2550780344785;4251089;GOP;0;37907;;2;
l;2552457604561;4183505;Dem;1;8471;X;1;
l;2551720254929;4429265;;0;1966;;1;
l;2551450832337;4236753;GOP;0;2323;;2;
l;2552458450385;4425169;;0;61553;;2;
l;106184145;4349393;Dem;1;12034;X;1;
l;2550512293329;4425169;;0;8845;;2;
l;2551586036177;4427217;;0;8109;;2;
l;106171857;4339153;Dem;0;7355;;1;
l;106081745;4268497;Dem;0;18088;;1;
l;2550512297425;4433361;;0;12937;X;1;
l;2552458454481;4433361;;0;117923;X;1;
l;2550646048209;4214225;Dem;0;1677;;1;
l;2551183382993;4427217;;0;29813;;2;
l;2550310582737;4472273;Prg;0;941;;3;
l;2551720250833;4421073;;0;1495;;2;
l;2550847376849;4167121;Dem;1;14885;X;1;
l;2550512295377;4429265;;0;8107;;1;
l;2551518928337;4430289;;0;56142;X;2;
l;2550310582737;4250065;Dem;1;18382;X;1;
l;2552256329169;4163025;GOP;1;0;X;2;
l;2552457596369;4339153;Dem;0;7355;;1;
l;2551048179153;4230609;Dem;0;799;X;1;
l;2551921117649;4216273;GOP;0;43029;;2;
l;2551786499537;4149713;GOP;1;8066;X;2;
l;2552122446289;4418001;PAG;0;334;;3;
l;2551115288017;4419025;CST;0;92;;3;
l;2550646048209;4130257;GOP;1;7003;X;2;
l;2551451820497;4432337;;0;1077;;1;
l;2552592667089;4423121;;0;22467;X;1;
l;106167761;4336081;Dem;1;14323;X;1;
l;2550377260497;4194769;Dem;1;2230;;1;
l;2550779743697;4420049;Lib;0;807;;4;
l;2550914950609;4434385;;0;361;;2;
l;2552457465297;4420049;Lib;0;1760;;4;
l;2551518033361;4300241;Dem;1;1974;X;1;
l;2551787360721;4423121;;0;54730;X;1;
l;106130897;4299217;GOP;0;10015;;2;
l;2552457606609;4347345;Dem;1;10515;X;1;
l;2551518039505;4443601;PAG;0;572;;3;
l;106096081;4280785;GOP;0;5272;;2;
l;106560977;4413905;CST;0;3581;;4;
l;2551116273105;4425169;;0;2941;;2;
l;106083793;4270545;Dem;1;26871;X;1;
l;2551987733969;4438481;Dem;0;4283;;1;
l;2551183384017;4430289;;0;42110;X;2;
l;107023825;4422097;;0;1110147;X;1;
l;2552525559249;4426193;;0;344;X;1;
l;2551316614609;4419025;CST;0;1000;;3;
l;107027921;4430289;;0;747792;X;2;
l;2552592203217;4166097;Dem;1;15413;X;1;
l;2551451433425;4251089;GOP;0;2041;;2;
l;2551988690385;4430289;;0;17123;X;2;
l;2550713235921;4251089;GOP;0;5256;;2;
l;106194385;4187601;Dem;1;12104;X;1;
l;2550645525969;4236753;GOP;0;6218;;2;
l;2551316690385;4292049;GOP;1;391;X;2;
l;2550310965713;4423121;;0;22692;X;1;
l;2550982057425;4429265;;0;936;;1;
l;2552391164369;4408785;WF;0;123;;3;
l;2551853485521;4419025;CST;0;86;;3;
l;2552591803857;4330961;GOP;1;13294;X;2;
l;2551317215697;4472273;Prg;0;1098;;3;
l;2551518749137;4202961;GOP;0;39085;;2;
l;2552256739793;4472273;Prg;0;269;;3;
l;2552122910161;4433361;;0;7235;X;1;
l;2551116274129;4428241;;0;4401;X;1;
l;2551920739793;4185553;Dem;1;21057;X;1;
l;2550511828433;4211153;GOP;0;8829;;2;
l;2551652683217;4218321;GOP;0;22069;;2;
l;2551518465489;4167121;Dem;1;70099;X;1;
l;2551720258001;4474321;NP;1;0;X;1;
l;2551920733649;4346321;GOP;0;3306;;2;
l;2552189552081;4130257;GOP;1;15117;X;2;
l;2551988228561;4219345;Dem;1;12758;X;1;
l;2552122907089;4427217;;0;4381;;2;
l;2552591719889;4265425;Dem;0;2872;;1;
l;2552122909137;4431313;;0;7435;X;2;
l;2551988689361;4427217;;0;10689;;2;
l;2550377242065;4360657;GOP;1;13893;X;2;
l;106175953;4343249;Dem;1;13696;X;1;
l;106085841;4272593;Dem;1;30318;X;1;
l;2550378080721;4474321;NP;1;0;X;1;
l;2551787361745;4425169;;0;37953;;2;
l;2551250489809;4424145;;0;2391;;2;
l;2550377237969;4449745;GOP;0;8044;X;2;
l;2551854468561;4422097;;0;2613;X;1;
l;106057169;4169169;Dem;1;24165;;1;
l;2552054812113;4230609;Dem;0;238;X;1;
l;2552323247569;4230609;Dem;0;1088;X;1;
l;2552592668113;4425169;;0;14233;;2;
l;2550511308241;4230609;Dem;0;8913;X;1;
l;2550981878225;4198865;Dem;1;1040;X;1;
l;106104273;4287953;GOP;0;24167;X;2;
l;2552122906065;4425169;;0;4527;;2;
l;2551652966865;4410833;Prg;0;381;;5;
l;2551115810257;4214225;Dem;0;3036;;1;
l;2551115466193;4385233;GOP;0;4256;X;2;
l;2551585651153;4471249;CST;0;417;;4;
l;2551920653777;4285905;GOP;0;12755;;2;
l;2550378076625;4427217;;0;56919;;2;
l;2550445007313;4410833;Prg;0;122;;5;
l;2550914950609;4433361;;0;575;X;1;
l;2550847840721;4432337;;0;13423;;1;
l;2551586038225;4431313;;0;13215;X;2;
l;2551920639441;4272593;Dem;1;10435;X;1;
