l;2887470641773;49471085;;0;870;;2;
l;2887537143405;49460845;Ind;0;224;;3;
l;2891429666413;49243757;GOP;1;1265;X;2;
l;2889081078381;49421933;Ind;0;6;;15;
l;2888745534061;49414765;Ind;0;5;;8;
l;2890020602477;49417837;Ind;0;1;;11;
l;2891429453421;49455725;Ind;0;94;;5;
l;2891698324077;49420909;Ind;0;1;;14;
l;2891899419245;49228397;Dem;0;5405;;1;
l;2890289037933;49473133;Ind;0;8;;4;
l;2885926530669;49461869;Ind;0;39;;4;
l;2886195397229;49422957;Ind;0;50;;16;
l;2891362779757;49413741;Ind;0;48;;7;
l;2891429888621;49164909;GOP;0;32543;X;2;
l;2889148187245;49411693;Ind;0;6;;5;
l;2886598226541;49471085;;0;400;;2;
l;2889684773485;49105517;Dem;1;3087;X;1;
l;2886463832685;49473133;Ind;0;21;;4;
l;2890557032045;49435245;Ind;0;5;;7;
l;2889886384749;49411693;Ind;0;13;;5;
l;2887806009965;49419885;Ind;0;1;;13;
l;2890960126573;49416813;Ind;0;10;;10;
l;2889281961581;49167981;Dem;0;1702;;1;
l;2891362779757;49473133;Ind;0;62;;4;
l;2888946429549;49460845;Ind;0;10;;3;
l;2887470465645;49421933;Ind;0;18;;15;
l;2891697882733;49431149;Ind;0;14;;3;
l;2887134921325;49414765;Ind;0;3;;8;
l;2890221493869;49455725;Ind;0;36;;5;
l;2890154389101;49220205;GOP;0;5363;X;2;
l;2892302303853;49408621;Ind;0;439;;3;
l;2892234878573;49092205;Dem;1;5035;;1;
l;2889885941357;49167981;Dem;0;1650;;1;
l;2886061179501;49415789;Ind;0;5;;9;
l;2887537574509;49421933;Ind;0;9;;15;
l;2888879751789;49413741;Ind;0;153;;7;
l;2885792744045;49415789;Ind;0;6;;9;
l;2888611492461;49471085;;0;341;;2;
l;2889684773485;49508973;Ind;0;151;;3;
l;2887134486125;49454701;Ind;0;28;;4;
l;2889617509997;49063533;Dem;1;2784;;1;
l;2886665159277;49421933;Ind;0;0;;15;
l;2887470465645;49411693;Ind;0;10;;5;
l;2890087711341;49413741;Ind;0;8;;7;
l;2886665159277;49414765;Ind;0;1;;8;
l;2887537574509;49411693;Ind;0;18;;5;
l;2889214856813;49442413;Ind;0;23;;5;
l;2890893017709;49473133;Ind;0;14;;4;
l;2889819452013;49471085;;0;151;;2;
l;2888544207469;49413741;Ind;0;4;;7;
l;2888477098605;49408621;Ind;0;19;;3;
l;2890020163181;49443437;Ind;0;30;;6;
l;2890289037933;49421933;Ind;0;20;;15;
l;2890221605485;49323629;GOP;0;1502;;2;
l;2890691255917;49454701;Ind;0;88;;4;
l;2887000408685;49352301;GOP;0;8793;X;2;
l;2890825908845;49408621;Ind;0;18;;3;
l;2890624140909;49431149;Ind;0;46;;3;
l;2886799377005;49408621;Ind;0;41;;3;
l;2892167652973;49217133;Dem;0;9416;;1;
l;2886798937709;49440365;Ind;0;210;;3;
l;2887000703597;49413741;Ind;0;170;;7;
l;2889685058157;49419885;Ind;0;0;;13;
l;2889684773485;49359469;GOP;0;4169;;2;
l;111308397;49150573;GOP;1;10941;X;2;
l;2889885941357;49426029;Ind;0;105;;3;
l;2885926961773;49159789;Dem;0;2382;;1;
l;2887000396397;49096301;Dem;1;0;X;1;
l;111350381;49157741;GOP;1;0;X;1;
l;2890960126573;49414765;Ind;0;5;;8;
l;2889081078381;49164909;GOP;0;7722;X;2;
l;2889953493613;49418861;Ind;0;77;;12;
l;2886866485869;49416813;Ind;0;3;;10;
l;2888879308397;49428077;Ind;0;259;;4;
l;2886598050413;49408621;Ind;0;22;;3;
l;2890356322925;49470061;;0;1826;X;1;
l;2890490364525;49418861;Ind;0;15;;12;
l;2886732268141;49159789;Dem;0;1863;;1;
l;2888074445421;49473133;Ind;0;5;;4;
l;2890624142957;49440365;Ind;0;194;;3;
l;2889752167021;49159789;Dem;0;7612;;1;
l;111152749;49442413;Ind;0;919;;5;
l;2891496997485;49414765;Ind;0;12;;8;
l;2891295670893;49411693;Ind;0;3;;5;
l;2890221705837;49240685;GOP;0;1733;;2;
l;2892033868397;49419885;Ind;0;8;;13;
l;2886799377005;49418861;Ind;0;25;;12;
l;2891630982765;49227373;Dem;0;732;;1;
l;2889147747949;49442413;Ind;0;16;;5;
l;2888946860653;49416813;Ind;0;0;;10;
l;2887537750637;49471085;;0;564;;2;
l;2888074445421;49164909;GOP;0;3250;X;2;
l;2886262506093;49473133;Ind;0;11;;4;
l;2887269139053;49420909;Ind;0;1;;14;
l;2888006889069;49029741;GOP;1;953;X;2;
l;111204973;49037933;GOP;1;8320;X;2;
l;2887671350893;49175149;GOP;0;2779;X;2;
l;2890221929069;49413741;Ind;0;5;;7;
l;2890020602477;49473133;Ind;0;41;;4;
l;2890893017709;49411693;Ind;0;0;;5;
l;111346285;49124973;Dem;1;6478;X;1;
l;2886195397229;49420909;Ind;0;13;;14;
l;2892234757741;49448557;Ind;0;125;;6;
l;111200877;49486445;Ind;1;7937;X;2;
l;2887201813101;49255021;GOP;0;5764;X;2;
l;2890624758381;49471085;;0;1211;;2;
l;2891429888621;49415789;Ind;0;15;;9;
l;2886732268141;49417837;Ind;0;6;;11;
l;2892302067309;49062509;GOP;1;0;X;1;
l;2886463832685;49418861;Ind;0;11;;12;
l;2889080861293;49073773;Dem;1;4453;;1;
l;111316589;49364589;Dem;0;5614;;1;
l;111219309;49041005;GOP;1;0;X;1;
l;2888409989741;49420909;Ind;0;4;;14;
l;2892235194989;49414765;Ind;0;21;;8;
l;2891966759533;49411693;Ind;0;6;;5;
l;2889953493613;49159789;Dem;0;11159;;1;
l;2887000266349;49450605;Ind;0;430;;8;
l;2890960126573;49421933;Ind;0;21;;15;
l;2892167821933;49368685;Dem;0;532;;1;
l;2887604859501;49471085;;0;428;;2;
l;2888074201709;49155693;GOP;1;2002;X;2;
l;2885860029037;49471085;;0;560;;2;
l;111260269;49315437;Dem;0;4838;;1;
l;2886598050413;49421933;Ind;0;8;;15;
l;2888611316333;49411693;Ind;0;5;;5;
l;2887403356781;49164909;GOP;0;3630;X;2;
l;2887000266349;49445485;Ind;0;456;;3;
l;2886262189677;49331821;GOP;0;1909;X;2;
l;2888812819053;49470061;;0;3736;X;1;
l;2887806009965;49415789;Ind;0;3;;9;
l;2885993715309;49299053;Dem;0;1868;;1;
l;2892235194989;49408621;Ind;0;117;;3;
l;2885792302701;49433197;Ind;0;63;;5;
l;111241837;49301101;GOP;0;2869;;2;
l;2886665159277;49164909;GOP;0;1179;X;2;
l;2889349513837;49417837;Ind;0;0;;11;
l;111361645;49130093;GOP;1;0;X;1;
l;2890422814317;49431149;Ind;0;20;;3;
l;2890020602477;49416813;Ind;0;2;;10;
l;2890423255661;49417837;Ind;0;0;;11;
l;2890825908845;49420909;Ind;0;1;;14;
l;2889953493613;49419885;Ind;0;15;;13;
l;2888812249709;49480301;Ind;0;25;;3;
l;2889349513837;49419885;Ind;0;13;;13;
l;2892033868397;49417837;Ind;0;6;;11;
l;111154797;49446509;Ind;0;391;;4;
l;2891295670893;49417837;Ind;0;1;;11;
l;2887000394349;49094253;Dem;1;8742;X;1;
l;2888342447725;49032813;GOP;1;4642;X;2;
l;2887939786349;49432173;Ind;0;1935;;4;
l;2886463832685;49411693;Ind;0;14;;5;
l;2886933594733;49416813;Ind;0;9;;10;
l;2892033868397;49159789;Dem;0;4393;;1;
l;2891564106349;49418861;Ind;0;3;;12;
l;2890087711341;49420909;Ind;0;10;;14;
l;2890758799981;49420909;Ind;0;12;;14;
l;2885859852909;49413741;Ind;0;5;;7;
l;2891496997485;49417837;Ind;0;14;;11;
l;2888745534061;49418861;Ind;0;10;;12;
l;2888678425197;49415789;Ind;0;1;;9;
l;2888006889069;49165933;Dem;0;172;;1;
l;111294061;49503853;Ind;0;2234;;3;
l;111254125;49084013;Dem;1;7270;;1;
l;2889752167021;49473133;Ind;0;50;;4;
l;2890624582253;49417837;Ind;0;5;;11;
l;2888074445421;49412717;Ind;0;8;;6;
l;2887470026349;49063533;Dem;1;4759;;1;
l;2891630982765;49128045;GOP;1;3207;X;2;
l;2890422895213;49043053;GOP;1;0;X;1;
l;2891429888621;49408621;Ind;0;158;;3;
l;2890758976109;49471085;;0;5508;;2;
l;2887134596717;49321581;Dem;0;2564;;1;
l;2886195397229;49413741;Ind;0;22;;7;
l;2887067812461;49473133;Ind;0;4;;4;
l;2889483509357;49243757;GOP;1;2905;X;2;
l;111150701;49431149;Ind;0;810;;3;
l;2891496566381;49460845;Ind;0;533;;3;
l;2890892578413;49189485;GOP;0;1919;X;2;
l;2890758976109;49470061;;0;50430;X;1;
l;2889483406957;49321581;Dem;0;1588;;1;
l;2886798937709;49442413;Ind;0;80;;5;
l;2890624142957;49443437;Ind;0;129;;6;
l;2890289214061;49471085;;0;83;;2;
l;2887940227693;49413741;Ind;0;204;;7;
l;2886664724077;49457773;Ind;0;5;;7;
l;2891765432941;49412717;Ind;0;1;;6;
l;2886866485869;49420909;Ind;0;5;;14;
l;111160941;49461869;Ind;0;1235;;4;
l;2891899650669;49473133;Ind;0;50;;4;
l;2889483296365;49456749;Ind;0;30;;6;
l;2886262506093;49411693;Ind;0;7;;5;
l;2891228237421;49321581;Dem;0;2528;;1;
l;2887269139053;49408621;Ind;0;22;;3;
l;2887939877485;49080941;Dem;1;7248;X;1;
l;111364717;49235565;GOP;0;0;X;1;
l;111269485;49089133;Dem;1;7455;;1;
l;2891564106349;49415789;Ind;0;1;;9;
l;2891429590637;49342061;Dem;0;1026;;1;
l;2890959749741;49139309;GOP;1;13591;X;2;
l;2887805570669;49443437;Ind;0;30;;6;
l;2887202206317;49471085;;0;782;;2;
l;2887604683373;49411693;Ind;0;8;;5;
l;2889147747949;49440365;Ind;0;69;;3;
l;2887671792237;49415789;Ind;0;2;;9;
l;2889483731565;49422957;Ind;0;20;;16;
l;2892234759789;49457773;Ind;0;31;;7;
l;2885994070637;49413741;Ind;0;9;;7;
l;2887269139053;49414765;Ind;0;2;;8;
l;111272557;49328749;GOP;0;8123;;2;
l;2888946860653;49412717;Ind;0;1;;6;
l;2888745086573;49425005;Ind;0;67;;3;
l;2890758574701;49238637;GOP;1;14797;X;2;
l;111333997;49373805;GOP;0;6679;;2;
l;2887202030189;49159789;Dem;0;4001;;1;
l;2887537358445;49260141;Dem;1;7453;X;1;
l;2890154820205;49418861;Ind;0;18;;12;
l;2891899650669;49416813;Ind;0;15;;10;
l;2891764993645;49441389;Ind;0;7;;4;
l;2888476881517;49255021;GOP;0;2311;X;2;
l;2891765432941;49422957;Ind;0;8;;16;
l;2890087711341;49408621;Ind;0;14;;3;
l;2887805570669;49442413;Ind;0;13;;5;
l;111592045;49418861;Ind;0;2061;;12;
l;2886329398893;49257069;GOP;0;4072;;2;
l;111161965;49463917;Ind;0;528;;3;
l;2889885941357;49429101;Ind;0;93;;5;
l;2885926961773;49164909;GOP;0;2588;X;2;
l;2889215296109;49164909;GOP;0;6199;X;2;
l;2891496566381;49218157;Dem;0;3991;;1;
l;111357549;49366637;GOP;0;8263;X;2;
l;2886128288365;49417837;Ind;0;4;;11;
l;2888879751789;49417837;Ind;0;29;;11;
l;2892235194989;49413741;Ind;0;53;;7;
l;2889349070445;49426029;Ind;0;130;;3;
l;2888007336557;49422957;Ind;0;5;;16;
l;111365741;49237613;GOP;1;0;X;1;
l;111254125;49310317;GOP;0;8569;X;2;
l;2890020602477;49408621;Ind;0;5;;3;
l;2885792920173;49470061;;0;15446;X;1;
l;2889416622701;49419885;Ind;0;3;;13;
l;2891631215213;49159789;Dem;0;1001;;1;
l;2887537574509;49413741;Ind;0;15;;7;
l;2888946429549;49218157;Dem;0;700;;1;
l;2888678425197;49419885;Ind;0;2;;13;
l;111273581;49330797;Dem;0;5153;;1;
l;2888946860653;49420909;Ind;0;4;;14;
l;111154797;49191533;GOP;0;74104;;2;
l;2888879522413;49234541;Dem;0;14513;;1;
l;2891899650669;49421933;Ind;0;29;;15;
l;2890691407469;49360493;Dem;0;6794;;1;
l;2888476830317;49108589;Dem;1;0;X;1;
l;2889550840429;49412717;Ind;0;7;;6;
l;2886128288365;49418861;Ind;0;15;;12;
l;2888141121133;49459821;Ind;0;219;;3;
l;2891832717933;49471085;;0;531;;2;
l;2886463832685;49422957;Ind;0;40;;16;
l;111215213;49139309;GOP;1;13591;X;2;
l;2887403356781;49422957;Ind;0;22;;16;
l;2890959683181;49030765;GOP;1;4450;X;2;
l;2889751898733;49108589;Dem;1;0;X;1;
l;2891697882733;49434221;Ind;0;11;;6;
l;2887000270445;49032813;GOP;1;8002;X;2;
l;2887604466285;49073773;Dem;1;3274;;1;
l;2887000703597;49417837;Ind;0;46;;11;
l;2888812642925;49408621;Ind;0;14;;3;
l;111366765;49239661;Dem;0;17481;;1;
l;2888879308397;49430125;Ind;0;661;;6;
l;2889819275885;49416813;Ind;0;1;;10;
l;2891832541805;49412717;Ind;0;13;;6;
l;2889617949293;49164909;GOP;0;4579;X;2;
l;2892100977261;49417837;Ind;0;4;;11;
l;2888946860653;49422957;Ind;0;10;;16;
l;2892235194989;49416813;Ind;0;19;;10;
l;2888879751789;49164909;GOP;0;84906;X;2;
l;2886463395437;49447533;Ind;0;9;;5;
l;2887738901101;49413741;Ind;0;26;;7;
l;2888947036781;49470061;;0;1127;X;1;
l;2887336004205;49155693;GOP;1;8427;X;2;
l;2886128464493;49470061;;0;17104;X;1;
l;2888141554285;49413741;Ind;0;15;;7;
l;2888409722477;49109613;Dem;1;3523;;1;
l;2887604683373;49164909;GOP;0;5009;X;2;
l;2890758799981;49473133;Ind;0;213;;4;
l;2885792744045;49418861;Ind;0;26;;12;
l;2892234757741;49064557;Dem;1;9000;X;1;
l;2891429888621;49411693;Ind;0;51;;5;
l;2891429888621;49473133;Ind;0;95;;4;
l;2886866485869;49164909;GOP;0;2817;X;2;
l;2892234757741;49451629;Ind;0;27;;9;
l;2888879375981;49078893;Dem;1;0;X;1;
l;2891497173613;49470061;;0;13051;X;1;
l;2889684622957;49214061;Dem;0;2300;;1;
l;2890289037933;49411693;Ind;0;3;;5;
l;2890691691117;49412717;Ind;0;11;;6;
l;2891564106349;49411693;Ind;0;3;;5;
l;2891765609069;49471085;;0;105;;2;
l;2891563671149;49204845;GOP;0;1103;X;2;
l;2886597609069;49434221;Ind;0;22;;6;
l;2890691691117;49416813;Ind;0;10;;10;
l;2888678425197;49473133;Ind;0;15;;4;
l;2886530941549;49421933;Ind;0;2;;15;
l;2888745534061;49411693;Ind;0;25;;5;
l;2892100977261;49419885;Ind;0;10;;13;
l;111327853;28672621;GOP;1;10697;X;2;
l;2891228126829;49457773;Ind;0;16;;7;
l;2886597609069;49175149;GOP;0;3920;X;2;
l;2888342880877;49416813;Ind;0;3;;10;
l;2889819275885;49419885;Ind;0;1;;13;
l;111337069;49379949;GOP;0;2072;;2;
l;2890087711341;49414765;Ind;0;3;;8;
l;2888275772013;49417837;Ind;0;1;;11;
l;2890557473389;49164909;GOP;0;5452;X;2;
l;2889550840429;49418861;Ind;0;35;;12;
l;2888208663149;49414765;Ind;0;6;;8;
l;2889483731565;49159789;Dem;0;1465;;1;
l;2891228562029;49159789;Dem;0;2290;;1;
l;2886128061037;49235565;GOP;0;0;X;1;
l;2888141554285;49415789;Ind;0;2;;9;
l;2886061179501;49411693;Ind;0;60;;5;
l;2888946860653;49415789;Ind;0;1;;9;
l;2887604683373;49418861;Ind;0;16;;12;
l;2890490364525;49164909;GOP;0;13026;X;2;
l;2888611316333;49420909;Ind;0;5;;14;
l;2888074445421;49420909;Ind;0;17;;14;
l;2888611316333;49416813;Ind;0;3;;10;
l;2887268707949;49461869;Ind;0;77;;4;
l;2888007336557;49421933;Ind;0;0;;15;
l;2888208839277;49470061;;0;10174;X;1;
l;2889819275885;49408621;Ind;0;5;;3;
l;2891832541805;49414765;Ind;0;12;;8;
l;2886732268141;49415789;Ind;0;4;;9;
l;111319661;49059437;GOP;1;0;X;1;
l;2892033868397;49421933;Ind;0;5;;15;
l;2887940227693;49418861;Ind;0;84;;12;
l;2887873118829;49415789;Ind;0;5;;9;
l;2888409558637;49461869;Ind;0;76;;4;
l;2886866485869;49473133;Ind;0;7;;4;
l;2889013711469;49373805;GOP;0;2383;;2;
l;2887403356781;49414765;Ind;0;7;;8;
l;2887873118829;49419885;Ind;0;0;;13;
l;2886799377005;49419885;Ind;0;8;;13;
l;2887671792237;49422957;Ind;0;33;;16;
l;2888879522413;49474157;Ind;0;2470;;3;
l;2886127847021;49433197;Ind;0;39;;5;
l;2892033437293;49460845;Ind;0;84;;3;
l;2886530941549;49415789;Ind;0;0;;9;
l;2886128288365;49473133;Ind;0;56;;4;
l;111250029;49082989;Dem;1;7834;;1;
l;2889551016557;49471085;;0;1676;;2;
l;2891899203181;49165933;Dem;0;5415;;1;
l;2891899650669;49419885;Ind;0;8;;13;
l;2885993631341;49441389;Ind;0;10;;4;
l;2887067812461;49420909;Ind;0;1;;14;
l;2889483731565;49418861;Ind;0;3;;12;
l;2892033868397;49418861;Ind;0;8;;12;
l;2887000703597;49408621;Ind;0;713;;3;
l;2889080861293;49255021;GOP;0;5612;X;2;
l;2889684622957;49454701;Ind;0;46;;4;
l;2886396492397;49228397;Dem;0;2032;;1;
l;2891564106349;49412717;Ind;0;0;;6;
l;2886866485869;49412717;Ind;0;3;;6;
l;111377005;49479277;Ind;0;2945;;3;
l;2891698324077;49414765;Ind;0;1;;8;
l;2889349513837;49159789;Dem;0;2880;;1;
l;2886933155437;49063533;Dem;1;6114;;1;
l;2890624582253;49420909;Ind;0;13;;14;
l;2885994070637;49408621;Ind;0;8;;3;
l;2892302303853;49417837;Ind;0;109;;11;
l;2889483731565;49421933;Ind;0;2;;15;
l;2889684622957;49456749;Ind;0;42;;6;
l;2889751727725;49440365;Ind;0;344;;3;
l;2891631215213;49415789;Ind;0;2;;9;
l;2891564106349;49473133;Ind;0;7;;4;
l;2890087272045;49063533;Dem;1;1764;;1;
l;2886665159277;49412717;Ind;0;1;;6;
l;2886128288365;49421933;Ind;0;9;;15;
l;2888812642925;49416813;Ind;0;5;;10;
l;2891966484077;49364589;Dem;0;236;;1;
l;2889148187245;49408621;Ind;0;17;;3;
l;2889148187245;49422957;Ind;0;17;;16;
l;2890624582253;49414765;Ind;0;10;;8;
l;2890356146797;49415789;Ind;0;1;;9;
l;2887537358445;49257069;GOP;0;7104;;2;
l;2889282062957;49304173;GOP;0;852;X;2;
l;2891228237421;49147501;GOP;1;3020;X;2;
l;2888208215661;49425005;Ind;0;278;;3;
l;111592045;49415789;Ind;0;598;;9;
l;2887470465645;49420909;Ind;0;7;;14;
l;2892301873773;49463917;Ind;0;528;;3;
l;2886463395437;49449581;Ind;0;4;;7;
l;2891832227437;49333869;Dem;0;1106;;1;
l;2886128288365;49164909;GOP;0;17522;X;2;
l;2891295239789;49220205;GOP;0;1967;X;2;
l;2892302088813;49261165;GOP;0;7654;;2;
l;2889081078381;49419885;Ind;0;3;;13;
l;2891496997485;49411693;Ind;0;14;;5;
l;2890624582253;49419885;Ind;0;4;;13;
l;2890087887469;49470061;;0;3622;X;1;
l;2889281961581;49428077;Ind;0;37;;4;
l;2887000401517;49099373;Dem;1;8621;X;1;
l;2892033868397;49416813;Ind;0;5;;10;
l;2891429888621;49418861;Ind;0;31;;12;
l;2889215472237;49470061;;0;6912;X;1;
l;2887067539053;49151597;GOP;1;0;X;1;
l;2890758364781;49457773;Ind;0;182;;7;
l;2890490364525;49414765;Ind;0;14;;8;
l;2888745710189;49471085;;0;811;;2;
l;2888610885229;49218157;Dem;0;2190;;1;
l;2891764993645;49443437;Ind;0;27;;6;
l;2888275772013;49422957;Ind;0;10;;16;
l;2890893017709;49420909;Ind;0;2;;14;
l;111238765;49146477;GOP;1;0;X;1;
l;2889349513837;49411693;Ind;0;13;;5;
l;2888544207469;49417837;Ind;0;0;;11;
l;2890221493869;49457773;Ind;0;14;;7;
l;2886128288365;49408621;Ind;0;34;;3;
l;2887940227693;49414765;Ind;0;16;;8;
l;2892168086125;49412717;Ind;0;18;;6;
l;2889483907693;49470061;;0;3827;X;1;
l;2889148187245;49417837;Ind;0;0;;11;
l;2891564282477;49470061;;0;1528;X;1;
l;2889953493613;49473133;Ind;0;87;;4;
l;2888409558637;49220205;GOP;0;5456;X;2;
l;2891765432941;49418861;Ind;0;3;;12;
l;2889483296365;49454701;Ind;0;35;;4;
l;2888476659309;49063533;Dem;1;1445;;1;
l;2887202030189;49416813;Ind;0;1;;10;
l;2888879751789;49414765;Ind;0;46;;8;
l;2886933594733;49415789;Ind;0;9;;9;
l;111299181;49055341;GOP;1;0;X;1;
l;2889282404973;49420909;Ind;0;10;;14;
l;2886799553133;49471085;;0;1091;;2;
l;2890825908845;49411693;Ind;0;6;;5;
l;111280749;49093229;Dem;1;7728;;1;
l;111295085;49100397;Dem;1;0;X;1;
l;2892302056045;49123949;Dem;1;0;X;1;
l;2889819275885;49164909;GOP;0;1804;X;2;
l;2892168262253;49471085;;0;6733;;2;
l;2892168086125;49415789;Ind;0;7;;9;
l;2889752167021;49412717;Ind;0;8;;6;
l;2890221605485;49088109;Dem;1;3410;X;1;
l;2888007512685;49470061;;0;998;X;1;
l;2887738510957;49036909;GOP;1;7437;X;1;
l;2888477098605;49159789;Dem;0;2000;;1;
l;2887000407661;49101421;Dem;1;6020;X;1;
l;2889751880301;49507949;Ind;0;359;;3;
l;2890825469549;49443437;Ind;0;42;;6;
l;2889349689965;49471085;;0;799;;2;
l;2885792416365;49319533;GOP;0;1944;X;2;
l;2886664937069;49243757;GOP;1;1077;X;2;
l;2887604683373;49159789;Dem;0;3151;;1;
l;2887268881005;49114733;Dem;1;1739;;1;
l;2887000703597;49422957;Ind;0;842;;16;
l;2890087711341;49419885;Ind;0;5;;13;
l;2886664724077;49214061;Dem;0;696;;1;
l;2888745092717;49433197;Ind;0;36;;5;
l;2889148363373;49470061;;0;2913;X;1;
l;2887067812461;49164909;GOP;0;1820;X;2;
l;2886396723821;49408621;Ind;0;25;;3;
l;2890423255661;49412717;Ind;0;1;;6;
l;2887806186093;49471085;;0;129;;2;
l;111243885;49047149;GOP;1;0;X;1;
l;2890826084973;49471085;;0;307;;2;
l;2889819275885;49414765;Ind;0;1;;8;
l;2889818834541;49432173;Ind;0;115;;4;
l;2888879751789;49421933;Ind;0;209;;15;
l;2887067540077;49059437;GOP;1;0;X;1;
l;2890020276845;49320557;GOP;0;1431;X;2;
l;2885994070637;49420909;Ind;0;4;;14;
l;2887470026349;49189485;GOP;0;6836;X;2;
l;2886195065453;49315437;Dem;0;3787;;1;
l;2890289037933;49417837;Ind;0;0;;11;
l;2887067812461;49417837;Ind;0;3;;11;
l;2886597609069;49435245;Ind;0;12;;7;
l;2886665159277;49418861;Ind;0;0;;12;
l;111204973;49488493;Ind;0;416;;3;
l;111275629;49331821;GOP;0;9095;X;2;
l;2890289037933;49408621;Ind;0;3;;3;
l;2889148187245;49421933;Ind;0;18;;15;
l;2886463832685;49159789;Dem;0;2969;;1;
l;2888342880877;49473133;Ind;0;15;;4;
l;2891966759533;49421933;Ind;0;3;;15;
l;2890557473389;49159789;Dem;0;1546;;1;
l;2889751727725;49189485;GOP;0;12395;X;2;
l;2886195573357;49471085;;0;526;;2;
l;2886329183853;49461869;Ind;0;49;;4;
l;2890557473389;49419885;Ind;0;15;;13;
l;2886061179501;49420909;Ind;0;16;;14;
l;2891966487149;49059437;GOP;1;0;X;1;
l;2891228562029;49419885;Ind;0;2;;13;
l;111266413;49320557;GOP;0;11566;X;2;
l;2888141554285;49159789;Dem;0;1810;;1;
l;2889819275885;49422957;Ind;0;10;;16;
l;2886799377005;49415789;Ind;0;5;;9;
l;2886128288365;49420909;Ind;0;6;;14;
l;2889550409325;49460845;Ind;0;480;;3;
l;2886732268141;49473133;Ind;0;20;;4;
l;2888477098605;49414765;Ind;0;3;;8;
l;2890356322925;49471085;;0;73;;2;
l;2887671792237;49414765;Ind;0;1;;8;
l;2890624140909;49434221;Ind;0;16;;6;
l;2887470465645;49473133;Ind;0;47;;4;
l;2891697882733;49435245;Ind;0;7;;7;
l;2886530941549;49416813;Ind;0;1;;10;
l;2888745086573;49029741;GOP;1;2048;X;2;
l;111373933;49253997;GOP;1;0;X;1;
l;2888208663149;49411693;Ind;0;9;;5;
l;2887336247917;49422957;Ind;0;27;;16;
l;2885926961773;49473133;Ind;0;5;;4;
l;2890825581165;49086061;Dem;1;2068;;1;
l;2889416622701;49408621;Ind;0;20;;3;
l;2889886384749;49419885;Ind;0;5;;13;
l;2890691691117;49473133;Ind;0;55;;4;
l;2887000270445;49217133;Dem;0;3678;;1;
l;2886396723821;49421933;Ind;0;6;;15;
l;2886665159277;49413741;Ind;0;4;;7;
l;2888879383149;49140333;GOP;1;0;X;1;
l;111343213;49392237;GOP;0;1955;;2;
l;111305325;49357421;GOP;0;10790;X;2;
l;2887806009965;49408621;Ind;0;7;;3;
l;2886329380461;49366637;GOP;0;2932;X;2;
l;2891899650669;49420909;Ind;0;5;;14;
l;2887269139053;49411693;Ind;0;6;;5;
l;2888476659309;49441389;Ind;0;56;;4;
l;2890154554989;49111661;Dem;1;5155;;1;
l;2887000400493;49098349;Dem;1;0;X;1;
l;2888812195437;49029741;GOP;1;3500;X;2;
l;2890557127277;49048173;GOP;1;0;X;1;
l;2887268873837;49111661;Dem;1;1913;;1;
l;111368813;49158765;Dem;1;22795;;1;
l;2885859852909;49411693;Ind;0;10;;5;
l;2886463832685;49417837;Ind;0;4;;11;
l;2888409989741;49413741;Ind;0;13;;7;
l;2889617509997;49441389;Ind;0;37;;4;
l;2889281961581;49429101;Ind;0;432;;5;
l;2890691691117;49415789;Ind;0;3;;9;
l;2891563671149;49453677;Ind;0;27;;3;
l;111156845;49457773;Ind;0;594;;7;
l;2891429569133;49328749;GOP;0;8123;;2;
l;2889550840429;49411693;Ind;0;22;;5;
l;2886262682221;49471085;;0;231;;2;
l;2890624758381;49470061;;0;12733;X;1;
l;2890758488685;49093229;Dem;1;7728;;1;
l;2889886384749;49421933;Ind;0;9;;15;
l;2890289037933;49419885;Ind;0;0;;13;
l;2886128288365;49414765;Ind;0;9;;8;
l;2887805570669;49440365;Ind;0;51;;3;
l;2889281961581;49030765;GOP;1;12520;X;2;
l;111592045;49408621;Ind;0;4665;;3;
l;2886598050413;49416813;Ind;0;0;;10;
l;2889684832877;49238637;GOP;1;4840;X;2;
l;2892235194989;49421933;Ind;0;39;;15;
l;2891429453421;49204845;GOP;0;31618;X;2;
l;2886664724077;49453677;Ind;0;15;;3;
l;2889550409325;49218157;Dem;0;11371;;1;
l;2887134921325;49411693;Ind;0;8;;5;
l;2890355923565;49478253;Ind;0;129;;3;
l;2892101153389;49470061;;0;5870;X;1;
l;2892168086125;49414765;Ind;0;18;;8;
l;2891765432941;49408621;Ind;0;6;;3;
l;2887604683373;49414765;Ind;0;5;;8;
l;2889617949293;49418861;Ind;0;7;;12;
l;2886732444269;49471085;;0;513;;2;
l;111297133;49352301;GOP;0;8793;X;2;
l;2888275340909;49218157;Dem;0;2708;;1;
l;2888477098605;49422957;Ind;0;24;;16;
l;2891832102509;49441389;Ind;0;117;;4;
l;2891429570157;49330797;Dem;0;5153;;1;
l;2888409558637;49218157;Dem;0;3688;;1;
l;2888007336557;49417837;Ind;0;1;;11;
l;2889550840429;49416813;Ind;0;4;;10;
l;2885859852909;49418861;Ind;0;7;;12;
l;2888946595437;49367661;GOP;0;555;X;2;
l;2889215296109;49413741;Ind;0;24;;7;
l;2886866054765;49220205;GOP;0;3359;X;2;
l;2891362332269;49425005;Ind;0;632;;3;
l;2888409989741;49415789;Ind;0;5;;9;
l;2888745092717;49436269;Ind;0;192;;8;
l;2887537574509;49416813;Ind;0;10;;10;
l;2886127847021;49436269;Ind;0;1440;;8;
l;2890624240237;49304173;GOP;0;7981;X;2;
l;2887873294957;49470061;;0;10528;X;1;
l;2892302303853;49414765;Ind;0;195;;8;
l;2887671792237;49419885;Ind;0;4;;13;
l;2887604683373;49412717;Ind;0;8;;6;
l;2890423255661;49422957;Ind;0;32;;16;
l;111592045;49421933;Ind;0;1885;;15;
l;2888812642925;49420909;Ind;0;3;;14;
l;2888812642925;49422957;Ind;0;17;;16;
l;2887067988589;49470061;;0;2847;X;1;
l;2891697992301;49318509;GOP;0;2309;X;2;
l;2891832541805;49164909;GOP;0;5745;X;2;
l;2886530941549;49419885;Ind;0;7;;13;
l;2889349513837;49422957;Ind;0;52;;16;
l;2887671792237;49413741;Ind;0;4;;7;
l;2887134486125;49204845;GOP;0;2633;X;2;
l;2886933770861;49471085;;0;1452;;2;
l;2888007336557;49411693;Ind;0;3;;5;
l;2888812642925;49159789;Dem;0;1033;;1;
l;111160941;49218157;Dem;0;64701;;1;
l;2890356146797;49417837;Ind;0;0;;11;
l;2891228562029;49415789;Ind;0;2;;9;
l;2886665159277;49416813;Ind;0;2;;10;
l;2888544383597;49470061;;0;1781;X;1;
l;2890758799981;49412717;Ind;0;39;;6;
l;2886127847021;49432173;Ind;0;876;;4;
l;2886866485869;49159789;Dem;0;1504;;1;
l;2886799377005;49417837;Ind;0;1;;11;
l;2886329614957;49164909;GOP;0;4614;X;2;
l;2887738901101;49473133;Ind;0;38;;4;
l;2888677989997;49214061;Dem;0;1151;;1;
l;2889886384749;49416813;Ind;0;2;;10;
l;111154797;49064557;Dem;1;99012;X;1;
l;2890355923565;49240685;GOP;0;914;;2;
l;2888879751789;49418861;Ind;0;117;;12;
l;2891698324077;49421933;Ind;0;3;;15;
l;2892168262253;49470061;;0;49597;X;1;
l;2892033868397;49415789;Ind;0;5;;9;
l;2889550578285;49112685;Dem;1;5197;X;1;
l;2888946860653;49164909;GOP;0;661;X;2;
l;2886128288365;49413741;Ind;0;72;;7;
l;2891899826797;49471085;;0;2693;;2;
l;111154797;49450605;Ind;0;533;;8;
l;2885859563117;49353325;Dem;0;2622;;1;
l;2891429453421;49456749;Ind;0;251;;6;
l;2887939786349;49436269;Ind;0;14078;;8;
l;2891765432941;49159789;Dem;0;653;;1;
l;2890557473389;49414765;Ind;0;1;;8;
l;2890289037933;49159789;Dem;0;799;;1;
l;2885994070637;49421933;Ind;0;3;;15;
l;2887537143405;49461869;Ind;0;96;;4;
l;2890825908845;49415789;Ind;0;2;;9;
l;2888074183277;49112685;Dem;1;2441;X;1;
l;2887201599085;49460845;Ind;0;201;;3;
l;111239789;49046125;GOP;1;0;X;1;
l;2887134486125;49457773;Ind;0;26;;7;
l;2887738453613;49165933;Dem;0;2333;;1;
l;2890691691117;49408621;Ind;0;82;;3;
l;2892302303853;49419885;Ind;0;60;;13;
l;2889013969517;49418861;Ind;0;4;;12;
l;2891496997485;49159789;Dem;0;4706;;1;
l;2892234972781;49243757;GOP;1;22353;X;2;
l;2886128288365;49422957;Ind;0;92;;16;
l;2888074445421;49416813;Ind;0;4;;10;
l;2888678601325;49470061;;0;2251;X;1;
l;2887000394349;49501805;Ind;0;342;;4;
l;2888544207469;49421933;Ind;0;2;;15;
l;2890154389101;49460845;Ind;0;81;;3;
l;2887134921325;49422957;Ind;0;19;;16;
l;2890557032045;49434221;Ind;0;18;;6;
l;2890557473389;49417837;Ind;0;1;;11;
l;111150701;49435245;Ind;0;214;;7;
l;2891228738157;49471085;;0;417;;2;
l;2890624142957;49189485;GOP;0;6995;X;2;
l;2886933371501;49158765;Dem;1;6925;;1;
l;2890959741549;49280621;Dem;0;538;;1;
l;2886866485869;49418861;Ind;0;1;;12;
l;2887201752685;49363565;GOP;0;5398;;2;
l;111282797;49094253;Dem;1;8742;X;1;
l;2891697882733;49432173;Ind;0;66;;4;
l;2890691255917;49453677;Ind;0;197;;3;
l;2886530941549;49420909;Ind;0;3;;14;
l;2887671792237;49420909;Ind;0;7;;14;
l;111227501;49142381;GOP;1;0;X;1;
l;2889148187245;49473133;Ind;0;6;;4;
l;2890893017709;49422957;Ind;0;16;;16;
l;2890221493869;49453677;Ind;0;66;;3;
l;2887335814765;49217133;Dem;0;3220;;1;
l;2886329614957;49415789;Ind;0;2;;9;
l;2889349070445;49167981;Dem;0;1876;;1;
l;2888946595437;49111661;Dem;1;871;;1;
l;2887872886381;49128045;GOP;1;10538;X;2;
l;2890423255661;49419885;Ind;0;6;;13;
l;2890825908845;49419885;Ind;0;2;;13;
l;2889416622701;49473133;Ind;0;12;;4;
l;2888477274733;49470061;;0;4390;X;1;
l;2887470465645;49413741;Ind;0;22;;7;
l;2889080639085;49443437;Ind;0;161;;6;
l;2887134921325;49419885;Ind;0;1;;13;
l;111211117;49287789;GOP;0;9034;X;2;
l;2888812642925;49413741;Ind;0;7;;7;
l;2887604398701;49508973;Ind;0;179;;3;
l;2888409989741;49408621;Ind;0;23;;3;
l;2890087272045;49441389;Ind;0;26;;4;
l;2889214970477;49087085;Dem;1;733;;1;
l;2886262070893;49456749;Ind;0;28;;6;
l;2890758364781;49454701;Ind;0;333;;4;
l;111156845;49454701;Ind;0;1097;;4;
l;2887470641773;49470061;;0;9772;X;1;
l;2889752167021;49418861;Ind;0;29;;12;
l;2890020602477;49411693;Ind;0;1;;5;
l;2886933155437;49441389;Ind;0;218;;4;
l;111592045;49422957;Ind;0;6496;;16;
l;111336045;49115757;Dem;1;0;X;1;
l;2887738901101;49411693;Ind;0;20;;5;
l;2885994070637;49159789;Dem;0;1214;;1;
l;2891362386541;49275501;Dem;0;3373;;1;
l;2886731820653;49425005;Ind;0;190;;3;
l;2889886560877;49471085;;0;612;;2;
l;2888544207469;49412717;Ind;0;0;;6;
l;2889550624365;49260141;Dem;1;14494;X;1;
l;2888879308397;49429101;Ind;0;1039;;5;
l;2889215296109;49421933;Ind;0;6;;15;
l;2888745534061;49419885;Ind;0;2;;13;
l;2892302052973;49391213;GOP;0;3510;;2;
l;2886664724077;49204845;GOP;0;1121;X;2;
l;2887134921325;49421933;Ind;0;9;;15;
l;2889416798829;49471085;;0;260;;2;
l;2890758799981;49411693;Ind;0;85;;5;
l;2887067812461;49413741;Ind;0;5;;7;
l;2889953210989;49106541;Dem;1;5387;X;1;
l;2890422814317;49175149;GOP;0;2286;X;2;
l;2886464008813;49471085;;0;817;;2;
l;2889550840429;49414765;Ind;0;7;;8;
l;2891429888621;49421933;Ind;0;35;;15;
l;111303277;49056365;GOP;1;0;X;1;
l;2888476665453;49032813;GOP;1;1230;X;2;
l;2887873294957;49471085;;0;827;;2;
l;2890489929325;49457773;Ind;0;64;;7;
l;2886866485869;49417837;Ind;0;0;;11;
l;2890893017709;49412717;Ind;0;2;;6;
l;111267437;49321581;Dem;0;6680;;1;
l;2889617949293;49412717;Ind;0;1;;6;
l;2888141121133;49032813;GOP;1;4425;X;2;
l;2890624140909;49432173;Ind;0;115;;4;
l;2887873118829;49473133;Ind;0;18;;4;
l;2886866485869;49414765;Ind;0;0;;8;
l;2890960126573;49418861;Ind;0;32;;12;
l;111360621;49129069;GOP;1;32736;X;2;
l;2888074445421;49413741;Ind;0;22;;7;
l;2887202030189;49415789;Ind;0;5;;9;
l;2891564106349;49408621;Ind;0;8;;3;
l;111148653;49428077;Ind;0;528;;4;
l;2888007336557;49164909;GOP;0;923;X;2;
l;2889147970157;49073773;Dem;1;1524;;1;
l;2890624140909;49182317;Dem;0;731;;1;
l;2889013969517;49420909;Ind;0;1;;14;
l;2886396899949;49471085;;0;756;;2;
l;2892302089837;49264237;Dem;0;19400;;1;
l;2890289214061;49470061;;0;1573;X;1;
l;2891362386541;49269357;GOP;0;6888;X;2;
l;2891966326381;49032813;GOP;1;2650;X;2;
l;2888611316333;49164909;GOP;0;2689;X;2;
l;2886463395437;49451629;Ind;0;7;;9;
l;2888477098605;49164909;GOP;0;3156;X;2;
l;2891496997485;49413741;Ind;0;31;;7;
l;2890691691117;49419885;Ind;0;7;;13;
l;2886933594733;49420909;Ind;0;3;;14;
l;2889349513837;49418861;Ind;0;23;;12;
l;2890758799981;49415789;Ind;0;24;;9;
l;2887336247917;49164909;GOP;0;8490;X;2;
l;2887000266349;49446509;Ind;0;315;;4;
l;2889886384749;49473133;Ind;0;18;;4;
l;2890020778605;49471085;;0;115;;2;
l;2886597716589;49050221;GOP;1;0;X;1;
l;2886127847021;49435245;Ind;0;35;;7;
l;2889886026349;49298029;GOP;0;0;X;1;
l;2886598050413;49164909;GOP;0;4768;X;2;
l;2889819275885;49411693;Ind;0;6;;5;
l;2889953229421;49368685;Dem;0;996;;1;
l;2890423255661;49415789;Ind;0;0;;9;
l;2891228738157;49470061;;0;4881;X;1;
l;2892302051949;49119853;Dem;1;0;X;1;
l;111351405;49061485;GOP;1;0;X;1;
l;2890422814317;49434221;Ind;0;11;;6;
l;2888879751789;49415789;Ind;0;22;;9;
l;2889081078381;49420909;Ind;0;2;;14;
l;2889282404973;49414765;Ind;0;10;;8;
l;111308397;49360493;Dem;0;6794;;1;
l;2890356146797;49414765;Ind;0;4;;8;
l;2889684622957;49204845;GOP;0;4680;X;2;
l;2885859852909;49419885;Ind;0;2;;13;
l;2887269139053;49418861;Ind;0;5;;12;
l;2885926961773;49414765;Ind;0;5;;8;
l;2886798937709;49189485;GOP;0;8241;X;2;
l;2886598050413;49417837;Ind;0;4;;11;
l;2889752167021;49417837;Ind;0;8;;11;
l;2891429888621;49422957;Ind;0;126;;16;
l;2887671350893;49433197;Ind;0;29;;5;
l;2889349286509;49235565;GOP;0;0;X;1;
l;2891564106349;49416813;Ind;0;8;;10;
l;2892100977261;49159789;Dem;0;2260;;1;
l;2890355707501;49189485;GOP;0;1026;X;2;
l;2890020602477;49164909;GOP;0;1435;X;2;
l;2892302050925;49389165;Dem;1;0;X;1;
l;2887403356781;49413741;Ind;0;10;;7;
l;2885792744045;49411693;Ind;0;28;;5;
l;2888745092717;49182317;Dem;0;1487;;1;
l;111214189;49289837;GOP;0;8177;X;2;
l;2886060736109;49428077;Ind;0;84;;4;
l;2890825908845;49473133;Ind;0;13;;4;
l;111268461;49088109;Dem;1;8700;X;1;
l;2890154820205;49413741;Ind;0;20;;7;
l;2885792744045;49422957;Ind;0;152;;16;
l;2890691407469;49150573;GOP;1;10941;X;2;
l;2892100537965;49189485;GOP;0;3562;X;2;
l;2890490364525;49411693;Ind;0;20;;5;
l;2888477098605;49418861;Ind;0;10;;12;
l;2891698324077;49417837;Ind;0;4;;11;
l;2887134921325;49473133;Ind;0;9;;4;
l;2889483509357;49242733;Dem;0;1838;;1;
l;111150701;49432173;Ind;0;5768;;4;
l;2890825469549;49189485;GOP;0;2514;X;2;
l;2886061179501;49419885;Ind;0;22;;13;
l;2886463832685;49420909;Ind;0;8;;14;
l;2887134699117;49242733;Dem;0;2025;;1;
l;2886329614957;49413741;Ind;0;8;;7;
l;2887134486125;49453677;Ind;0;35;;3;
l;2889550840429;49417837;Ind;0;6;;11;
l;2886396723821;49415789;Ind;0;3;;9;
l;2885792302701;49175149;GOP;0;10581;X;2;
l;2886933594733;49418861;Ind;0;28;;12;
l;2888812642925;49415789;Ind;0;4;;9;
l;2887738668653;49128045;GOP;1;12187;X;2;
l;2890893193837;49470061;;0;2858;X;1;
l;2890489929325;49454701;Ind;0;119;;4;
l;2889483731565;49412717;Ind;0;1;;6;
l;111144557;49165933;Dem;0;26038;;1;
l;111215213;49291885;Dem;0;2112;;1;
l;2886329614957;49408621;Ind;0;11;;3;
l;2885860029037;49470061;;0;7507;X;1;
l;2887537574509;49417837;Ind;0;11;;11;
l;2890020602477;49421933;Ind;0;1;;15;
l;2890892578413;49440365;Ind;0;53;;3;
l;2891832541805;49411693;Ind;0;14;;5;
l;2891295670893;49414765;Ind;0;2;;8;
l;2890825908845;49159789;Dem;0;1107;;1;
l;2887671792237;49411693;Ind;0;10;;5;
l;2889080639085;49442413;Ind;0;47;;5;
l;2890221929069;49415789;Ind;0;2;;9;
l;2890355707501;49063533;Dem;1;1001;;1;
l;2887000403565;49341037;Dem;0;9053;;1;
l;2892301873773;49067629;Dem;1;99801;X;1;
l;2888946860653;49411693;Ind;0;1;;5;
l;2890758574701;49239661;Dem;0;5406;;1;
l;2887604398701;49359469;GOP;0;3002;;2;
l;2892033868397;49164909;GOP;0;4891;X;2;
l;2886463832685;49413741;Ind;0;6;;7;
l;2890289037933;49418861;Ind;0;0;;12;
l;2885859852909;49422957;Ind;0;40;;16;
l;2887402917485;49441389;Ind;0;29;;4;
l;111592045;49419885;Ind;0;809;;13;
l;111161965;49464941;Ind;0;673;;4;
l;2891631391341;49471085;;0;292;;2;
l;2885859852909;49164909;GOP;0;6087;X;2;
l;2887537574509;49414765;Ind;0;9;;8;
l;2891429888621;49419885;Ind;0;9;;13;
l;2886396276333;49425005;Ind;0;245;;3;
l;2887939874413;49146477;GOP;1;0;X;1;
l;2892168086125;49421933;Ind;0;47;;15;
l;2890355707501;49443437;Ind;0;37;;6;
l;2885994070637;49417837;Ind;0;1;;11;
l;2887269139053;49159789;Dem;0;2848;;1;
l;2888544207469;49422957;Ind;0;11;;16;
l;2891698324077;49473133;Ind;0;10;;4;
l;2886933594733;49412717;Ind;0;9;;6;
l;2891630767725;49029741;GOP;1;3337;X;2;
l;2890087711341;49421933;Ind;0;5;;15;
l;2887269315181;49471085;;0;527;;2;
l;111294061;49505901;Ind;0;2451;;4;
l;2889818834541;49175149;GOP;0;1611;X;2;
l;111214189;49077869;Dem;1;6636;;1;
l;2890959683181;49428077;Ind;0;18;;4;
l;2889349513837;49164909;GOP;0;9351;X;2;
l;2889282404973;49417837;Ind;0;3;;11;
l;2886195397229;49417837;Ind;0;4;;11;
l;2885994070637;49412717;Ind;0;3;;6;
l;2892033633901;49366637;GOP;0;5331;X;2;
l;2889416622701;49414765;Ind;0;3;;8;
l;2886463399533;49459821;Ind;0;93;;3;
l;2892235371117;49471085;;0;2479;;2;
l;2886933239405;49299053;Dem;0;5249;;1;
l;2886329183853;49218157;Dem;0;2765;;1;
l;2892302303853;49422957;Ind;0;456;;16;
l;2886598050413;49420909;Ind;0;7;;14;
l;111768173;49470061;;0;1289545;X;1;
l;2888678425197;49418861;Ind;0;4;;12;
l;2889751880301;49104493;Dem;1;8649;;1;
l;2887268873837;49367661;GOP;0;3450;X;2;
l;2886463832685;49416813;Ind;0;1;;10;
l;2889483406957;49147501;GOP;1;3120;X;2;
l;2889752167021;49420909;Ind;0;12;;14;
l;2890691691117;49420909;Ind;0;3;;14;
l;2889550840429;49164909;GOP;0;15762;X;2;
l;2890624140909;49175149;GOP;0;1735;X;2;
l;2889886154349;49130093;GOP;1;0;X;1;
l;111305325;49507949;Ind;0;359;;3;
l;2892301870701;49459821;Ind;0;2354;;3;
l;2891832541805;49418861;Ind;0;22;;12;
l;2887336247917;49418861;Ind;0;7;;12;
l;2890892687981;49085037;Dem;1;0;X;1;
l;111236717;49299053;Dem;0;7117;;1;
l;2886463395437;49448557;Ind;0;12;;6;
l;2887604683373;49413741;Ind;0;29;;7;
l;2889081254509;49471085;;0;514;;2;
l;2887738510957;49487469;Ind;0;1302;;2;
l;2890624582253;49411693;Ind;0;33;;5;
l;2892168086125;49411693;Ind;0;34;;5;
l;2887336247917;49159789;Dem;0;3667;;1;
l;2890825908845;49416813;Ind;0;0;;10;
l;2888275772013;49159789;Dem;0;2853;;1;
l;2887873118829;49159789;Dem;0;2608;;1;
l;2889685058157;49413741;Ind;0;6;;7;
l;2885994070637;49419885;Ind;0;2;;13;
l;111326829;49367661;GOP;0;8225;X;2;
l;2886799377005;49164909;GOP;0;9436;X;2;
l;2892234757741;49452653;Ind;0;57;;10;
l;2891899650669;49411693;Ind;0;26;;5;
l;2890490364525;49412717;Ind;0;11;;6;
l;2889416622701;49411693;Ind;0;6;;5;
l;2891563789933;49092205;Dem;1;1196;;1;
l;2888476821101;49363565;GOP;0;1160;;2;
l;2889349155437;49298029;GOP;0;0;X;1;
l;2888343057005;49470061;;0;5472;X;1;
l;2888745534061;49415789;Ind;0;3;;9;
l;2889752167021;49415789;Ind;0;13;;9;
l;2891765609069;49470061;;0;1372;X;1;
l;2892100537965;49063533;Dem;1;2725;;1;
l;2886597609069;49431149;Ind;0;58;;3;
l;2891765432941;49164909;GOP;0;931;X;2;
l;2892302090861;49265261;Dem;1;0;X;1;
l;2892234972781;49242733;Dem;0;10651;;1;
l;111348333;49396333;Dem;0;4508;;1;
l;111258221;49050221;GOP;1;0;X;1;
l;2891429888621;49416813;Ind;0;26;;10;
l;2890221929069;49420909;Ind;0;2;;14;
l;2891362779757;49159789;Dem;0;8359;;1;
l;2891832541805;49420909;Ind;0;10;;14;
l;111592045;49164909;GOP;0;1040688;X;2;
l;2888141554285;49419885;Ind;0;1;;13;
l;111204973;49279597;Dem;0;4122;;1;
l;2888275340909;49460845;Ind;0;22;;3;
l;2890624582253;49418861;Ind;0;24;;12;
l;2888611316333;49417837;Ind;0;1;;11;
l;2886195397229;49414765;Ind;0;4;;8;
l;2888208663149;49413741;Ind;0;24;;7;
l;2892168086125;49408621;Ind;0;397;;3;
l;2888745534061;49412717;Ind;0;3;;6;
l;2892100537965;49440365;Ind;0;245;;3;
l;2887201599085;49461869;Ind;0;106;;4;
l;2887403356781;49418861;Ind;0;6;;12;
l;2889013969517;49412717;Ind;0;5;;6;
l;111277677;49053293;GOP;1;11723;X;2;
l;2890423255661;49418861;Ind;0;5;;12;
l;111368813;49240685;GOP;0;22612;;2;
l;2888409989741;49419885;Ind;0;0;;13;
l;2888610885229;49461869;Ind;0;64;;4;
l;2886598050413;49422957;Ind;0;50;;16;
l;2889080802925;49364589;Dem;0;4120;;1;
l;2886128288365;49416813;Ind;0;8;;10;
l;2891295670893;49159789;Dem;0;1662;;1;
l;2887336247917;49412717;Ind;0;17;;6;
l;2887604683373;49422957;Ind;0;44;;16;
l;2886195397229;49473133;Ind;0;26;;4;
l;2886665159277;49415789;Ind;0;3;;9;
l;2890825908845;49418861;Ind;0;7;;12;
l;2886262070893;49453677;Ind;0;48;;3;
l;2886128288365;49412717;Ind;0;10;;6;
l;2885859417709;49457773;Ind;0;37;;7;
l;2888208839277;49471085;;0;718;;2;
l;111287917;49097325;Dem;1;6607;X;1;
l;2887000703597;49416813;Ind;0;66;;10;
l;2890691691117;49422957;Ind;0;59;;16;
l;2890490364525;49415789;Ind;0;12;;9;
l;2889148187245;49414765;Ind;0;2;;8;
l;2886933594733;49413741;Ind;0;47;;7;
l;2887873118829;49414765;Ind;0;4;;8;
l;2887000703597;49411693;Ind;0;127;;5;
l;2890289037933;49414765;Ind;0;1;;8;
l;111592045;49473133;Ind;0;4730;;4;
l;2891295847021;49470061;;0;3345;X;1;
l;2887873118829;49418861;Ind;0;6;;12;
l;2888342880877;49412717;Ind;0;2;;6;
l;2891765432941;49420909;Ind;0;1;;14;
l;2891429590637;49503853;Ind;0;37;;3;
l;2887940227693;49408621;Ind;0;122;;3;
l;111369837;49242733;Dem;0;21332;;1;
l;2889147911789;49058413;GOP;1;2277;X;2;
l;2886396723821;49414765;Ind;0;6;;8;
l;2891228126829;49454701;Ind;0;41;;4;
l;2885993631341;49440365;Ind;0;27;;3;
l;2888208663149;49164909;GOP;0;9320;X;2;
l;2889483731565;49417837;Ind;0;8;;11;
l;2890356146797;49408621;Ind;0;4;;3;
l;2889081078381;49408621;Ind;0;19;;3;
l;111279725;49148525;GOP;1;10143;X;2;
l;2890893017709;49408621;Ind;0;8;;3;
l;2886262506093;49159789;Dem;0;1415;;1;
l;2886262189677;49092205;Dem;1;1838;;1;
l;2887940227693;49419885;Ind;0;22;;13;
l;2887805570669;49063533;Dem;1;1400;;1;
l;2889416622701;49159789;Dem;0;2343;;1;
l;111592045;49412717;Ind;0;863;;6;
l;2886799377005;49421933;Ind;0;19;;15;
l;2888544207469;49416813;Ind;0;2;;10;
l;2888879308397;49030765;GOP;1;83094;X;2;
l;2886061179501;49164909;GOP;0;23775;X;2;
l;2891966759533;49408621;Ind;0;10;;3;
l;2892100977261;49415789;Ind;0;5;;9;
l;2888678201965;49478253;Ind;0;354;;3;
l;111209069;49039981;GOP;1;0;X;1;
l;2890959683181;49167981;Dem;0;556;;1;
l;2891496997485;49421933;Ind;0;4;;15;
l;2890020602477;49159789;Dem;0;579;;1;
l;2888745534061;49416813;Ind;0;11;;10;
l;2890960126573;49415789;Ind;0;4;;9;
l;2889953062509;49220205;GOP;0;4120;X;2;
l;2888208663149;49418861;Ind;0;20;;12;
l;2888007336557;49420909;Ind;0;4;;14;
l;111321709;49060461;GOP;1;0;X;1;
l;2888543776365;49218157;Dem;0;1025;;1;
l;2888879384173;49042029;GOP;1;6105;X;2;
l;2892100537965;49441389;Ind;0;80;;4;
l;2890489929325;49453677;Ind;0;270;;3;
l;2886060794477;49280621;Dem;0;2322;;1;
l;2887268707949;49218157;Dem;0;2458;;1;
l;2891362779757;49422957;Ind;0;153;;16;
l;2889282404973;49411693;Ind;0;34;;5;
l;2887738901101;49421933;Ind;0;19;;15;
l;2890624140909;49436269;Ind;0;88;;8;
l;2891899263597;49037933;GOP;1;8320;X;2;
l;2888812249709;49275501;Dem;0;460;;1;
l;111296109;49346157;GOP;0;3585;;2;
l;2891563671149;49454701;Ind;0;13;;4;
l;2887403356781;49416813;Ind;0;1;;10;
l;2889282404973;49413741;Ind;0;27;;7;
l;2886194957933;49189485;GOP;0;4690;X;2;
l;111342189;49121901;Dem;1;0;X;1;
l;2891698324077;49416813;Ind;0;0;;10;
l;2890154820205;49422957;Ind;0;49;;16;
l;2886799553133;49470061;;0;11541;X;1;
l;2889752167021;49408621;Ind;0;75;;3;
l;2887202030189;49414765;Ind;0;12;;8;
l;2886799377005;49412717;Ind;0;9;;6;
l;111355501;49062509;GOP;1;0;X;1;
l;2888074445421;49421933;Ind;0;14;;15;
l;2892033868397;49422957;Ind;0;35;;16;
l;2891899263597;49279597;Dem;0;4122;;1;
l;111283821;49095277;Dem;1;7990;X;1;
l;2888141730413;49471085;;0;288;;2;
l;2889819275885;49415789;Ind;0;2;;9;
l;2887000482413;49071725;Dem;1;0;X;1;
l;2891832541805;49422957;Ind;0;63;;16;
l;2889685058157;49417837;Ind;0;2;;11;
l;2890489929325;49456749;Ind;0;108;;6;
l;2888544207469;49159789;Dem;0;1055;;1;
l;2886463395437;49445485;Ind;0;21;;3;
l;2889081078381;49416813;Ind;0;9;;10;
l;2889349689965;49470061;;0;10541;X;1;
l;2888678425197;49414765;Ind;0;3;;8;
l;2889953493613;49416813;Ind;0;37;;10;
l;2888477098605;49415789;Ind;0;2;;9;
l;2889953493613;49415789;Ind;0;19;;9;
l;2887671792237;49159789;Dem;0;1034;;1;
l;2889416622701;49413741;Ind;0;5;;7;
l;2889618125421;49471085;;0;414;;2;
l;2888141554285;49414765;Ind;0;7;;8;
l;2888745092717;49434221;Ind;0;32;;6;
l;2889953060461;49032813;GOP;1;14722;X;2;
l;2889752167021;49411693;Ind;0;21;;5;
l;2887403356781;49419885;Ind;0;0;;13;
l;2890825908845;49412717;Ind;0;12;;6;
l;2887403356781;49415789;Ind;0;0;;9;
l;2890826084973;49470061;;0;3874;X;1;
l;2887134921325;49415789;Ind;0;6;;9;
l;2889953213037;49057389;GOP;1;10804;X;2;
l;2891630825069;49036909;GOP;1;3401;X;1;
l;111294061;49343085;GOP;0;17268;X;2;
l;2886262506093;49418861;Ind;0;2;;12;
l;2887402917485;49189485;GOP;0;2759;X;2;
l;2886933371501;49240685;GOP;0;10384;;2;
l;2886262506093;49414765;Ind;0;4;;8;
l;2888007336557;49408621;Ind;0;1;;3;
l;2886396723821;49422957;Ind;0;61;;16;
l;2886597609069;49436269;Ind;0;132;;8;
l;111370861;49071725;Dem;1;0;X;1;
l;2888812642925;49419885;Ind;0;2;;13;
l;2889214970477;49320557;GOP;0;2595;X;2;
l;2891496997485;49473133;Ind;0;66;;4;
l;2885792744045;49408621;Ind;0;48;;3;
l;2890959749741;49291885;Dem;0;2112;;1;
l;2888946860653;49421933;Ind;0;5;;15;
l;2889148363373;49471085;;0;227;;2;
l;2891966326381;49217133;Dem;0;598;;1;
l;2891563884141;49242733;Dem;0;1179;;1;
l;2886933594733;49411693;Ind;0;28;;5;
l;2889685234285;49470061;;0;6386;X;1;
l;2890624582253;49159789;Dem;0;3707;;1;
l;2889147747949;49189485;GOP;0;1890;X;2;
l;2891899262573;49138285;GOP;1;0;X;1;
l;2892168086125;49418861;Ind;0;36;;12;
l;2886195397229;49419885;Ind;0;12;;13;
l;2886598226541;49470061;;0;5112;X;1;
l;2891698324077;49419885;Ind;0;0;;13;
l;2892167646829;49189485;GOP;0;5166;X;2;
l;2886799377005;49420909;Ind;0;10;;14;
l;2891698324077;49415789;Ind;0;1;;9;
l;2891295403629;49365613;GOP;0;2039;X;2;
l;111279725;49334893;Dem;0;6139;;1;
l;2890825908845;49422957;Ind;0;23;;16;
l;2886530941549;49473133;Ind;0;16;;4;
l;2888879308397;49167981;Dem;0;16232;;1;
l;2889953493613;49413741;Ind;0;99;;7;
l;2889818915437;49043053;GOP;1;0;X;1;
l;2890557473389;49418861;Ind;0;6;;12;
l;2892235194989;49473133;Ind;0;108;;4;
l;2890490364525;49413741;Ind;0;25;;7;
l;2891832220269;49090157;Dem;1;0;X;1;
l;2886530941549;49159789;Dem;0;1145;;1;
l;2888141554285;49473133;Ind;0;11;;4;
l;2887537574509;49473133;Ind;0;68;;4;
l;2886664937069;49242733;Dem;0;819;;1;
l;111198829;49480301;Ind;0;123;;3;
l;111282797;49501805;Ind;0;342;;4;
l;2888812642925;49414765;Ind;0;1;;8;
l;2887000703597;49414765;Ind;0;129;;8;
l;2887403356781;49420909;Ind;0;2;;14;
l;2887000407661;49346157;GOP;0;3585;;2;
l;2888208663149;49159789;Dem;0;2816;;1;
l;2887000395373;49095277;Dem;1;7990;X;1;
l;2886664724077;49454701;Ind;0;37;;4;
l;111349357;49156717;GOP;1;22607;X;1;
l;2888208215661;49029741;GOP;1;9420;X;2;
l;2886396723821;49417837;Ind;0;2;;11;
l;111273581;49052269;GOP;1;15181;X;2;
l;2887067379309;49217133;Dem;0;937;;1;
l;2886329614957;49419885;Ind;0;6;;13;
l;2888677989997;49457773;Ind;0;17;;7;
l;2889416798829;49470061;;0;5892;X;1;
l;2889886384749;49159789;Dem;0;2399;;1;
l;2892302303853;49421933;Ind;0;129;;15;
l;2890758799981;49418861;Ind;0;60;;12;
l;2888342447725;49217133;Dem;0;1120;;1;
l;2887067812461;49411693;Ind;0;7;;5;
l;2888476659309;49442413;Ind;0;21;;5;
l;2891295847021;49471085;;0;214;;2;
l;2886194957933;49442413;Ind;0;89;;5;
l;2891362779757;49411693;Ind;0;30;;5;
l;2889751727725;49063533;Dem;1;9285;;1;
l;2888208663149;49415789;Ind;0;3;;9;
l;111245933;49048173;GOP;1;0;X;1;
l;111196781;49267309;Dem;0;6262;;1;
l;2890355707501;49441389;Ind;0;15;;4;
l;2889081078381;49422957;Ind;0;27;;16;
l;2890691255917;49457773;Ind;0;34;;7;
l;2886866661997;49470061;;0;3639;X;1;
l;2889550840429;49408621;Ind;0;30;;3;
l;2886798937709;49443437;Ind;0;144;;6;
l;2891832541805;49408621;Ind;0;53;;3;
l;2887000408685;49347181;Dem;0;8321;;1;
l;2887000266349;49449581;Ind;0;133;;7;
l;2892033437293;49218157;Dem;0;3614;;1;
l;2888275772013;49416813;Ind;0;2;;10;
l;2889215070829;49239661;Dem;0;1978;;1;
l;2891698324077;49413741;Ind;0;6;;7;
l;2886060736109;49030765;GOP;1;24402;X;2;
l;2887269315181;49470061;;0;8290;X;1;
l;2890960126573;49422957;Ind;0;140;;16;
l;111207021;49280621;Dem;0;2860;;1;
l;2886664831597;49319533;GOP;0;1028;X;2;
l;2889684832877;49239661;Dem;0;2363;;1;
l;2887940227693;49415789;Ind;0;31;;9;
l;2890624140909;49433197;Ind;0;3;;5;
l;2892034044525;49470061;;0;8067;X;1;
l;2886732268141;49413741;Ind;0;15;;7;
l;2887940403821;49471085;;0;7794;;2;
l;111329901;49370733;GOP;0;5865;;2;
l;2890624142957;49441389;Ind;0;88;;4;
l;111152749;49443437;Ind;0;2162;;6;
l;2888342880877;49417837;Ind;0;3;;11;
l;2890959679085;49029741;GOP;1;11642;X;2;
l;2887537143405;49218157;Dem;0;4868;;1;
l;2888544207469;49411693;Ind;0;2;;5;
l;2889685058157;49422957;Ind;0;30;;16;
l;2891832102509;49442413;Ind;0;58;;5;
l;2885792744045;49413741;Ind;0;42;;7;
l;2888879522413;49229421;GOP;0;22659;X;2;
l;2888409989741;49414765;Ind;0;5;;8;
l;2887335814765;49032813;GOP;1;8354;X;2;
l;2891228562029;49164909;GOP;0;3368;X;2;
l;2890288769645;49108589;Dem;1;0;X;1;
l;2891228562029;49411693;Ind;0;9;;5;
l;2887738901101;49408621;Ind;0;56;;3;
l;2888745534061;49473133;Ind;0;33;;4;
l;2886463399533;49032813;GOP;1;2249;X;2;
l;2887805570669;49441389;Ind;0;27;;4;
l;2891496997485;49420909;Ind;0;2;;14;
l;2891631215213;49420909;Ind;0;0;;14;
l;2888611316333;49421933;Ind;0;3;;15;
l;2889416622701;49421933;Ind;0;2;;15;
l;2891764993645;49442413;Ind;0;6;;5;
l;111311469;49057389;GOP;1;10804;X;2;
l;2886262506093;49408621;Ind;0;10;;3;
l;2887000266349;49064557;Dem;1;87486;X;1;
l;2892302048877;49379949;GOP;0;2072;;2;
l;2886463832685;49408621;Ind;0;51;;3;
l;2888678425197;49417837;Ind;0;3;;11;
l;2887000266349;49447533;Ind;0;359;;5;
l;2885792302701;49434221;Ind;0;66;;6;
l;2891765432941;49413741;Ind;0;5;;7;
l;2887336247917;49413741;Ind;0;6;;7;
l;2890087887469;49471085;;0;207;;2;
l;2891295670893;49164909;GOP;0;2120;X;2;
l;2887537574509;49408621;Ind;0;34;;3;
l;2888879751789;49159789;Dem;0;17867;;1;
l;2888678601325;49471085;;0;181;;2;
l;2886463832685;49419885;Ind;0;12;;13;
l;2889349513837;49408621;Ind;0;31;;3;
l;2886127847021;49431149;Ind;0;92;;3;
l;2890691691117;49413741;Ind;0;21;;7;
l;2886061179501;49414765;Ind;0;16;;8;
l;2887000484461;49252973;GOP;0;20696;;2;
l;2889349513837;49415789;Ind;0;0;;9;
l;2886396723821;49416813;Ind;0;4;;10;
l;2891832541805;49159789;Dem;0;3640;;1;
l;2888677989997;49204845;GOP;0;1557;X;2;
l;2888745092717;49435245;Ind;0;16;;7;
l;2890221929069;49414765;Ind;0;6;;8;
l;2889886384749;49164909;GOP;0;7795;X;2;
l;2888074621549;49470061;;0;5037;X;1;
l;2887470026349;49443437;Ind;0;81;;6;
l;2892302479981;49471085;;0;31686;;2;
l;2887604683373;49421933;Ind;0;3;;15;
l;2887336247917;49421933;Ind;0;4;;15;
l;2888745086573;49165933;Dem;0;375;;1;
l;2889953669741;49470061;;0;25539;X;1;
l;2887604244077;49189485;GOP;0;4085;X;2;
l;2890289037933;49416813;Ind;0;1;;10;
l;111154797;49447533;Ind;0;396;;5;
l;2885859563117;49356397;GOP;1;6992;X;2;
l;2889080639085;49440365;Ind;0;192;;3;
l;2891429453421;49214061;Dem;0;10813;;1;
l;2891295670893;49415789;Ind;0;6;;9;
l;2887939786349;49433197;Ind;0;131;;5;
l;2888275772013;49421933;Ind;0;6;;15;
l;2885993631341;49443437;Ind;0;23;;6;
l;2887000703597;49159789;Dem;0;76326;;1;
l;2890087272045;49189485;GOP;0;2353;X;2;
l;2887738901101;49416813;Ind;0;2;;10;
l;2890893017709;49415789;Ind;0;0;;9;
l;2889081078381;49415789;Ind;0;6;;9;
l;111339117;49389165;Dem;1;0;X;1;
l;2886732035693;49227373;Dem;0;1333;;1;
l;2890960126573;49159789;Dem;0;2691;;1;
l;2891698324077;49418861;Ind;0;2;;12;
l;2885926961773;49420909;Ind;0;1;;14;
l;2888074445421;49411693;Ind;0;4;;5;
l;2889416622701;49164909;GOP;0;4357;X;2;
l;2887738901101;49417837;Ind;0;5;;11;
l;2885859852909;49408621;Ind;0;27;;3;
l;2886061179501;49422957;Ind;0;189;;16;
l;2891832102509;49189485;GOP;0;4339;X;2;
l;2887806009965;49420909;Ind;0;3;;14;
l;2886329614957;49473133;Ind;0;24;;4;
l;2890557032045;49433197;Ind;0;17;;5;
l;111150701;49436269;Ind;0;17074;;8;
l;2888678097517;49086061;Dem;1;1423;;1;
l;2891496753773;49396333;Dem;0;959;;1;
l;111353453;49125997;Dem;1;0;X;1;
l;2886262283885;49243757;GOP;1;2206;X;2;
l;2887134921325;49416813;Ind;0;5;;10;
l;2889617949293;49422957;Ind;0;39;;16;
l;2886664724077;49456749;Ind;0;9;;6;
l;2888879751789;49411693;Ind;0;120;;5;
l;2888409722477;49365613;GOP;0;5599;X;2;
l;2891295670893;49419885;Ind;0;2;;13;
l;2887336247917;49416813;Ind;0;6;;10;
l;2890624582253;49408621;Ind;0;52;;3;
l;2891295670893;49473133;Ind;0;12;;4;
l;2890221493869;49454701;Ind;0;63;;4;
l;2890624582253;49415789;Ind;0;6;;9;
l;2885792416365;49086061;Dem;1;875;;1;
l;2889685058157;49418861;Ind;0;4;;12;
l;2886396723821;49411693;Ind;0;22;;5;
l;2886732035693;49128045;GOP;1;6375;X;2;
l;2887806009965;49412717;Ind;0;4;;6;
l;2891429888621;49420909;Ind;0;5;;14;
l;2891899419245;49129069;GOP;1;21859;X;2;
l;2887403356781;49411693;Ind;0;6;;5;
l;2889214856813;49440365;Ind;0;77;;3;
l;2891564106349;49159789;Dem;0;875;;1;
l;2888745534061;49417837;Ind;0;1;;11;
l;2888611316333;49412717;Ind;0;2;;6;
l;2891295670893;49421933;Ind;0;7;;15;
l;2889617949293;49473133;Ind;0;16;;4;
l;2889953060461;49217133;Dem;0;7425;;1;
l;2887738453613;49425005;Ind;0;416;;3;
l;2890087272045;49442413;Ind;0;16;;5;
l;2891228126829;49456749;Ind;0;43;;6;
l;2889215006317;49353325;Dem;0;1119;;1;
l;111201901;49036909;GOP;1;10838;X;1;
l;2885792744045;49417837;Ind;0;3;;11;
l;2886194957933;49063533;Dem;1;3198;;1;
l;2887940227693;49473133;Ind;0;317;;4;
l;2890020602477;49412717;Ind;0;6;;6;
l;2887604244077;49442413;Ind;0;52;;5;
l;2891228562029;49422957;Ind;0;28;;16;
l;2891295670893;49413741;Ind;0;7;;7;
l;111256173;49311341;GOP;0;16389;X;2;
l;2889885941357;49428077;Ind;0;51;;4;
l;2886061179501;49159789;Dem;0;5448;;1;
l;2889147747949;49063533;Dem;1;1387;;1;
l;2889819275885;49418861;Ind;0;5;;12;
l;2886732268141;49418861;Ind;0;16;;12;
l;2887000399469;49338989;GOP;0;3880;;2;
l;2886060794477;49284717;GOP;0;9989;X;2;
l;2889550624365;49257069;GOP;0;13387;;2;
l;2886061179501;49408621;Ind;0;82;;3;
l;2890624582253;49421933;Ind;0;16;;15;
l;2889751941741;49239661;Dem;0;7734;;1;
l;2888745534061;49420909;Ind;0;3;;14;
l;2891899203181;49029741;GOP;1;22063;X;2;
l;2891899650669;49418861;Ind;0;14;;12;
l;2890154820205;49412717;Ind;0;8;;6;
l;2889013538413;49220205;GOP;0;3611;X;2;
l;111152749;49440365;Ind;0;3179;;3;
l;111368813;49478253;Ind;0;8779;;3;
l;111275629;49092205;Dem;1;8069;;1;
l;2886664831597;49086061;Dem;1;862;;1;
l;2892167646829;49442413;Ind;0;82;;5;
l;2887269139053;49415789;Ind;0;3;;9;
l;2888543939181;49108589;Dem;1;0;X;1;
l;2888544207469;49420909;Ind;0;2;;14;
l;2888342447725;49459821;Ind;0;236;;3;
l;2890825581165;49319533;GOP;0;2390;X;2;
l;2887201813101;49073773;Dem;1;5531;;1;
l;2892167793261;49055341;GOP;1;0;X;1;
l;2888410165869;49471085;;0;500;;2;
l;2892301870701;49217133;Dem;0;19354;;1;
l;2887067379309;49459821;Ind;0;115;;3;
l;2886598050413;49159789;Dem;0;1463;;1;
l;2890624582253;49413741;Ind;0;41;;7;
l;2888812249709;49269357;GOP;0;3894;X;2;
l;2887537574509;49418861;Ind;0;13;;12;
l;2888678425197;49408621;Ind;0;8;;3;
l;2889013969517;49419885;Ind;0;4;;13;
l;2888476665453;49459821;Ind;0;66;;3;
l;2890959683181;49430125;Ind;0;35;;6;
l;2888007336557;49416813;Ind;0;0;;10;
l;2887067812461;49419885;Ind;0;2;;13;
l;2891564282477;49471085;;0;108;;2;
l;2891765432941;49411693;Ind;0;6;;5;
l;2890691691117;49411693;Ind;0;26;;5;
l;2886396899949;49470061;;0;11206;X;1;
l;111331949;49372781;GOP;0;7293;;2;
l;2889819275885;49420909;Ind;0;3;;14;
l;2891698324077;49411693;Ind;0;7;;5;
l;2888544207469;49164909;GOP;0;1016;X;2;
l;2886463395437;49452653;Ind;0;13;;10;
l;2888879521389;49130093;GOP;1;0;X;1;
l;2886195573357;49470061;;0;6955;X;1;
l;2891698324077;49422957;Ind;0;30;;16;
l;2890221929069;49417837;Ind;0;1;;11;
l;2885994246765;49471085;;0;182;;2;
l;2891765103213;49085037;Dem;1;0;X;1;
l;2887806009965;49164909;GOP;0;1693;X;2;
l;2892302303853;49416813;Ind;0;176;;10;
l;2890758364781;49214061;Dem;0;17864;;1;
l;2889617509997;49443437;Ind;0;41;;6;
l;2890020778605;49470061;;0;1867;X;1;
l;2889953210989;49361517;GOP;0;4750;;2;
l;2887940227693;49164909;GOP;0;57085;X;2;
l;111338093;49117805;Dem;1;7290;X;1;
l;2887738523245;49289837;GOP;0;3758;X;2;
l;2885792302701;49431149;Ind;0;118;;3;
l;111362669;49229421;GOP;0;22659;X;2;
l;2886530941549;49164909;GOP;0;2759;X;2;
l;2892302303853;49413741;Ind;0;294;;7;
l;2889819275885;49412717;Ind;0;2;;6;
l;2891362955885;49471085;;0;2730;;2;
l;2886463832685;49414765;Ind;0;11;;8;
l;2890422814317;49433197;Ind;0;7;;5;
l;2891429570157;49498733;Ind;0;424;;3;
l;2889416622701;49420909;Ind;0;7;;14;
l;2886463568493;49368685;Dem;0;2779;;1;
l;2886732268141;49414765;Ind;0;6;;8;
l;2888879384173;49292909;Dem;0;2119;;1;
l;2887067812461;49416813;Ind;0;0;;10;
l;111234669;49044077;GOP;1;0;X;1;
l;2888879381101;49079917;Dem;1;0;X;1;
l;2890154820205;49414765;Ind;0;7;;8;
l;2887671350893;49434221;Ind;0;22;;6;
l;2891966759533;49417837;Ind;0;0;;11;
l;2890356146797;49413741;Ind;0;2;;7;
l;2890221929069;49159789;Dem;0;2065;;1;
l;2892234757741;49445485;Ind;0;108;;3;
l;2891362779757;49419885;Ind;0;35;;13;
l;2886866485869;49419885;Ind;0;0;;13;
l;2892235194989;49412717;Ind;0;8;;6;
l;2890691691117;49421933;Ind;0;5;;15;
l;2891228562029;49408621;Ind;0;21;;3;
l;2886128288365;49411693;Ind;0;13;;5;
l;2892168086125;49159789;Dem;0;11082;;1;
l;2888208663149;49412717;Ind;0;6;;6;
l;2888476659309;49189485;GOP;0;1648;X;2;
l;2886866054765;49460845;Ind;0;28;;3;
l;2887872737901;49287789;GOP;0;9034;X;2;
l;2892302052973;49120877;Dem;1;5370;X;1;
l;2887000394349;49499757;Ind;0;173;;3;
l;2887806009965;49417837;Ind;0;3;;11;
l;2886933594733;49473133;Ind;0;56;;4;
l;2889282062957;49082989;Dem;1;505;;1;
l;111329901;49112685;Dem;1;7638;X;1;
l;2886933594733;49408621;Ind;0;69;;3;
l;2891228126829;49453677;Ind;0;41;;3;
l;2892302047853;49115757;Dem;1;0;X;1;
l;2887470465645;49415789;Ind;0;6;;9;
l;2886329614957;49414765;Ind;0;3;;8;
l;2887134699117;49243757;GOP;1;2571;X;2;
l;2886262070893;49457773;Ind;0;23;;7;
l;2886463399533;49217133;Dem;0;884;;1;
l;2887067812461;49415789;Ind;0;1;;9;
l;2886732268141;49408621;Ind;0;26;;3;
l;2887202030189;49418861;Ind;0;13;;12;
l;2888074201709;49396333;Dem;0;606;;1;
l;2891429570157;49052269;GOP;1;15181;X;2;
l;2886732268141;49411693;Ind;0;16;;5;
l;2888678425197;49421933;Ind;0;8;;15;
l;2889483296365;49457773;Ind;0;10;;7;
l;2886061355629;49470061;;0;24746;X;1;
l;2889148187245;49412717;Ind;0;6;;6;
l;2892100977261;49418861;Ind;0;16;;12;
l;2892100977261;49414765;Ind;0;7;;8;
l;2887873118829;49413741;Ind;0;14;;7;
l;2889080639085;49441389;Ind;0;160;;4;
l;2887269139053;49419885;Ind;0;0;;13;
l;2888074445421;49417837;Ind;0;1;;11;
l;2886329791085;49471085;;0;314;;2;
l;2892234759789;49455725;Ind;0;57;;5;
l;2892033868397;49411693;Ind;0;8;;5;
l;2891228562029;49416813;Ind;0;6;;10;
l;2890288604781;49217133;Dem;0;648;;1;
l;2889013969517;49411693;Ind;0;4;;5;
l;2889885941357;49030765;GOP;1;8226;X;2;
l;111349357;49511021;Ind;0;4419;;2;
l;2889617949293;49413741;Ind;0;24;;7;
l;2887872671341;49029741;GOP;1;10157;X;2;
l;2886060736109;49429101;Ind;0;660;;5;
l;2886194957933;49441389;Ind;0;73;;4;
l;2890221929069;49408621;Ind;0;22;;3;
l;2887402917485;49442413;Ind;0;12;;5;
l;111592045;49416813;Ind;0;828;;10;
l;2887202030189;49419885;Ind;0;9;;13;
l;2890490540653;49470061;;0;14895;X;1;
l;2890825469549;49063533;Dem;1;1868;;1;
l;2890893017709;49159789;Dem;0;966;;1;
l;2887940227693;49411693;Ind;0;69;;5;
l;2885792744045;49164909;GOP;0;13938;X;2;
l;2891496566381;49220205;GOP;0;10626;X;2;
l;2888678425197;49416813;Ind;0;0;;10;
l;2892168086125;49422957;Ind;0;203;;16;
l;2890960126573;49412717;Ind;0;11;;6;
l;2889349070445;49428077;Ind;0;79;;4;
l;2888477098605;49419885;Ind;0;10;;13;
l;2886665159277;49408621;Ind;0;8;;3;
l;2889147911789;49364589;Dem;0;1258;;1;
l;2891966759533;49164909;GOP;0;2606;X;2;
l;2886530941549;49413741;Ind;0;2;;7;
l;2887269139053;49421933;Ind;0;6;;15;
l;2890288604781;49032813;GOP;1;1065;X;2;
l;2889282404973;49159789;Dem;0;2413;;1;
l;2889953493613;49422957;Ind;0;126;;16;
l;2888141280877;49151597;GOP;1;0;X;1;
l;2891228562029;49417837;Ind;0;3;;11;
l;2887604683373;49420909;Ind;0;4;;14;
l;2891362779757;49414765;Ind;0;18;;8;
l;2887000406637;49100397;Dem;1;0;X;1;
l;2891631215213;49412717;Ind;0;2;;6;
l;2889013969517;49415789;Ind;0;1;;9;
l;2887000395373;49337965;GOP;0;7267;;2;
l;2887939786349;49175149;GOP;0;41499;X;2;
l;2885859417709;49214061;Dem;0;2351;;1;
l;2889416349293;49151597;GOP;1;0;X;1;
l;111302253;49356397;GOP;1;11934;X;2;
l;2887336247917;49473133;Ind;0;58;;4;
l;2886933594733;49417837;Ind;0;13;;11;
l;2892235194989;49419885;Ind;0;12;;13;
l;2889752167021;49414765;Ind;0;16;;8;
l;2889953060461;49459821;Ind;0;659;;3;
l;2890020602477;49420909;Ind;0;1;;14;
l;2892234878573;49331821;GOP;0;6386;X;2;
l;2889147747949;49443437;Ind;0;34;;6;
l;2886061179501;49417837;Ind;0;6;;11;
l;2887940227693;49159789;Dem;0;28554;;1;
l;2885926961773;49415789;Ind;0;1;;9;
l;2885792744045;49416813;Ind;0;7;;10;
l;2891362779757;49420909;Ind;0;24;;14;
l;2888812642925;49473133;Ind;0;8;;4;
l;2889282404973;49421933;Ind;0;16;;15;
l;2888476881517;49073773;Dem;1;2756;;1;
l;2890557032045;49175149;GOP;0;4695;X;2;
l;2890356146797;49421933;Ind;0;0;;15;
l;2890758799981;49408621;Ind;0;227;;3;
l;2888745200237;49050221;GOP;1;0;X;1;
l;2890087711341;49164909;GOP;0;3029;X;2;
l;2887202030189;49411693;Ind;0;21;;5;
l;2890154820205;49473133;Ind;0;69;;4;
l;2889013969517;49416813;Ind;0;2;;10;
l;2888745534061;49164909;GOP;0;8725;X;2;
l;111283821;49337965;GOP;0;7267;;2;
l;2889081254509;49470061;;0;8882;X;1;
l;2886262070893;49204845;GOP;0;2369;X;2;
l;2892302303853;49420909;Ind;0;116;;14;
l;2891295670893;49408621;Ind;0;11;;3;
l;2889282404973;49164909;GOP;0;12552;X;2;
l;2887403356781;49159789;Dem;0;1374;;1;
l;2889550840429;49421933;Ind;0;15;;15;
l;2885994070637;49411693;Ind;0;3;;5;
l;2890423431789;49471085;;0;228;;2;
l;2885993715309;49300077;GOP;0;1863;X;2;
l;2889215296109;49416813;Ind;0;9;;10;
l;2892167868013;49253997;GOP;1;0;X;1;
l;2885792744045;49421933;Ind;0;31;;15;
l;2887269139053;49164909;GOP;0;6576;X;2;
l;2892234757741;49449581;Ind;0;22;;7;
l;2890557473389;49415789;Ind;0;1;;9;
l;2887000401517;49340013;GOP;0;6347;;2;
l;2890557649517;49470061;;0;6359;X;1;
l;2886732444269;49470061;;0;6505;X;1;
l;2889818834541;49433197;Ind;0;8;;5;
l;2887000703597;49418861;Ind;0;195;;12;
l;2891362384493;49034861;GOP;1;10182;X;2;
l;111256173;49312365;Dem;0;7734;;1;
l;2888342880877;49420909;Ind;0;4;;14;
l;2887402917485;49440365;Ind;0;48;;3;
l;2892100977261;49416813;Ind;0;2;;10;
l;2886597609069;49432173;Ind;0;171;;4;
l;111372909;49252973;GOP;0;20696;;2;
l;111228525;49143405;GOP;1;0;X;1;
l;2889751880301;49357421;GOP;0;10790;X;2;
l;2889886384749;49414765;Ind;0;5;;8;
l;111216237;49078893;Dem;1;0;X;1;
l;2889886560877;49470061;;0;8869;X;1;
l;2889819048557;49235565;GOP;0;0;X;1;
l;2887671350893;49435245;Ind;0;11;;7;
l;2890960126573;49164909;GOP;0;16591;X;2;
l;2890154820205;49421933;Ind;0;7;;15;
l;2892235194989;49164909;GOP;0;25024;X;2;
l;2888611316333;49414765;Ind;0;2;;8;
l;2890758487661;49148525;GOP;1;10143;X;2;
l;2891697882733;49182317;Dem;0;743;;1;
l;2886598050413;49415789;Ind;0;1;;9;
l;2885994070637;49416813;Ind;0;1;;10;
l;111324781;49109613;Dem;1;7722;;1;
l;2888677989997;49455725;Ind;0;19;;5;
l;2888208215661;49165933;Dem;0;2061;;1;
l;2890222105197;49470061;;0;4416;X;1;
l;2891228339821;49243757;GOP;1;2510;X;2;
l;2887000399469;49097325;Dem;1;6607;X;1;
l;2885792406125;49084013;Dem;1;7270;;1;
l;2889550409325;49461869;Ind;0;119;;4;
l;2886665159277;49417837;Ind;0;2;;11;
l;2888342880877;49159789;Dem;0;1791;;1;
l;2888946860653;49419885;Ind;0;4;;13;
l;2885859852909;49416813;Ind;0;8;;10;
l;2891362779757;49408621;Ind;0;55;;3;
l;2892100655725;49090157;Dem;1;0;X;1;
l;2889282404973;49416813;Ind;0;6;;10;
l;2888543776365;49461869;Ind;0;22;;4;
l;2887806009965;49473133;Ind;0;15;;4;
l;2887806009965;49411693;Ind;0;8;;5;
l;2887671792237;49416813;Ind;0;1;;10;
l;111273581;49498733;Ind;0;424;;3;
l;2892168086125;49419885;Ind;0;19;;13;
l;2890221929069;49421933;Ind;0;2;;15;
l;2887537574509;49422957;Ind;0;27;;16;
l;2885994070637;49473133;Ind;0;17;;4;
l;2885926694509;49109613;Dem;1;2564;;1;
l;2887939881581;49048173;GOP;1;0;X;1;
l;2891430064749;49470061;;0;34861;X;1;
l;2889013969517;49413741;Ind;0;16;;7;
l;2891295239789;49460845;Ind;0;52;;3;
l;2887067812461;49418861;Ind;0;4;;12;
l;2888342880877;49414765;Ind;0;1;;8;
l;2890221493869;49456749;Ind;0;29;;6;
l;2890356146797;49411693;Ind;0;10;;5;
l;2888074012269;49217133;Dem;0;2768;;1;
l;2887000703597;49412717;Ind;0;81;;6;
l;2885927137901;49470061;;0;4507;X;1;
l;2887537574509;49412717;Ind;0;7;;6;
l;2887403033197;49323629;GOP;0;1657;;2;
l;2892234759789;49453677;Ind;0;90;;3;
l;2886195065453;49318509;GOP;0;4706;X;2;
l;2889818834541;49182317;Dem;0;689;;1;
l;2888141554285;49411693;Ind;0;6;;5;
l;2891966759533;49420909;Ind;0;1;;14;
l;2892302053997;49121901;Dem;1;0;X;1;
l;2887873118829;49408621;Ind;0;23;;3;
l;2889617509997;49440365;Ind;0;69;;3;
l;111369837;49243757;GOP;1;35747;X;2;
l;2889080802925;49058413;GOP;1;7368;X;2;
l;2888275948141;49471085;;0;264;;2;
l;2887738453613;49029741;GOP;1;12019;X;2;
l;2886463832685;49421933;Ind;0;11;;15;
l;2889685058157;49412717;Ind;0;4;;6;
l;2888879386221;49293933;Dem;0;4719;;1;
l;2888409989741;49418861;Ind;0;11;;12;
l;2891764993645;49063533;Dem;1;744;;1;
l;2887336247917;49417837;Ind;0;4;;11;
l;2892301872749;49218157;Dem;0;7736;;1;
l;2889349070445;49030765;GOP;1;9880;X;2;
l;111592045;49413741;Ind;0;2584;;7;
l;2889349513837;49421933;Ind;0;3;;15;
l;2890960126573;49420909;Ind;0;7;;14;
l;2890624142957;49063533;Dem;1;4862;;1;
l;2889014145645;49470061;;0;4944;X;1;
l;2888745534061;49413741;Ind;0;27;;7;
l;2885994070637;49164909;GOP;0;2527;X;2;
l;111207021;49284717;GOP;0;12621;X;2;
l;111194733;49033837;GOP;1;0;X;1;
l;2888141554285;49164909;GOP;0;4315;X;2;
l;2889483731565;49416813;Ind;0;9;;10;
l;111341165;49120877;Dem;1;5370;X;1;
l;2885926530669;49218157;Dem;0;2373;;1;
l;2890758464109;49311341;GOP;0;16389;X;2;
l;2890825469549;49442413;Ind;0;11;;5;
l;2890557473389;49408621;Ind;0;15;;3;
l;2888208663149;49408621;Ind;0;25;;3;
l;2890489929325;49204845;GOP;0;11819;X;2;
l;2889148187245;49164909;GOP;0;2235;X;2;
l;2887134596717;49147501;GOP;1;2229;X;2;
l;2888610885229;49220205;GOP;0;2536;X;2;
l;2885859852909;49412717;Ind;0;8;;6;
l;2892100537965;49442413;Ind;0;45;;5;
l;2888946860653;49418861;Ind;0;2;;12;
l;2891564106349;49164909;GOP;0;1170;X;2;
l;2887335814765;49459821;Ind;0;333;;3;
l;2888812642925;49412717;Ind;0;7;;6;
l;111242861;49081965;Dem;1;0;X;1;
l;2887201599085;49218157;Dem;0;3811;;1;
l;2890087711341;49159789;Dem;0;1187;;1;
l;111144557;49425005;Ind;0;3109;;3;
l;2888879387245;49142381;GOP;1;0;X;1;
l;2891630825069;49487469;Ind;0;769;;2;
l;2890020602477;49418861;Ind;0;3;;12;
l;2886195397229;49418861;Ind;0;19;;12;
l;2889416622701;49417837;Ind;0;4;;11;
l;2887873118829;49417837;Ind;0;3;;11;
l;2887806186093;49470061;;0;2686;X;1;
l;2892100977261;49411693;Ind;0;9;;5;
l;2886262506093;49420909;Ind;0;1;;14;
l;2889953669741;49471085;;0;2539;;2;
l;2886262506093;49415789;Ind;0;2;;9;
l;2889416189549;49459821;Ind;0;220;;3;
l;2891295670893;49412717;Ind;0;1;;6;
l;2892033868397;49408621;Ind;0;23;;3;
l;111198829;49275501;Dem;0;3833;;1;
l;2887000266349;49451629;Ind;0;122;;9;
l;2886127927917;49043053;GOP;1;0;X;1;
l;2890087387757;49088109;Dem;1;2460;X;1;
l;2888141730413;49470061;;0;5327;X;1;
l;2891429888621;49412717;Ind;0;17;;6;
l;2891429453421;49457773;Ind;0;104;;7;
l;2892167652973;49032813;GOP;1;40578;X;2;
l;2888611316333;49159789;Dem;0;2232;;1;
l;2886463395437;49446509;Ind;0;8;;4;
l;111224429;49042029;GOP;1;12627;X;2;
l;2886866485869;49421933;Ind;0;1;;15;
l;2891496997485;49416813;Ind;0;8;;10;
l;2890489929325;49214061;Dem;0;5332;;1;
l;2890490364525;49421933;Ind;0;14;;15;
l;2889214856813;49443437;Ind;0;38;;6;
l;2887738901101;49159789;Dem;0;3315;;1;
l;2886866227821;49114733;Dem;1;1741;;1;
l;2892100754029;49240685;GOP;0;2465;;2;
l;2889483731565;49413741;Ind;0;8;;7;
l;111267437;49497709;Ind;0;221;;3;
l;2888745092717;49431149;Ind;0;78;;3;
l;2888342608493;49059437;GOP;1;0;X;1;
l;2891429569133;49091181;Dem;1;8594;X;1;
l;2887470465645;49419885;Ind;0;5;;13;
l;2888342880877;49413741;Ind;0;5;;7;
l;2887872671341;49165933;Dem;0;2236;;1;
l;2890490364525;49422957;Ind;0;79;;16;
l;2890960302701;49471085;;0;1469;;2;
l;2890221493869;49204845;GOP;0;2893;X;2;
l;2889684622957;49453677;Ind;0;122;;3;
l;2887671792237;49421933;Ind;0;6;;15;
l;2889416189549;49032813;GOP;1;4621;X;2;
l;111154797;49451629;Ind;0;156;;9;
l;2889215296109;49415789;Ind;0;9;;9;
l;2889752167021;49419885;Ind;0;13;;13;
l;2891966759533;49414765;Ind;0;1;;8;
l;2889953062509;49218157;Dem;0;2824;;1;
l;2888946860653;49414765;Ind;0;0;;8;
l;2891899650669;49164909;GOP;0;22403;X;2;
l;2889685058157;49415789;Ind;0;21;;9;
l;2891698324077;49412717;Ind;0;3;;6;
l;2891362386541;49480301;Ind;0;98;;3;
l;111348333;49155693;GOP;1;14982;X;2;
l;2892168086125;49164909;GOP;0;48508;X;2;
l;2890691691117;49159789;Dem;0;5416;;1;
l;2889080639085;49189485;GOP;0;5881;X;2;
l;2888275772013;49415789;Ind;0;5;;9;
l;2890490364525;49408621;Ind;0;70;;3;
l;2885792744045;49414765;Ind;0;10;;8;
l;111156845;49214061;Dem;0;56057;;1;
l;2886396723821;49412717;Ind;0;8;;6;
l;2888477098605;49412717;Ind;0;4;;6;
l;2887940227693;49422957;Ind;0;328;;16;
l;2888678201965;49158765;Dem;1;1576;;1;
l;2885792744045;49420909;Ind;0;17;;14;
l;2889953062509;49460845;Ind;0;112;;3;
l;2886598050413;49473133;Ind;0;26;;4;
l;2891966759533;49412717;Ind;0;2;;6;
l;2887134921325;49413741;Ind;0;2;;7;
l;2889282581101;49470061;;0;12524;X;1;
l;2890221929069;49411693;Ind;0;8;;5;
l;2887269139053;49417837;Ind;0;2;;11;
l;2887067812461;49408621;Ind;0;6;;3;
l;2889013538413;49461869;Ind;0;33;;4;
l;2886329614957;49418861;Ind;0;12;;12;
l;2891697882733;49433197;Ind;0;9;;5;
l;2887537750637;49470061;;0;11869;X;1;
l;2888141554285;49418861;Ind;0;13;;12;
l;2887000399469;49502829;Ind;0;418;;3;
l;2885859417709;49454701;Ind;0;47;;4;
l;2890490042989;49090157;Dem;1;0;X;1;
l;2892301872749;49461869;Ind;0;94;;4;
l;2887537574509;49419885;Ind;0;3;;13;
l;2887268881005;49373805;GOP;0;2019;;2;
l;2885792744045;49473133;Ind;0;97;;4;
l;2887269139053;49416813;Ind;0;2;;10;
l;111359597;49227373;Dem;0;7381;;1;
l;2887336004205;49396333;Dem;0;2943;;1;
l;2890691691117;49418861;Ind;0;23;;12;
l;2885792302701;49182317;Dem;0;5335;;1;
l;2886329614957;49416813;Ind;0;5;;10;
l;2887604244077;49063533;Dem;1;3371;;1;
l;2888677989997;49456749;Ind;0;18;;6;
l;2888208663149;49473133;Ind;0;47;;4;
l;2887806009965;49413741;Ind;0;7;;7;
l;111198829;49481325;Ind;0;307;;4;
l;2887202030189;49412717;Ind;0;6;;6;
l;2886194957933;49443437;Ind;0;35;;6;
l;2891228562029;49412717;Ind;0;3;;6;
l;2888208663149;49416813;Ind;0;2;;10;
l;2890893017709;49413741;Ind;0;15;;7;
l;2891429590637;49505901;Ind;0;137;;4;
l;2888409989741;49411693;Ind;0;7;;5;
l;2890355707501;49442413;Ind;0;8;;5;
l;2892235194989;49417837;Ind;0;14;;11;
l;2889617949293;49411693;Ind;0;4;;5;
l;2890087387757;49323629;GOP;0;1703;;2;
l;2891563671149;49455725;Ind;0;10;;5;
l;2890691255917;49204845;GOP;0;12091;X;2;
l;111156845;49455725;Ind;0;1269;;5;
l;2889215296109;49420909;Ind;0;13;;14;
l;2887940227693;49416813;Ind;0;13;;10;
l;2889483731565;49408621;Ind;0;17;;3;
l;2886933155437;49440365;Ind;0;425;;3;
l;111372909;49072749;Dem;1;27007;X;1;
l;2890289037933;49164909;GOP;0;1057;X;2;
l;2891362386541;49481325;Ind;0;233;;4;
l;2886463395437;49191533;GOP;0;4085;;2;
l;2885792744045;49159789;Dem;0;4785;;1;
l;111277677;49333869;Dem;0;4888;;1;
l;2890020602477;49422957;Ind;0;14;;16;
l;2888006889069;49425005;Ind;0;22;;3;
l;2889215070829;49238637;GOP;1;6414;X;2;
l;111359597;49128045;GOP;1;32307;X;2;
l;111316589;49058413;GOP;1;10026;X;2;
l;2888879308397;49426029;Ind;0;1238;;3;
l;2892235194989;49422957;Ind;0;163;;16;
l;2886665159277;49420909;Ind;0;0;;14;
l;2890221929069;49418861;Ind;0;8;;12;
l;2889886384749;49418861;Ind;0;16;;12;
l;2890087711341;49416813;Ind;0;1;;10;
l;2892234757741;49191533;GOP;0;17866;;2;
l;2889617949293;49419885;Ind;0;7;;13;
l;2891832541805;49419885;Ind;0;2;;13;
l;2889752167021;49421933;Ind;0;30;;15;
l;2890624142957;49442413;Ind;0;48;;5;
l;2890490141293;49478253;Ind;0;4762;;3;
l;2889013969517;49159789;Dem;0;2686;;1;
l;2888946860653;49417837;Ind;0;0;;11;
l;2888611316333;49418861;Ind;0;11;;12;
l;2892168086125;49413741;Ind;0;59;;7;
l;2889617949293;49416813;Ind;0;2;;10;
l;2888275340909;49220205;GOP;0;2524;X;2;
l;2891698324077;49159789;Dem;0;869;;1;
l;2886597609069;49182317;Dem;0;1463;;1;
l;2888141554285;49417837;Ind;0;7;;11;
l;2890624582253;49473133;Ind;0;78;;4;
l;2891362779757;49418861;Ind;0;40;;12;
l;2892100977261;49420909;Ind;0;7;;14;
l;2888074012269;49459821;Ind;0;215;;3;
l;2885859852909;49415789;Ind;0;11;;9;
l;2889685058157;49473133;Ind;0;24;;4;
l;2886866485869;49413741;Ind;0;11;;7;
l;2886866054765;49218157;Dem;0;946;;1;
l;2886396332653;49486445;Ind;1;7937;X;2;
l;2887872671341;49425005;Ind;0;171;;3;
l;111226477;49293933;Dem;0;4719;;1;
l;111309421;49361517;GOP;0;4750;;2;
l;2887738901101;49419885;Ind;0;8;;13;
l;111287917;49338989;GOP;0;3880;;2;
l;2886732268141;49422957;Ind;0;52;;16;
l;2892235194989;49159789;Dem;0;8650;;1;
l;111250029;49304173;GOP;0;8833;X;2;
l;2887805680237;49085037;Dem;1;0;X;1;
l;2887269139053;49422957;Ind;0;26;;16;
l;2886933594733;49414765;Ind;0;32;;8;
l;2889618125421;49470061;;0;6049;X;1;
l;111307373;49359469;GOP;0;7171;;2;
l;111148653;49429101;Ind;0;2440;;5;
l;2891966759533;49418861;Ind;0;1;;12;
l;111267437;49147501;GOP;1;8369;X;2;
l;2891832541805;49416813;Ind;0;5;;10;
l;2889416622701;49415789;Ind;0;1;;9;
l;2891228562029;49473133;Ind;0;13;;4;
l;2887738901101;49420909;Ind;0;10;;14;
l;2888611316333;49419885;Ind;0;7;;13;
l;2886396723821;49418861;Ind;0;17;;12;
l;2887134921325;49408621;Ind;0;18;;3;
l;2889819275885;49159789;Dem;0;780;;1;
l;2887000266349;49448557;Ind;0;306;;6;
l;2891765432941;49417837;Ind;0;0;;11;
l;2892302065261;49125997;Dem;1;0;X;1;
l;2886262070893;49214061;Dem;0;1197;;1;
l;2890221929069;49164909;GOP;0;3088;X;2;
l;111158893;49459821;Ind;0;6319;;3;
l;2892302303853;49415789;Ind;0;114;;9;
l;2887537574509;49164909;GOP;0;8658;X;2;
l;2891631215213;49421933;Ind;0;3;;15;
l;2886597609069;49433197;Ind;0;36;;5;
l;111328877;49153645;GOP;1;11179;X;2;
l;2891631215213;49417837;Ind;0;1;;11;
l;2885926961773;49412717;Ind;0;1;;6;
l;2888879751789;49419885;Ind;0;74;;13;
l;2889416622701;49412717;Ind;0;1;;6;
l;2886127847021;49434221;Ind;0;38;;6;
l;2889349513837;49413741;Ind;0;19;;7;
l;2886262506093;49164909;GOP;0;2412;X;2;
l;2889215296109;49411693;Ind;0;16;;5;
l;2890557473389;49411693;Ind;0;10;;5;
l;2890423255661;49411693;Ind;0;6;;5;
l;2887671458413;49050221;GOP;1;0;X;1;
l;111305325;49104493;Dem;1;8649;;1;
l;2886731890285;49289837;GOP;0;4419;X;2;
l;2888409989741;49473133;Ind;0;29;;4;
l;2889685234285;49471085;;0;428;;2;
l;111196781;49034861;GOP;1;10182;X;2;
l;111314541;49107565;Dem;1;7602;X;1;
l;2890490141293;49240685;GOP;0;6117;;2;
l;2886463568493;28672621;GOP;1;7064;X;2;
l;2889282404973;49422957;Ind;0;82;;16;
l;2892302479981;49470061;;0;178358;X;1;
l;2889483296365;49204845;GOP;0;3330;X;2;
l;2887470465645;49408621;Ind;0;22;;3;
l;2888477098605;49413741;Ind;0;16;;7;
l;111224429;49292909;Dem;0;4222;;1;
l;2890422814317;49182317;Dem;0;1258;;1;
l;2889282404973;49418861;Ind;0;25;;12;
l;111154797;49448557;Ind;0;443;;6;
l;2889685058157;49420909;Ind;0;1;;14;
l;2890758364781;49204845;GOP;0;39439;X;2;
l;2891899650669;49415789;Ind;0;9;;9;
l;2887939786349;49434221;Ind;0;133;;6;
l;2892234897005;49342061;Dem;0;4479;;1;
l;2892302303853;49159789;Dem;0;118940;;1;
l;2886329614957;49412717;Ind;0;2;;6;
l;2890020163181;49189485;GOP;0;1354;X;2;
l;2888275772013;49164909;GOP;0;2462;X;2;
l;2887806009965;49416813;Ind;0;4;;10;
l;2885792744045;49412717;Ind;0;10;;6;
l;2887402917485;49443437;Ind;0;122;;6;
l;2887135097453;49470061;;0;3791;X;1;
l;2891564106349;49417837;Ind;0;1;;11;
l;2887336247917;49420909;Ind;0;5;;14;
l;2885994070637;49422957;Ind;0;16;;16;
l;2888074445421;49159789;Dem;0;3044;;1;
l;2891764993645;49189485;GOP;0;777;X;2;
l;2886530941549;49412717;Ind;0;2;;6;
l;111266413;49087085;Dem;1;6046;;1;
l;2885926961773;49421933;Ind;0;3;;15;
l;2890355707501;49440365;Ind;0;31;;3;
l;2888074445421;49418861;Ind;0;19;;12;
l;2887202030189;49473133;Ind;0;26;;4;
l;2887067812461;49159789;Dem;0;1351;;1;
l;2888745534061;49422957;Ind;0;79;;16;
l;111150701;49433197;Ind;0;378;;5;
l;2890758488685;49335917;GOP;0;10668;X;2;
l;2888611099245;49255021;GOP;0;1987;X;2;
l;111280749;49335917;GOP;0;10668;X;2;
l;111152749;49189485;GOP;0;104025;X;2;
l;2886866485869;49415789;Ind;0;1;;9;
l;2892235194989;49415789;Ind;0;7;;9;
l;2888007336557;49413741;Ind;0;1;;7;
l;28862622@W;49420909;Ind;0;5;;14;
l;28859940706