l;3021489168019;54795923;GOP;1;3554;X;2;
l;115934867;55423635;GOP;0;25139;;2;
l;3020750955155;54929043;Lib;0;54;;4;
l;3020687293075;55281299;;0;26;;2;
l;117331603;55304851;NP;0;2126;;2;
l;3020147648147;54910611;Dem;0;5036;;1;
l;113942163;55029395;Lib;0;413;;3;
l;113973907;55076499;Dem;1;0;X;1;
l;3021625322131;55163539;;0;14053;;2;
l;115798675;55336595;Lib;0;8808;;3;
l;3021693906579;55456403;;0;2330;;2;
l;114193043;54950547;Dem;0;4896;;1;
l;3021492626067;55381651;Dem;0;2435;;1;
l;3020146975379;54926995;Dem;0;5617;;1;
l;3021425354387;55366291;Dem;0;4372;;1;
l;114868883;54721171;Dem;1;2572;X;1;
l;3020081802899;55128723;;0;9276;;1;
l;115825299;55182995;;0;152044;;1;
l;115820179;55148179;;0;151876;;1;
l;3021022809747;55179923;;0;100;;2;
l;113931923;55013011;GOP;0;1518;;2;
l;3021423030931;55004819;Dem;1;2182;X;1;
l;3021086578323;55054995;CST;0;13;;3;
l;3021422891667;54958739;Dem;0;4444;;1;
l;3021626336915;54776467;GOP;1;6770;X;2;
l;3020752910995;55189139;;0;1906;;1;
l;114194067;54952595;Dem;0;4184;;1;
l;116390547;55322259;GOP;0;9795;;2;
l;3021154634387;55042707;Dem;1;3986;;1;
l;3020214084243;55084691;Una;0;116;;3;
l;115826323;55185043;;0;150017;;1;
l;117304979;55455379;;0;334272;X;1;
l;115830419;55166611;;0;72158;;1;
l;3021358362259;55456403;;0;2214;;2;
l;117352083;55384723;GOP;0;6581;;2;
l;117344915;55369363;Dem;1;6535;;1;
l;3020348344979;54990483;CST;0;278;;3;
l;3020348336787;54977171;Dem;0;413;;1;
l;3020079881875;54949523;CST;0;1283;;3;
l;3021626846867;55404179;;0;2197;;2;
l;3020282807955;55125651;NP;0;98;;2;
l;3021358427795;55461523;;0;1016;;2;
l;3020616737427;54929043;Lib;0;114;;4;
l;3020348338835;54751891;GOP;1;6552;X;2;
l;3021156124307;55323283;Dem;0;12047;;1;
l;3021356951187;55360147;CST;0;347;;3;
l;3020147003027;54746771;GOP;1;7444;X;2;
l;3021623463571;54785683;GOP;1;0;X;1;
l;3021355032211;54788755;GOP;1;4103;X;1;
l;3021626785427;55171731;;0;13991;;2;
l;115884691;55294611;GOP;0;2953;;1;
l;115827347;55187091;;0;152089;;1;
l;3020821489299;55450259;;0;1324;X;1;
l;3021358363283;55458451;;0;1869;;2;
l;3020416083603;54912659;GOP;0;3540;X;2;
l;113962643;55062163;Dem;0;2869;;1;
l;113876627;54922899;Dem;0;40049;;1;
l;3020284621459;55457427;;0;299;X;1;
l;3021154635411;55044755;Dem;0;3366;;1;
l;3021489149587;54915731;CST;0;943;;3;
l;3021154281107;54912659;GOP;0;106769;X;2;
l;3021287921299;55074451;GOP;1;2738;X;1;
l;3021156121235;55321235;Dem;0;20296;;1;
l;3020348298899;54707859;GOP;1;51188;X;2;
l;116844179;55060115;Dem;0;1354;;1;
l;3021425516179;55377555;;0;7404;;1;
l;115880595;55283347;GOP;0;1547;;2;
l;3021154593427;54998675;Lib;0;151;;3;
l;3020752908947;55165587;;0;546;;2;
l;3020281191059;55047827;Una;0;3;;4;
l;115826323;55186067;;0;54737;;2;
l;115253907;54981267;Dem;0;1669;;1;
l;3021626789523;55178899;;0;62677;X;1;
l;3021155547795;55138963;;0;50457;;2;
l;3021625324179;55165587;;0;14645;;2;
l;3021556259475;55047827;Una;0;58;;4;
l;3020485938835;55179923;;0;552;;2;
l;3021022883475;55461523;;0;109;;2;
l;3020079863443;44676755;Lib;0;175;;4;
l;3020284612243;55179923;;0;74;;2;
l;3021087172243;54910611;Dem;0;144;;1;
l;3021491101331;55185043;;0;7648;;1;
l;3021895224979;55179923;;0;8714;;2;
l;3021287825043;54923923;CST;0;208;;5;
l;3020014691987;55195283;;0;282;;2;
l;3021086496403;44676755;Lib;0;10;;4;
l;3020482517651;54919827;CST;0;54;;5;
l;3020083294867;55458451;;0;4663;;2;
l;3021623455379;55062163;Dem;0;2869;;1;
l;3021291251347;55451283;;0;1851;;2;
l;117302931;55451283;;0;223151;;2;
l;117313171;55233171;Una;0;1207;;2;
l;3020754370195;55170707;;0;1975;;1;
l;3020351727251;55450259;;0;40297;X;1;
l;3020955736723;55315091;NP;0;1214;;2;
l;3020418854547;55255699;;0;1799;;1;
l;3021759523475;55197331;;0;4717;;2;
l;117372563;55469715;;0;5842;;2;
l;3021824696979;54929043;Lib;0;18;;4;
l;3020351743635;55252627;Una;0;13410;;2;
l;113964691;55066259;Dem;0;1706;;1;
l;3021423992467;55186067;;0;1999;;2;
l;3020818736787;54910611;Dem;0;479;;1;
l;117173907;55271059;NP;0;1784;;2;
l;114867859;55009939;Dem;1;6166;X;1;
l;3020683846291;54929043;Lib;0;285;;4;
l;113950355;55041683;GOP;0;4718;X;2;
l;3021088435859;55129747;;0;103;;2;
l;3020752910995;55190163;;0;586;;2;
l;3020887221907;55300755;GOP;0;1726;;2;
l;3020415410835;54928019;GOP;1;3695;X;2;
l;115892883;55357075;CST;0;1044;;2;
l;3020754381459;55453331;;0;599;;2;
l;117314195;55235219;GOP;0;1004;;2;
l;3021492578963;55453331;;0;1697;;2;
l;117319315;55252627;Una;0;13410;;2;
l;3020350262931;55133843;;0;47883;;1;
l;3020683946643;54791827;GOP;1;0;X;1;
l;115930771;55352979;GOP;0;1612;;2;
l;3020284633747;55245459;;0;265;;1;
l;3021153607315;54922899;Dem;0;25549;;1;
l;3020351708819;55136915;;0;12917;;2;
l;3020484457107;55174803;;0;2940;;1;
l;115920531;55261843;Dem;1;1275;;1;
l;3021153608339;55084691;Una;0;2917;;3;
l;3020551243411;55125651;NP;0;228;;2;
l;117357203;55409299;Dem;0;2799;;1;
l;3021492627091;55384723;GOP;0;6581;;2;
l;3020281271955;54773395;GOP;1;358;X;2;
l;3021895294611;55438995;GOP;0;24985;;2;
l;115893907;55359123;GOP;0;2960;;2;
l;3020754382483;55455379;;0;1418;X;1;
l;3020012757651;55084691;Una;0;34;;3;
l;117353107;55388819;GOP;0;5688;;2;
l;117315219;55237267;;0;686;;2;
l;115821203;55143059;;0;52612;;2;
l;3020482616979;55077523;CST;0;437;;2;
l;113893011;54795923;GOP;1;16018;X;2;
l;3021154584211;54933139;Dem;1;13565;X;1;
l;3021690477203;54919827;CST;0;95;;5;
l;115931795;55355027;GOP;0;3581;;2;
l;3021757588115;55084691;Una;0;847;;3;
l;113958547;54774419;GOP;1;7432;X;2;
l;3020016183955;55453331;;0;386;;2;
l;3021690477203;54918803;GOP;0;3016;;2;
l;117360275;55416467;GOP;0;2609;;2;
l;115954323;55263891;NP;0;1675;;1;
l;3020752958099;55283347;GOP;0;1547;;2;
l;115936915;55385747;Dem;0;6795;;1;
l;3021425470099;55453331;;0;1516;;2;
l;3021155219091;55118483;NP;0;5407;;1;
l;3021153674899;54766227;GOP;1;0;X;1;
l;3020012757651;54928019;GOP;1;1559;X;2;
l;3020618782355;55269011;GOP;0;2273;;2;
l;3021824694931;54919827;CST;0;30;;5;
l;3020952954515;54910611;Dem;0;609;;1;
l;117321363;55256723;;0;2792;;2;
l;3020147648147;54913683;CST;0;4220;;3;
l;114688659;54742675;GOP;1;0;X;1;
l;3020549628563;54929043;Lib;0;34;;4;
l;3020348346003;54991507;Dem;0;1431;;1;
l;3020549626515;54919827;CST;0;30;;5;
l;117351059;55381651;Dem;0;2435;;1;
l;3021825369747;54913683;CST;0;42;;3;
l;113968787;54783635;GOP;1;2761;X;2;
l;3020146972307;54707859;GOP;1;16843;X;2;
l;3021895233171;55456403;;0;17872;;2;
l;3021623455379;54777491;GOP;1;4757;X;2;
l;3021556259475;54919827;CST;0;264;;5;
l;113903251;54744723;GOP;1;0;X;1;
l;115885715;55296659;GOP;0;2114;;1;
l;3020955700883;55179923;;0;607;;2;
l;114186899;54942355;GOP;1;15109;X;2;
l;113979027;54792851;GOP;1;10424;X;2;
l;117322387;55258771;GOP;1;2607;;2;
l;117288595;55157395;;0;56540;;2;
l;113920659;54987411;Dem;0;1954;;1;
l;3020887130771;55192211;;0;1009;;2;
l;3020885171859;54924947;Lib;0;64;;4;
l;3021423988371;55146131;;0;6660;;1;
l;3020146990739;54948499;Dem;0;680;;1;
l;3021153608339;54929043;Lib;0;4450;;4;
l;3021693894291;55171731;;0;975;;2;
l;114935443;54907539;GOP;1;4053;X;2;
l;3021623459475;54781587;GOP;1;3485;X;2;
l;3020214082195;54706835;Dem;1;3551;X;1;
l;3020620183187;55265939;NP;1;1351;;1;
l;115919507;55253651;Dem;0;1502;;1;
l;3020553053843;55451283;;0;517;;2;
l;3020753060499;55114387;NP;0;123;;1;
l;117313171;55230099;GOP;1;847;;1;
l;3020620033683;55271059;NP;0;1784;;2;
l;3020954242707;55133843;;0;2170;;1;
l;3021157068435;55344787;GOP;0;118585;;2;
l;3021489963667;54742675;GOP;1;0;X;1;
l;115982995;55114387;NP;0;15064;;1;
l;113937043;54725267;Dem;1;2356;X;1;
l;3021623370387;54929043;Lib;0;1706;;4;
l;3020348341907;54985363;GOP;1;0;X;1;
l;3021491102355;55188115;;0;2260;;2;
l;115848851;55239315;GOP;0;2573;;2;
l;3020955382419;55306899;NP;0;445;;2;
l;3021354934931;54928019;GOP;1;4649;X;2;
l;117345939;55372435;GOP;0;4946;;2;
l;3021893766803;55133843;;0;30036;;1;
l;3021693905555;55453331;;0;896;;2;
l;117294739;55176851;;0;11019;;1;
l;113979027;55079571;Dem;0;2250;;1;
l;3020146975379;54929043;Lib;0;463;;4;
l;3020016173715;55173779;;0;303;;2;
l;3021826719379;55424659;Dem;0;447;;1;
l;3020553054867;55453331;;0;214;;2;
l;3021690558099;55054995;CST;0;11;;3;
l;113941139;55027347;Lib;0;243;;3;
l;3021556261523;54928019;GOP;1;5907;X;2;
l;3021355035283;54791827;GOP;1;0;X;1;
l;117371539;55466643;;0;3171;;1;
l;3020217510547;55453331;;0;925;;2;
l;115984019;55116435;NP;1;24042;X;1;
l;3020351722131;55199379;;0;12097;;2;
l;117324435;55280275;;0;28;;1;
l;3020952360595;55054995;CST;0;279;;3;
l;117334675;55332499;Dem;1;135983;;1;
l;3021425455763;55158419;;0;6673;;1;
l;3021558317715;55395987;GOP;0;4751;;2;
l;117290643;55161491;;0;54023;;2;
l;3021693904531;55451283;;0;2219;;2;
l;3021693962899;55419539;GOP;0;2646;;2;
l;3021423988371;55147155;;0;2024;;2;
l;3021626797715;55456403;;0;28959;;2;
l;3020952281747;55084691;Una;0;79;;3;
l;113980051;55081619;Dem;0;1226;;1;
l;3021153663635;54723219;Dem;1;3722;X;1;
l;3021826720403;55426707;Dem;0;575;;1;
l;3020888600211;55456403;;0;1714;;2;
l;114863763;55001747;GOP;0;2102;;2;
l;3021153672851;54728339;Dem;1;3805;X;1;
l;117303955;55453331;;0;88203;;2;
l;3020955709075;55455379;;0;1763;X;1;
l;3021224134291;55176851;;0;2065;;1;
l;3020217511571;55455379;;0;2611;X;1;
l;3020351730323;55457427;;0;43360;X;1;
l;117286547;55150227;;0;151757;;1;
l;3020885172883;54929043;Lib;0;83;;4;
l;3020687265427;55178899;;0;7215;X;1;
l;3020684519059;54913683;CST;0;779;;3;
l;3020415408787;54918803;GOP;0;2706;;2;
l;3020619820691;55272083;NP;1;320;;1;
l;3020955709075;55456403;;0;1140;;2;
l;3020417025683;55124627;NP;1;1994;X;1;
l;3021626798739;55458451;;0;32569;;2;
l;3021423983251;55137939;;0;6837;;1;
l;3021492628115;55387795;Dem;0;5509;;1;
l;113957523;55056019;GOP;1;0;X;1;
l;3020620165779;55458451;;0;878;;2;
l;3021425452691;55150227;;0;6621;;1;
l;114866835;54760083;GOP;1;8951;X;2;
l;3021224145555;55457427;;0;1924;X;1;
l;3020080678547;54961811;GOP;0;5638;X;1;
l;3021221389971;54910611;Dem;0;1493;;1;
l;3021155548819;55145107;;0;55369;;2;
l;117287571;55152275;;0;150731;;1;
l;3021892861587;54968979;GOP;0;7740;X;2;
l;3021022817939;55455379;;0;323;X;1;
l;3020214082195;54919827;CST;0;90;;5;
l;3021761016467;55458451;;0;10203;;2;
l;3021758260883;54913683;CST;0;1482;;3;
l;3020887126675;55165587;;0;1040;;2;
l;3020549628563;54926995;Dem;0;308;;1;
l;3021220715155;55047827;Una;0;45;;4;
l;113958547;55058067;Lib;0;450;;3;
l;3020885845651;54912659;GOP;0;2790;X;2;
l;115894931;55390867;CST;0;831;;3;
l;3020350364307;55250579;Lib;0;9818;;2;
l;117306003;55457427;;0;378303;X;1;
l;3021089918611;55178899;;0;616;X;1;
l;3021892862611;54971027;GOP;1;5124;X;2;
l;3021425516179;55378579;;0;3688;;2;
l;113960595;54775443;GOP;1;12342;X;2;
l;3021425353363;55364243;CST;0;3965;;2;
l;3021693904531;55450259;;0;3416;X;1;
l;113913491;54750867;GOP;1;3894;X;2;
l;3021489825427;54913683;CST;0;860;;3;
l;3020888598163;55451283;;0;1697;;2;
l;3021491098259;55155347;;0;2285;;2;
l;3021155713683;55115411;NP;1;8915;X;2;
l;113946259;54729363;Dem;1;4025;;1;
l;3020216124051;55448211;Dem;1;2978;;1;
l;114725523;54959763;GOP;1;18215;X;2;
l;3021693894291;55170707;;0;4116;;1;
l;3021491093139;55144083;;0;7535;;1;
l;3021623368339;54706835;Dem;1;5913;X;1;
l;3020550301331;54910611;Dem;0;260;;1;
l;3020485944979;55451283;;0;1384;;2;
l;3020620162707;55451283;;0;1361;;2;
l;3020952281747;54926995;Dem;0;576;;1;
l;3021893842579;55436947;GOP;0;29830;;2;
l;113946259;55035539;Lib;0;187;;3;
l;3021089925779;55454355;;0;578;X;1;
l;3021224143507;55453331;;0;590;;2;
l;3021354933907;54924947;Lib;0;97;;4;
l;3021895212691;55135891;;0;29985;;1;
l;3020750954131;54708883;GOP;1;1976;X;2;
l;117330579;55301779;NP;0;1407;;1;
l;3021157069459;55345811;;0;123659;;1;
l;3020083292819;55454355;;0;9681;X;1;
l;3021153681043;55041683;GOP;0;4718;X;2;
l;115945107;55402131;Lib;0;11603;;2;
l;3021623369363;54708883;GOP;1;56493;X;2;
l;3020416258707;54958739;Dem;0;449;;1;
l;3021691152019;54912659;GOP;0;3778;X;2;
l;3020284633747;55246483;;0;210;;2;
l;3020955701907;55198355;;0;2193;;1;
l;117293715;55173779;;0;7179;;2;
l;3021220717203;54928019;GOP;1;2310;X;2;
l;3021358427795;55460499;;0;4555;;1;
l;3021623684755;54947475;GOP;1;12145;X;2;
l;3021693962899;55418515;Dem;1;3231;;1;
l;3020016176787;55179923;;0;300;;2;
l;3021692435091;55189139;;0;4062;;1;
l;3020482519699;55084691;Una;0;69;;3;
l;116810387;55307923;NP;0;337;;1;
l;3020150402707;55456403;;0;8263;;2;
l;3021757588115;54929043;Lib;0;755;;4;
l;3020620154515;55177875;;0;638;;2;
l;115835539;55192211;;0;16355;;2;
l;3021089926803;55456403;;0;309;;2;
l;3020618352275;55125651;NP;0;820;;2;
l;117369491;55446163;Dem;0;2585;;1;
l;113955475;55051923;Una;0;2393;;3;
l;3020351729299;55456403;;0;25016;;2;
l;3021757689491;55079571;Dem;0;2250;;1;
l;3021022816915;55453331;;0;96;;2;
l;3020888624787;55292563;Dem;1;2605;;1;
l;3021623464595;55073427;CST;0;281;;3;
l;3020553056915;55458451;;0;427;;2;
l;3021492565651;55160467;;0;7700;;1;
l;115894931;55389843;GOP;0;5473;;1;
l;3021425515155;55375507;;0;3880;;1;
l;115939987;55250579;Lib;0;9818;;2;
l;3020216074899;55445139;GOP;0;2219;;2;
l;3020752907923;55167635;;0;569;;2;
l;115817107;55138963;;0;54768;;2;
l;3020683867795;54960787;GOP;1;0;X;1;
l;3021828125331;55458451;;0;379;;2;
l;3021692432019;55167635;;0;1021;;2;
l;3021692432019;55166611;;0;4098;;1;
l;113914515;54979219;Dem;0;1883;;1;
l;3021759645331;55422611;Dem;0;6916;;1;
l;3020886788755;55127699;NP;1;2618;X;2;
l;3021425511059;55369363;Dem;1;6535;;1;
l;3021491100307;55182995;;0;7800;;1;
l;115863187;55430803;Dem;0;10796;;1;
l;3021153606291;54919827;CST;0;1612;;5;
l;3020754405011;55288467;Dem;0;1506;;1;
l;3020485964435;55257747;Dem;0;1151;;1;
l;114904723;54770323;GOP;1;8788;X;2;
l;3020484562579;55262867;GOP;0;2534;;2;
l;3021626846867;55403155;;0;771;;1;
l;3020752908947;55164563;;0;1982;;1;
l;114865811;55462547;GOP;0;1216;;2;
l;3021156125331;55325331;Dem;0;11420;;1;
l;3021758260883;54910611;Dem;0;5642;;1;
l;3021287920275;54786707;GOP;1;642;X;2;
l;3020215699091;55125651;NP;0;1361;;2;
l;3020147002003;54963859;Dem;0;1399;;1;
l;3021759522451;55195283;;0;4769;;2;
l;3020348619411;54956691;GOP;1;15990;X;2;
l;3020418829971;55178899;;0;3297;X;1;
l;113955475;54772371;GOP;1;8836;X;1;
l;113877651;55084691;Una;0;11831;;3;
l;3021693898387;55178899;;0;4114;X;1;
l;113877651;54929043;Lib;0;11714;;4;
l;3020281191059;54921875;Una;0;2;;3;
l;3020016183955;55454355;;0;1604;X;1;
l;115833491;55189139;;0;71936;;1;
l;3020083285651;55178899;;0;9364;X;1;
l;3021626847891;55405203;;0;1033;;1;
l;3021558278803;55391891;Lib;0;812;;2;
l;115814035;55129747;;0;5216;;2;
l;3021022815891;55451283;;0;163;;2;
l;3020284619411;55453331;;0;85;;2;
l;3020150400659;55451283;;0;8757;;2;
l;3020214180499;55076499;Dem;1;0;X;1;
l;3021153686163;55050899;Lib;0;0;;2;
l;3021625328275;55192211;;0;13879;;2;
l;3021220813459;55076499;Dem;1;0;X;1;
l;3020685781651;55196307;;0;8052;;1;
l;3020150414995;55242387;;0;11228;;1;
l;3021625350803;55397011;Dem;0;16516;;1;
l;117284499;55135891;;0;79560;;1;
l;3020952281747;54929043;Lib;0;58;;4;
l;3020349678227;54984339;GOP;0;7508;X;2;
l;3020214084243;54929043;Lib;0;112;;4;
l;3021893765779;55132819;;0;8477;;2;
l;114193043;54951571;GOP;0;7349;X;2;
l;3021626848915;55407251;;0;751;;1;
l;3021558279827;55393939;Lib;0;1313;;2;
l;3020754374291;55178899;;0;2046;X;1;
l;3020214084243;54926995;Dem;0;2118;;1;
l;3020348617363;54950547;Dem;0;954;;1;
l;3021358362259;55455379;;0;3315;X;1;
l;116958867;55274131;NP;0;463;;1;
l;3021891839635;24256147;GOP;0;4048;X;2;
l;3021824797331;54791827;GOP;1;0;X;1;
l;3021824696979;54928019;GOP;1;839;X;2;
l;3020214757011;54910611;Dem;0;2212;;1;
l;3020217576083;55446163;Dem;0;2585;;1;
l;3021895212691;55136915;;0;8424;;2;
l;3020348298899;54915731;CST;0;2713;;3;
l;3021761004179;55172755;;0;23153;;1;
l;113917587;54985363;GOP;1;0;X;1;
l;113874579;54915731;CST;0;8650;;3;
l;3020281271955;55054995;CST;0;25;;3;
l;3021492581011;55458451;;0;3710;;2;
l;3021757609619;54960787;GOP;1;0;X;1;
l;3021893766803;55134867;;0;8323;;2;
l;3021422043795;55084691;Una;0;120;;3;
l;115878547;55276179;GOP;0;7207;;1;
l;114194067;54953619;GOP;1;12132;X;2;
l;3021287826067;54928019;GOP;1;4015;X;2;
l;115889811;55317139;Una;0;298;;2;
l;114933395;54967955;Dem;0;2127;;1;
l;3021826720403;55427731;GOP;1;550;;2;
l;3020885172883;54926995;Dem;0;719;;1;
l;3020281193107;55084691;Una;0;14;;3;
l;3021557876371;55125651;NP;0;1410;;2;
l;3021692430995;55163539;;0;975;;2;
l;3020620154515;55176851;;0;1984;;1;
l;117363347;55428755;Dem;1;0;X;1;
l;3021291253395;55456403;;0;1985;;2;
l;114934419;54971027;GOP;1;5124;X;2;
l;3021224136339;55179923;;0;550;;2;
l;117321363;55255699;;0;1799;;1;
l;3021824696979;54926995;Dem;0;250;;1;
l;3020083291795;55450259;;0;6935;X;1;
l;114859667;54945427;GOP;0;8297;;2;
l;116754067;55247507;Dem;0;16211;;1;
l;115879571;55278227;GOP;0;7254;;1;
l;114195091;54955667;Dem;0;4456;;1;
l;114934419;54970003;Dem;0;1853;;1;
l;3021287923347;54788755;GOP;1;724;X;1;
l;115884691;55295635;Ind;0;1117;;2;
l;3021291254419;55458451;;0;1820;;2;
l;113964691;54779539;GOP;1;4417;X;2;
l;3020214757011;54912659;GOP;0;2552;X;2;
l;3020148911763;55128723;;0;17930;;1;
l;3020887180947;55298707;Ind;0;1511;;3;
l;3021291253395;55455379;;0;3067;X;1;
l;3021623456403;55065235;GOP;0;3929;X;2;
l;3021020063379;54913683;CST;0;24;;3;
l;117352083;55383699;Dem;0;4580;;1;
l;3020348339859;54752915;GOP;1;2855;X;2;
l;3020754380435;55450259;;0;1536;X;1;
l;3020616737427;54928019;GOP;1;1584;X;2;
l;3021891837587;54908563;Dem;1;1039;;1;
l;3021154593427;54997651;GOP;0;1138;;2;
l;114935443;54972051;Dem;0;2495;;1;
l;3020616735379;55047827;Una;0;31;;4;
l;3021153605267;54707859;GOP;1;5006;X;2;
l;3020750952083;44676755;Lib;0;8;;4;
l;3020885268115;55075475;CST;0;644;;2;
l;3021086496403;54914707;Dem;0;97;;1;
l;3021623368339;55047827;Una;0;106;;4;
l;3020687265427;55179923;;0;1357;;2;
l;3020146972307;44676755;Lib;0;420;;4;
l;114862739;54717075;Dem;1;2484;X;1;
l;3021153676947;55035539;Lib;0;187;;3;
l;3021828116115;55179923;;0;200;;2;
l;3020750954131;54922899;Dem;0;396;;1;
l;3021155552915;55146131;;0;138589;;1;
l;3021157072531;55350931;;0;9655;;2;
l;117188243;55366291;Dem;0;4372;;1;
l;115493523;55127699;NP;1;25335;X;2;
l;3021291251347;55450259;;0;3205;X;1;
l;115837587;55132819;;0;21799;;2;
l;3020887127699;55168659;;0;2662;;1;
l;3020217503379;55179923;;0;740;;2;
l;3020751627923;54912659;GOP;0;1933;X;2;
l;3020888587923;55171731;;0;1019;;2;
l;3021893791379;55431827;GOP;0;27265;;2;
l;3020687273619;55456403;;0;3507;;2;
l;3021625325203;55168659;;0;63996;;1;
l;3021891805843;54929043;Lib;0;773;;4;
l;3021153663635;55014035;GOP;0;2587;;2;
l;3021425454739;55156371;;0;6450;;1;
l;3020351743635;55251603;GOP;0;48700;;1;
l;113921683;54993555;CST;0;635;;3;
l;3021153676947;54729363;Dem;1;4025;;1;
l;3020482519699;54929043;Lib;0;80;;4;
l;3020888624787;55293587;GOP;0;1543;;2;
l;115822227;55146131;;0;153090;;1;
l;3021895232147;55454355;;0;35210;X;1;
l;113949331;55039635;Dem;0;2455;;1;
l;3020754383507;55458451;;0;1125;;2;
l;115901075;55426707;Dem;0;575;;1;
l;3020348301971;54928019;GOP;1;47952;X;2;
l;3020888599187;55454355;;0;3146;X;1;
l;3020754381459;55454355;;0;2058;X;1;
l;115838611;55134867;;0;21617;;2;
l;3021354933907;54708883;GOP;1;4863;X;2;
l;3020351729299;55455379;;0;40207;X;1;
l;117343891;55361171;;0;1239;;1;
l;115885715;55297683;CST;0;455;;2;
l;3021289440915;55125651;NP;0;1086;;2;
l;113922707;54995603;CST;0;614;;3;
l;3020618674835;55175827;;0;654;;2;
l;115920531;55262867;GOP;0;2534;;2;
l;117333651;55328403;GOP;0;130589;;2;
l;3021220717203;55084691;Una;0;99;;3;
l;3020885845651;54910611;Dem;0;682;;1;
l;115811987;55193235;;0;33102;;1;
l;3021425514131;55373459;Dem;0;5444;;1;
l;3021154594451;54718099;Dem;1;6101;X;1;
l;113933971;54762131;GOP;1;3202;X;2;
l;3020217501331;55176851;;0;4060;;1;
l;3021153664659;55016083;CST;0;243;;3;
l;3020821491347;55455379;;0;1295;X;1;
l;114862739;54998675;Lib;0;151;;3;
l;113905299;54746771;GOP;1;7444;X;2;
l;3021086578323;54773395;GOP;1;200;X;2;
l;117328531;55290515;Dem;0;1174;;1;
l;3021021005459;55125651;NP;0;72;;2;
l;3021153671827;55027347;Lib;0;243;;3;
l;3020482517651;54918803;GOP;0;1647;;2;
l;3021556261523;55084691;Una;0;199;;3;
l;3021757586067;54918803;GOP;0;21592;;2;
l;115926675;55299731;Dem;0;2459;;1;
l;115954323;55264915;NP;0;1595;;2;
l;3021891840659;54977171;Dem;0;1326;;1;
l;3021424078483;55368339;GOP;1;6399;;2;
l;3020016193171;55230099;GOP;1;847;;1;
l;3020752958099;55282323;Dem;0;1260;;1;
l;3020214178451;55073427;CST;0;71;;3;
l;3021358360211;55450259;;0;3394;X;1;
l;3021157069459;55346835;;0;94174;;2;
l;3021492626067;55382675;GOP;0;8783;;2;
l;3021691152019;54913683;CST;0;293;;3;
l;3020618782355;55267987;NP;0;986;;1;
l;3021757690515;54793875;GOP;1;6515;X;2;
l;3021623460499;55069331;Dem;0;941;;1;
l;113978003;54791827;GOP;1;0;X;1;
l;113971859;54786707;GOP;1;6206;X;2;
l;3021624351379;54943379;Dem;0;1884;;1;
l;3020013430419;54912659;GOP;0;1459;X;2;
l;3020952278675;54915731;CST;0;198;;3;
l;114550419;54913683;CST;0;33062;;3;
l;3020616735379;54921875;Una;0;47;;3;
l;3021155551891;55143059;;0;48474;;2;
l;3021693959827;55412371;GOP;0;569;;2;
l;3021825369747;54912659;GOP;0;778;X;2;
l;113941139;55026323;Dem;0;1817;;1;
l;116812435;55319187;CST;0;8077;;3;
l;3021157027475;55179923;;0;51413;;2;
l;3020952278675;54707859;GOP;1;2423;X;2;
l;3021489152659;54928019;GOP;1;7619;X;2;
l;117325459;55285395;GOP;0;1300;;2;
l;117317267;55242387;;0;11228;;1;
l;117341843;55349907;;0;7353;;1;
l;3020888592019;55179923;;0;1068;;2;
l;3020214757011;54913683;CST;0;317;;3;
l;3021623461523;55071379;Dem;0;1706;;1;
l;3021623369363;54923923;CST;0;1553;;5;
l;3021828124307;55456403;;0;472;;2;
l;3021156543123;55319187;CST;0;8077;;3;
l;3020483192467;54910611;Dem;0;823;;1;
l;3020750954131;54925971;Una;0;20;;3;
l;3021491097235;55146131;;0;7841;;1;
l;3020147002003;54964883;GOP;0;3246;X;2;
l;3021157033619;55450259;;0;117922;X;1;
l;3020687271571;55450259;;0;6265;X;1;
l;3020752909971;55169683;;0;548;;2;
l;3021019388563;54706835;Dem;1;220;X;1;
l;3020348342931;54986387;CST;0;1381;;2;
l;115982995;55115411;NP;1;23435;X;2;
l;3020616833683;55076499;Dem;1;0;X;1;
l;3020079881875;54948499;Dem;0;2434;;1;
l;3021892862611;54970003;Dem;0;1853;;1;
l;3020079881875;54795923;GOP;1;8206;X;2;
l;3021556261523;54926995;Dem;0;971;;1;
l;115829395;55163539;;0;17012;;2;
l;3021153677971;55036563;GOP;0;3765;;2;
l;3021623684755;54946451;Dem;0;3309;;1;
l;3020683846291;54926995;Dem;0;1762;;1;
l;3020954242707;55134867;;0;595;;2;
l;3021893765779;55130771;;0;29923;;1;
l;3021157068435;55343763;Dem;0;96250;;1;
l;113979027;55080595;CST;0;722;;3;
l;3021557109395;54958739;Dem;0;757;;1;
l;3021358361235;55454355;;0;4622;X;1;
l;3021891841683;54750867;GOP;1;3894;X;2;
l;3021153613459;54930067;Dem;1;12139;X;1;
l;116978323;55305875;NP;0;174;;1;
l;3020351728275;55454355;;0;56649;X;1;
l;115984019;55117459;NP;0;17067;;2;
l;3020351722131;55198355;;0;48395;;1;
l;117324435;55281299;;0;26;;2;
l;3020750952083;54915731;CST;0;20;;3;
l;3020012858003;54791827;GOP;1;0;X;1;
l;3020216021651;55175827;;0;637;;2;
l;3020887124627;55162515;;0;2600;;1;
l;3021492564627;55158419;;0;7698;;1;
l;3021155529363;55336595;Lib;0;8808;;3;
l;3021558317715;55394963;Dem;0;2465;;1;
l;113899155;54960787;GOP;1;0;X;1;
l;115912339;55367315;Dem;0;4669;;1;
l;3021625326227;55190163;;0;15565;;2;
l;3020750955155;55084691;Una;0;97;;3;
l;3021557109395;54959763;GOP;1;6385;X;2;
l;3020549626515;54921875;Una;0;16;;3;
l;3020683945619;55078547;Lib;0;1324;;2;
l;3021623458451;54780563;GOP;1;3964;X;2;
l;3021626260115;55399059;Dem;0;17639;;1;
l;3020620164755;55455379;;0;1585;X;1;
l;114853523;54933139;Dem;1;13565;X;1;
l;3021690559123;55056019;GOP;1;0;X;1;
l;3021153608339;54928019;GOP;1;114067;X;2;
l;3021761013395;55451283;;0;10741;;2;
l;3020083293843;55456403;;0;4886;;2;
l;3020818061971;54918803;GOP;0;1421;;2;
l;3021087172243;54912659;GOP;0;585;X;2;
l;114865811;54720147;Dem;1;2185;X;1;
l;3021153680019;55040659;GOP;0;3795;X;2;
l;3021693906579;55455379;;0;3339;X;1;
l;3020079863443;54707859;GOP;1;10061;X;2;
l;3020888599187;55453331;;0;841;;2;
l;3021559689875;55458451;;0;2718;;2;
l;3021153673875;54765203;GOP;1;4451;X;2;
l;3021492628115;55388819;GOP;0;5688;;2;
l;3020348618387;54954643;Lib;0;669;;3;
l;3020348301971;54926995;Dem;0;16899;;1;
l;115900051;55424659;Dem;0;447;;1;
l;3020888601235;55457427;;0;2270;X;1;
l;114864787;55004819;Dem;1;6831;X;1;
l;3020751049363;55073427;CST;0;156;;3;
l;3020485938835;55178899;;0;2937;X;1;
l;3020617410195;54913683;CST;0;158;;3;
l;3020147787411;54961811;GOP;0;1115;X;1;
l;113971859;55073427;CST;0;586;;3;
l;3021288498835;54910611;Dem;0;887;;1;
l;114550419;54910611;Dem;0;191657;;1;
l;113945235;54767251;GOP;1;4479;X;2;
l;3021625323155;55167635;;0;16604;;2;
l;115832467;55169683;;0;17704;;2;
l;3021624043155;54912659;GOP;0;71886;X;2;
l;3021086499475;54926995;Dem;0;152;;1;
l;115818131;55145107;;0;60175;;2;
l;115868307;55444115;Dem;1;2884;;1;
l;3021224145555;55458451;;0;1024;;2;
l;3021155553939;55154323;;0;138855;;1;
l;3020281865875;54913683;CST;0;31;;3;
l;3021019388563;55047827;Una;0;4;;4;
l;3020150394515;55178899;;0;17957;X;1;
l;113911443;24256147;GOP;0;4048;X;2;
l;3021287921299;55075475;CST;0;607;;2;
l;3021693907603;55458451;;0;1840;;2;
l;3021425462931;55178899;;0;6700;X;1;
l;117354131;55403155;;0;771;;1;
l;113972883;55075475;CST;0;1337;;2;
l;3021894697619;55433875;Dem;0;14831;;1;
l;3020012756627;54923923;CST;0;48;;5;
l;3021693960851;55413395;Dem;1;496;;1;
l;3021828122259;55451283;;0;431;;2;
l;3021089926803;55455379;;0;430;X;1;
l;115824275;55181971;;0;51475;;2;
l;3020417452691;55253651;Dem;0;1502;;1;
l;3021892863635;54907539;GOP;1;4053;X;2;
l;3020080677523;54742675;GOP;1;0;X;1;
l;3021423989395;55155347;;0;1887;;2;
l;3020147003027;54965907;Dem;0;1456;;1;
l;3021287826067;54929043;Lib;0;104;;4;
l;3020683844243;54706835;Dem;1;3465;X;1;
l;117304979;55456403;;0;228720;;2;
l;114866835;55008915;Dem;0;1564;;1;
l;115815059;55174803;;0;11264;;1;
l;3021491093139;55145107;;0;2555;;2;
l;113945235;55032467;Dem;0;2371;;1;
l;3020751627923;54913683;CST;0;255;;3;
l;115894931;55391891;Lib;0;812;;2;
l;3021891805843;54926995;Dem;0;14309;;1;
l;3021556259475;54706835;Dem;1;2508;X;1;
l;3021222332051;55125651;NP;0;657;;2;
l;3020484562579;55261843;Dem;1;1275;;1;
l;3021425354387;55365267;GOP;1;6404;;2;
l;115825299;55184019;;0;51369;;2;
l;115820179;55149203;;0;54350;;2;
l;3020687262355;55173779;;0;1344;;2;
l;3021693961875;55416467;GOP;0;2609;;2;
l;3021022816915;55454355;;0;425;X;1;
l;3021757690515;55081619;Dem;0;1226;;1;
l;3021690558099;55052947;Dem;0;88;;1;
l;3020485944979;55450259;;0;2145;X;1;
l;3020079863443;54915731;CST;0;519;;3;
l;114867859;55010963;GOP;0;4014;;2;
l;113946259;55034515;GOP;0;3660;;2;
l;115893907;55358099;Dem;0;2498;;1;
l;115310227;54805139;GOP;1;0;X;1;
l;3021757688467;54791827;GOP;1;0;X;1;
l;3020955701907;55199379;;0;567;;2;
l;3020818064019;54929043;Lib;0;47;;4;
l;116769427;55433875;Dem;0;14831;;1;
l;3021623462547;54784659;GOP;1;0;X;1;
l;3020146990739;54949523;CST;0;534;;3;
l;3020549628563;55084691;Una;0;20;;3;
l;3021826311827;55125651;NP;0;167;;2;
l;3020617410195;54912659;GOP;0;1597;X;2;
l;3021489168019;54948499;Dem;0;1006;;1;
l;113913491;54978195;Dem;0;1595;;1;
l;3021022817939;55456403;;0;191;;2;
l;3021626789523;55179923;;0;16429;;2;
l;3020887179923;55295635;Ind;0;1117;;2;
l;3020618352275;55124627;NP;1;1560;X;1;
l;117369491;55447187;GOP;0;2580;;2;
l;3021157065363;55333523;GOP;0;84815;;2;
l;3020818064019;54926995;Dem;0;524;;1;
l;113875603;54921875;Una;0;2143;;3;
l;3020284620435;55456403;;0;227;;2;
l;3020553121427;55460499;;0;1297;;1;
l;114858643;54943379;Dem;0;6802;;1;
l;113947283;55036563;GOP;0;3765;;2;
l;3021355607699;54912659;GOP;0;4565;X;2;
l;3021153606291;54918803;GOP;0;43670;;2;
l;3020150402707;55455379;;0;14262;X;1;
l;3021556261523;54929043;Lib;0;145;;4;
l;3021492565651;55161491;;0;2281;;2;
l;115831443;55164563;;0;73640;;1;
l;3021153669779;54727315;Dem;1;6326;X;1;
l;3020216074899;55444115;Dem;1;2884;;1;
l;3020752907923;55166611;;0;1946;;1;
l;3020016186003;55458451;;0;707;;2;
l;3021828125331;55457427;;0;644;X;1;
l;113885843;54935187;Dem;1;7647;X;1;
l;3021757689491;55080595;CST;0;722;;3;
l;115827347;55188115;;0;52295;;2;
l;3021892478611;54912659;GOP;0;25076;X;2;
l;115941011;55309971;NP;1;1982;;1;
l;3021022818963;55458451;;0;168;;2;
l;3020687274643;55457427;;0;6095;X;1;
l;113954451;54771347;GOP;1;7018;X;2;
l;3020348617363;54951571;GOP;0;2266;X;2;
l;3020886788755;55126675;NP;0;851;;1;
l;117332627;55314067;NP;1;1666;;1;
l;3021491100307;55184019;;0;2202;;2;
l;113876627;54923923;CST;0;4072;;5;
l;3020284621459;55458451;;0;148;;2;
l;3021220715155;54921875;Una;0;24;;3;
l;3020348618387;54953619;GOP;1;12132;X;2;
l;113948307;55038611;GOP;0;4374;;2;
l;3021489825427;54912659;GOP;0;6904;X;2;
l;3021423992467;55185043;;0;6519;;1;
l;113918611;54986387;CST;0;1381;;2;
l;3021825369747;54910611;Dem;0;257;;1;
l;3021086526099;54963859;Dem;0;71;;1;
l;113874579;54707859;GOP;1;129451;X;2;
l;3021422040723;54707859;GOP;1;5629;X;2;
l;3021757686419;54789779;GOP;1;0;X;1;
l;116997779;55380627;Dem;0;4205;;1;
l;3021155547795;55137939;;0;138707;;1;
l;115823251;55155347;;0;52803;;2;
l;3021423993491;55188115;;0;1959;;2;
l;3020418829971;55179923;;0;812;;2;
l;3021153652371;54993555;CST;0;23;;3;
l;3021492562579;55153299;;0;2364;;2;
l;113963667;55065235;GOP;0;3929;X;2;
l;3021559680659;55179923;;0;1140;;2;
l;3021354933907;54925971;Una;0;26;;3;
l;3021154598547;55010963;GOP;0;4014;;2;
l;3021153667731;55021203;Lib;0;271;;3;
l;113949331;55040659;GOP;0;3795;X;2;
l;114192019;54946451;Dem;0;3309;;1;
l;3021626847891;55406227;;0;1243;;2;
l;3021558278803;55390867;CST;0;831;;3;
l;3020348346003;24039059;GOP;1;5914;X;2;
l;3020887126675;55164563;;0;2713;;1;
l;3021089924755;55451283;;0;263;;2;
l;3021358401171;55361171;;0;1239;;1;
l;3020351728275;55453331;;0;9304;;2;
l;3020284618387;55450259;;0;276;X;1;
l;3020418836115;55451283;;0;1747;;2;
l;3021626336915;55060115;Dem;0;1354;;1;
l;3021692434067;55169683;;0;1011;;2;
l;3021154584211;54934163;GOP;0;10141;;2;
l;3020683945619;54790803;GOP;1;6722;X;1;
l;3021491101331;55186067;;0;2332;;2;
l;3021157019283;55156371;;0;135539;;1;
l;3021625350803;55398035;GOP;1;72341;;2;
l;3021089924755;55450259;;0;461;X;1;
l;3021153608339;54926995;Dem;0;103582;;1;
l;115798675;55334547;Dem;0;114581;;1;
l;3020083292819;55453331;;0;2036;;2;
l;3020150413971;55241363;GOP;0;0;X;1;
l;3021626848915;55408275;;0;457;;2;
l;3021558279827;55392915;GOP;0;5757;;1;
l;117360275;55417491;CST;0;1016;;3;
l;113936019;55018131;Dem;0;2161;;1;
l;3020687272595;55453331;;0;1172;;2;
l;3021153673875;55031443;CST;0;438;;3;
l;115917459;55448211;Dem;1;2978;;1;
l;3021423030931;55006867;GOP;0;1364;;2;
l;3021086578323;55052947;Dem;0;30;;1;
l;3020214084243;54928019;GOP;1;2836;X;2;
l;3020079863443;54914707;Dem;0;1288;;1;
l;115492499;55124627;NP;1;26323;X;1;
l;3020821483155;55178899;;0;1646;X;1;
l;3021087172243;54913683;CST;0;27;;3;
l;3020351708819;55135891;;0;47425;;1;
l;3021891802771;54914707;Dem;0;10460;;1;
l;115873427;55259795;Dem;1;1121;;1;
l;3020683846291;54928019;GOP;1;7432;X;2;
l;3021489152659;55084691;Una;0;234;;3;
l;115878547;55277203;CST;0;2222;;2;
l;3021153667731;54725267;Dem;1;2356;X;1;
l;113937043;55020179;GOP;0;1770;;2;
l;114689683;54961811;GOP;0;6753;X;1;
l;3021559688851;55456403;;0;2759;;2;
l;115893907;55360147;CST;0;347;;3;
l;3020150414995;55243411;;0;12277;;2;
l;3020079866515;55084691;Una;0;291;;3;
l;3021761015443;55455379;;0;20088;X;1;
l;3021557876371;55124627;NP;1;5474;X;1;
l;3021425472147;55458451;;0;2784;;2;
l;3020349678227;54981267;Dem;0;1669;;1;
l;3021154583187;54932115;GOP;0;8203;;2;
l;3020214082195;54918803;GOP;0;1432;;2;
l;3021690479251;54929043;Lib;0;99;;4;
l;115493523;55126675;NP;0;15909;;1;
l;113875603;54918803;GOP;0;105514;;2;
l;3021824696979;55084691;Una;0;16;;3;
l;3021157065363;55332499;Dem;1;135983;;1;
l;3020014693011;55197331;;0;274;;2;
l;3020415490707;55056019;GOP;1;0;X;1;
l;113904275;54963859;Dem;0;1470;;1;
l;117187219;55364243;CST;0;3965;;2;
l;3021356951187;55358099;Dem;0;2498;;1;
l;116754067;55248531;GOP;0;48446;;2;
l;115879571;55279251;CST;0;2262;;2;
l;3020887128723;55189139;;0;2641;;1;
l;115936915;55386771;GOP;0;4561;;2;
l;3020683844243;54921875;Una;0;66;;3;
l;113938067;55022227;Dem;0;5983;X;1;
l;115823251;55154323;;0;153328;;1;
l;3021291254419;55457427;;0;3223;X;1;
l;3020281865875;54912659;GOP;0;306;X;2;
l;114861715;54716051;Dem;1;2959;;1;
l;3021155555987;55184019;;0;47211;;2;
l;3021423987347;55143059;;0;1936;;2;
l;117351059;55382675;GOP;0;8783;;2;
l;3021020063379;54912659;GOP;0;440;X;2;
l;113905299;54965907;Dem;0;1456;;1;
l;3021156542099;55330451;GOP;0;109510;;2;
l;3021492561555;55150227;;0;7762;;1;
l;3021153678995;54731411;Dem;1;5428;X;1;
l;3021626865299;55468691;;0;8629;;1;
l;113939091;55024275;GOP;0;3947;;2;
l;3020683844243;55047827;Una;0;119;;4;
l;3020148911763;55129747;;0;3175;;2;
l;113967763;55069331;Dem;0;941;;1;
l;3021491092115;55137939;;0;7846;;1;
l;3021759522451;55193235;;0;23527;;1;
l;3020553047699;55178899;;0;1289;X;1;
l;3020955734675;55301779;NP;0;1407;;1;
l;3020818061971;54921875;Una;0;16;;3;
l;3021153676947;55034515;GOP;0;3660;;2;
l;3021828116115;55178899;;0;816;X;1;
l;115933843;55394963;Dem;0;2465;;1;
l;3020887130771;55191187;;0;2722;;1;
l;3020014691987;55193235;;0;1673;;1;
l;3021019490963;54791827;GOP;1;0;X;1;
l;3021157072531;55349907;;0;7353;;1;
l;3020415408787;54706835;Dem;1;1645;X;1;
l;3021492577939;55450259;;0;6418;X;1;
l;3021893414547;55111315;NP;0;10611;;2;
l;3020885171859;54923923;CST;0;192;;5;
l;3021153672851;55028371;GOP;0;3212;;2;
l;3021154590355;54945427;GOP;0;7300;;2;
l;113968787;55071379;Dem;0;1706;;1;
l;3021692434067;55168659;;0;4070;;1;
l;3021757588115;54928019;GOP;1;24960;X;2;
l;3021492563603;55156371;;0;7449;;1;
l;117347987;55373459;Dem;0;5444;;1;
l;3021155558035;55188115;;0;48076;;2;
l;3020482519699;54928019;GOP;1;2844;X;2;
l;3021154599571;55011987;GOP;0;1983;;2;
l;3020217503379;55178899;;0;3870;X;1;
l;3020818736787;54912659;GOP;0;1746;X;2;
l;3021154586259;54939283;GOP;0;8572;;2;
l;3021828123283;55454355;;0;789;X;1;
l;117294739;55177875;;0;2497;;2;
l;3021757588115;54926995;Dem;0;6477;;1;
l;3020281193107;54928019;GOP;1;333;X;2;
l;3021489149587;44676755;Lib;0;251;;4;
l;3020553054867;55454355;;0;1353;X;1;
l;3021895226003;55198355;;0;29700;;1;
l;117337747;55344787;GOP;0;118585;;2;
l;3020418839187;55457427;;0;2589;X;1;
l;3021287825043;54708883;GOP;1;4177;X;2;
l;3021893791379;55430803;Dem;0;10796;;1;
l;3021157064339;55328403;GOP;0;130589;;2;
l;3021154599571;54721171;Dem;1;2572;X;1;
l;3020952278675;54914707;Dem;0;368;;1;
l;3020754383507;55457427;;0;1527;X;1;
l;117334675;55333523;GOP;0;84815;;2;
l;3021086499475;54929043;Lib;0;9;;4;
l;117349011;55375507;;0;3880;;1;
l;3020350261907;55130771;;0;48090;;1;
l;3021153678995;55038611;GOP;0;4374;;2;
l;3021891802771;54915731;CST;0;1937;;3;
l;113943187;55031443;CST;0;438;;3;
l;3020483192467;54912659;GOP;0;2581;X;2;
l;3021153607315;54925971;Una;0;779;;3;
l;3021019390611;55084691;Una;0;17;;3;
l;3021156243091;55123603;NP;1;0;X;1;
l;3020416258707;54959763;GOP;1;4054;X;2;
l;113956499;55054995;CST;0;561;;3;
l;3020553055891;55456403;;0;602;;2;
l;3020887221907;55299731;Dem;0;2459;;1;
l;3020618814099;55264915;NP;0;1595;;2;
l;3021623459475;55068307;Dem;0;1556;;1;
l;3021157070483;55348883;;0;406;;2;
l;3020685848211;55278227;GOP;0;7254;;1;
l;3021021005459;55124627;NP;1;360;X;1;
l;3020549626515;54918803;GOP;0;875;;2;
l;117286547;55151251;;0;54014;;2;
l;3021623370387;55084691;Una;0;1993;;3;
l;117350035;55377555;;0;7404;;1;
l;3021824694931;54918803;GOP;0;494;;2;
l;117370515;55460499;;0;12787;;1;
l;3021153685139;55048851;Dem;0;3324;;1;
l;113909395;54974099;GOP;0;1194;X;2;
l;117328531;55291539;GOP;0;2907;;2;
l;3020214178451;55072403;Dem;0;749;;1;
l;3021153686163;54772371;GOP;1;8836;X;1;
l;3021153665683;55017107;GOP;0;1934;;2;
l;3020620165779;55457427;;0;2128;X;1;
l;116960915;55272083;NP;1;320;;1;
l;113882771;55470739;GOP;0;4286;;2;
l;3021556259475;54921875;Una;0;36;;3;
l;3021020063379;54910611;Dem;0;84;;1;
l;117287571;55153299;;0;55884;;2;
l;3020348346003;54993555;CST;0;612;;3;
l;3020415408787;54919827;CST;0;182;;5;
l;3021693959827;55411347;Dem;0;566;;1;
l;3021358360211;55451283;;0;2110;;2;
l;3020016194195;55234195;Dem;1;1169;;1;
l;117292691;55170707;;0;74043;;1;
l;113965715;54780563;GOP;1;3964;X;2;
l;3020751049363;54786707;GOP;1;1797;X;2;
l;117335699;55340691;GOP;0;127439;;2;
l;3020418837139;55453331;;0;768;;2;
l;3021154583187;54709907;Dem;1;8655;;1;
l;116812435;55320211;GOP;0;118820;;2;
l;114904723;55046803;CST;0;866;;3;
l;3020750952083;54707859;GOP;1;141;X;2;
l;3021422040723;44676755;Lib;0;354;;4;
l;3021492578963;55454355;;0;9334;X;1;
l;117306003;55458451;;0;186364;;2;
l;117341843;55350931;;0;9655;;2;
l;3021157027475;55178899;;0;137337;X;1;
l;117330579;55302803;NP;0;1384;;2;
l;3021623369363;54924947;Lib;0;889;;4;
l;3021358354067;55179923;;0;986;;2;
l;3020750954131;54924947;Lib;0;36;;4;
l;3021491097235;55147155;;0;2266;;2;
l;3021425353363;55363219;Dem;1;6059;;1;
l;3021559686803;55451283;;0;2610;;2;
l;117293715;55172755;;0;32323;;1;
l;3021422043795;54928019;GOP;1;4928;X;2;
l;3020416083603;54913683;CST;0;380;;3;
l;3020687271571;55451283;;0;3145;;2;
l;3021155553939;55155347;;0;48631;;2;
l;3020620033683;55270035;NP;0;1410;;1;
l;3021891805843;54928019;GOP;1;27146;X;2;
l;3021824694931;54706835;Dem;1;582;X;1;
l;3020146990739;54795923;GOP;1;4258;X;2;
l;3021623370387;54926995;Dem;0;13828;;1;
l;3020484515475;55260819;GOP;0;2628;;2;
l;3021828189843;55461523;;0;201;;2;
l;115919507;55254675;GOP;1;3011;;2;
l;3020348339859;54980243;Dem;0;1493;;1;
l;3021693961875;55415443;Dem;0;2289;;1;
l;3021358354067;55178899;;0;4427;X;1;
l;3021761014419;55454355;;0;27947;X;1;
l;113970835;54785683;GOP;1;0;X;1;
l;3020012757651;54929043;Lib;0;58;;4;
l;3021623457427;54779539;GOP;1;4417;X;2;
l;3021291252371;55454355;;0;4150;X;1;
l;114862739;54997651;GOP;0;1138;;2;
l;3021492581011;55457427;;0;7198;X;1;
l;116997779;55379603;GOP;0;7107;;2;
l;3020216021651;55174803;;0;4272;;1;
l;3020752906899;55163539;;0;676;;2;
l;3021492564627;55159443;;0;2299;;2;
l;3021155529363;55335571;GOP;1;98310;;2;
l;3021222654611;55174803;;0;2059;;1;
l;117355155;55406227;;0;1243;;2;
l;3021559688851;55455379;;0;4134;X;1;
l;3020818064019;55084691;Una;0;77;;3;
l;116810387;55308947;NP;0;287;;2;
l;3020350364307;55249555;GOP;0;52400;;1;
l;3021757586067;54919827;CST;0;894;;5;
l;3021626260115;55400083;GOP;0;70072;;2;
l;3020754382483;55456403;;0;1245;;2;
l;114863763;54999699;CST;0;222;;3;
l;3021425472147;55457427;;0;7541;X;1;
l;3021491099283;55181971;;0;2299;;2;
l;3020016184979;55456403;;0;852;;2;
l;3020821556883;55460499;;0;1685;;1;
l;117333651;55327379;Dem;0;86850;;1;
l;117322387;55257747;Dem;0;1151;;1;
l;113939091;54727315;Dem;1;6326;X;1;
l;3020482517651;54921875;Una;0;21;;3;
l;117355155;55405203;;0;1033;;1;
l;3021153613459;55470739;GOP;0;4286;;2;
l;3020348344979;54988435;GOP;0;5993;X;2;
l;3020885194387;54960787;GOP;1;0;X;1;
l;3021559689875;55457427;;0;4126;X;1;
l;117296787;55178899;;0;393873;X;1;
l;3021154596499;54720147;Dem;1;2185;X;1;
l;3021895295635;55440019;Dem;0;16206;;1;
l;3021153664659;54762131;GOP;1;3202;X;2;
l;3020955710099;55457427;;0;1760;X;1;
l;3020751049363;55072403;Dem;0;557;;1;
l;3021492561555;55151251;;0;2345;;2;
l;3020080539283;54910611;Dem;0;2314;;1;
l;3020083293843;55455379;;0;6704;X;1;
l;3020083294867;55457427;;0;6963;X;1;
l;115858067;55397011;Dem;0;16516;;1;
l;3021153666707;55019155;GOP;1;3399;X;2;
l;3020616818323;55058067;Lib;0;140;;3;
l;3020684519059;54912659;GOP;0;7506;X;2;
l;3021157066387;55340691;GOP;0;127439;;2;
l;117356179;55407251;;0;751;;1;
l;115895955;55392915;GOP;0;5757;;1;
l;3021556934291;54910611;Dem;0;824;;1;
l;3021088511635;55316115;GOP;1;481;;1;
l;117361299;55418515;Dem;1;3231;;1;
l;3020620156563;55179923;;0;677;;2;
l;3021422716563;54912659;GOP;0;4833;X;2;
l;3020418836115;55450259;;0;2556;X;1;
l;115868307;55445139;GOP;0;2219;;2;
l;3021019390611;54926995;Dem;0;84;;1;
l;3020348619411;54955667;Dem;0;4456;;1;
l;117366419;55437971;Dem;0;16910;;1;
l;3020150394515;55179923;;0;2903;;2;
l;3020485947027;55455379;;0;2102;X;1;
l;3020013430419;54910611;Dem;0;405;;1;
l;3021153917587;54942355;GOP;1;15109;X;2;
l;3020751050387;55074451;GOP;1;152;X;1;
l;3020685780627;55195283;;0;1199;;2;
l;3021153616531;54935187;Dem;1;7647;X;1;
l;3021892861587;54967955;Dem;0;2127;;1;
l;3021291245203;55179923;;0;736;;2;
l;3021489197715;54994579;GOP;0;4546;X;2;
l;3021692437139;55192211;;0;935;;2;
l;3021153607315;54924947;Lib;0;1467;;4;
l;115833491;55190163;;0;18254;;2;
l;3021425514131;55374483;GOP;0;5242;;2;
l;3021157036691;55458451;;0;62568;;2;
l;3021894697619;55434899;GOP;0;27476;;2;
l;117289619;55159443;;0;53931;;2;
l;3021891802771;44676755;Lib;0;916;;4;
l;3020012756627;54924947;Lib;0;56;;4;
l;3020553055891;55455379;;0;946;X;1;
l;3021155040915;54805139;GOP;1;0;X;1;
l;3021895231123;55451283;;0;16475;;2;
l;116511379;55120531;NP;0;13600;X;1;
l;3020417452691;55254675;GOP;1;3011;;2;
l;115486355;55113363;NP;0;15052;X;1;
l;3020016182931;55450259;;0;1284;X;1;
l;3020818064019;54928019;GOP;1;1748;X;2;
l;117367443;55440019;Dem;0;16206;;1;
l;3020616735379;54706835;Dem;1;1998;X;1;
l;3021489197715;54715027;Dem;1;3554;;1;
l;116767379;55399059;Dem;0;17639;;1;
l;3021423984275;55145107;;0;2251;;2;
l;113945235;55033491;CST;0;304;;3;
l;115863187;55431827;GOP;0;27265;;2;
l;117284499;55136915;;0;21944;;2;
l;3021153668755;55023251;GOP;0;4763;;2;
l;3021891802771;54707859;GOP;1;29845;X;2;
l;117354131;55404179;;0;2197;;2;
l;3021623461523;54783635;GOP;1;2761;X;2;
l;3020012757651;54926995;Dem;0;461;;1;
l;117358227;55411347;Dem;0;566;;1;
l;3021153652371;24039059;GOP;1;351;X;2;
l;3021761014419;55453331;;0;3793;;2;
l;115911315;55337619;GOP;0;96219;;2;
l;117331603;55303827;NP;0;652;;1;
l;3021224143507;55454355;;0;2410;X;1;
l;3021157035667;55455379;;0;117581;X;1;
l;3021154595475;55006867;GOP;0;1329;;2;
l;117368467;55442067;Dem;0;2833;;1;
l;3020885171859;54708883;GOP;1;3204;X;2;
l;3021355032211;55077523;CST;0;1017;;2;
l;3020955214483;55307923;NP;0;337;;1;
l;3021354934931;54929043;Lib;0;96;;4;
l;3021422040723;54915731;CST;0;286;;3;
l;117359251;55414419;GOP;0;892;;2;
l;3021157020307;55159443;;0;49656;;2;
l;3020952954515;54913683;CST;0;295;;3;
l;114194067;54954643;Lib;0;669;;3;
l;116769427;55434899;GOP;0;27476;;2;
l;114933395;54968979;GOP;0;7740;X;2;
l;3021220715155;54919827;CST;0;67;;5;
l;3020281191059;54706835;Dem;1;298;X;1;
l;3021491095187;55149203;;0;2325;;2;
l;3020348301971;55084691;Una;0;1220;;3;
l;113915539;54752915;GOP;1;2855;X;2;
l;3021826311827;55124627;NP;1;648;X;1;
l;3021692430995;55162515;;0;4166;;1;
l;3020485936787;55177875;;0;573;;2;
l;3021489168019;54949523;CST;0;520;;3;
l;3021492579987;55456403;;0;4939;;2;
l;3020887179923;55294611;GOP;0;2953;;1;
l;113948307;54731411;Dem;1;5428;X;1;
l;3020484134547;55125651;NP;0;666;;2;
l;3021086496403;54915731;CST;0;19;;3;
l;3021155554963;55181971;;0;47265;;2;
l;3020217511571;55456403;;0;2317;;2;
l;3021157034643;55454355;;0;179320;X;1;
l;114859667;54944403;Dem;1;7395;;1;
l;3020417025683;55125651;NP;0;2130;;2;
l;3021220715155;54918803;GOP;0;1747;;2;
l;3021425456787;55161491;;0;2009;;2;
l;114195091;54956691;GOP;1;15990;X;2;
l;3021556934291;54912659;GOP;0;5757;X;2;
l;3021895226003;55199379;;0;7758;;2;
l;3020887125651;55167635;;0;1051;;2;
l;3020549650067;54960787;GOP;1;0;X;1;
l;3021086499475;54928019;GOP;1;609;X;2;
l;3020684519059;54910611;Dem;0;1485;;1;
l;3020080539283;54913683;CST;0;999;;3;
l;3021022818963;55457427;;0;346;X;1;
l;3021157017235;55151251;;0;49631;;2;
l;3020416083603;54910611;Dem;0;559;;1;
l;3021492272787;55379603;GOP;0;7107;;2;
l;3021423991443;55184019;;0;1956;;2;
l;3021625437843;55401107;GOP;1;73089;;1;
l;113876627;54924947;Lib;0;2662;;4;
l;3020217512595;55458451;;0;1486;;2;
l;3021153606291;54921875;Una;0;1540;;3;
l;3020150403731;55457427;;0;14277;X;1;
l;3021288498835;54912659;GOP;0;3747;X;2;
l;3020685780627;55193235;;0;7902;;1;
l;113921683;24039059;GOP;1;6265;X;2;
l;113933971;55015059;Dem;0;1760;;1;
l;115822227;55147155;;0;53347;;2;
l;3021892478611;54910611;Dem;0;15280;;1;
l;3021893791379;55432851;Una;0;4208;;3;
l;3020485948051;55457427;;0;2232;X;1;
l;3020483192467;54913683;CST;0;237;;3;
l;3020415408787;55047827;Una;0;24;;4;
l;3021153671827;55026323;Dem;0;1817;;1;
l;115885715;55298707;Ind;0;1511;;3;
l;115488403;55119507;NP;1;12428;X;2;
l;113974931;54788755;GOP;1;7504;X;1;
l;3020351721107;55179923;;0;13523;;2;
l;3021154594451;54999699;CST;0;222;;3;
l;3021425453715;55153299;;0;2291;;2;
l;3021155557011;55186067;;0;50406;;2;
l;3021761007251;55179923;;0;5344;;2;
l;113877651;54926995;Dem;0;188832;;1;
l;3021287825043;54925971;Una;0;49;;3;
l;3021154598547;55009939;Dem;1;6166;X;1;
l;3021153667731;55020179;GOP;0;1770;;2;
l;117344915;55370387;GOP;0;4051;;2;
l;3020887180947;55297683;CST;0;455;;2;
l;113893011;54948499;Dem;0;4120;;1;
l;114192019;54947475;GOP;1;12145;X;2;
l;3021558278803;55389843;GOP;0;5473;;1;
l;113934995;55017107;GOP;0;1934;;2;
l;3021157033619;55451283;;0;91796;;2;
l;113875603;54706835;Dem;1;116404;X;1;
l;115830419;55167635;;0;19245;;2;
l;3020217576083;55447187;GOP;0;2580;;2;
l;3020888587923;55170707;;0;2717;;1;
l;3021490134675;54944403;Dem;1;503;;1;
l;3020284618387;55451283;;0;174;;2;
l;3021153675923;54767251;GOP;1;4479;X;2;
l;3021625475731;55115411;NP;1;8547;X;2;
l;3021625325203;55169683;;0;15083;;2;
l;3021624359571;54760083;GOP;1;8951;X;2;
l;115934867;55422611;Dem;0;6916;;1;
l;117323411;55265939;NP;1;1351;;1;
l;113912467;54749843;GOP;1;3868;X;2;
l;3020750955155;54928019;GOP;1;2071;X;2;
l;113932947;54723219;Dem;1;3722;X;1;
l;3021156242067;55121555;NP;0;9116;;2;
l;3020281191059;54919827;CST;0;7;;5;
l;3021155713683;55114387;NP;0;3272;;1;
l;113936019;55019155;GOP;1;3399;X;2;
l;3020821490323;55454355;;0;1908;X;1;
l;113876627;54708883;GOP;1;126915;X;2;
l;3021153672851;55029395;Lib;0;413;;3;
l;3021153673875;55030419;Dem;0;1910;;1;
l;3021690477203;55047827;Una;0;20;;4;
l;3021022815891;55450259;;0;349;X;1;
l;115917459;55449235;GOP;0;2231;;2;
l;3020685847187;55276179;GOP;0;7207;;1;
l;3021422122643;55054995;CST;0;233;;3;
l;117343891;55362195;;0;765;;2;
l;3020146972307;54914707;Dem;0;4654;;1;
l;3020549728915;54791827;GOP;1;0;X;1;
l;115492499;55125651;NP;0;10031;;2;
l;3021423990419;55180947;;0;6710;;1;
l;3020754402963;55285395;GOP;0;1300;;2;
l;113966739;54781587;GOP;1;3485;X;2;
l;115873427;55260819;GOP;0;2628;;2;
l;3020618674835;55174803;;0;1993;;1;
l;117318291;55245459;;0;265;;1;
l;3021425512083;55371411;Dem;0;5851;;1;
l;3020687272595;55454355;;0;8400;X;1;
l;3021153669779;55024275;GOP;0;3947;;2;
l;3021623453331;54775443;GOP;1;12342;X;2;
l;3021287826067;55084691;Una;0;230;;3;
l;3021893414547;55113363;NP;0;15052;X;1;
l;3021155550867;55149203;;0;49898;;2;
l;3021693958803;55410323;GOP;1;3066;;2;
l;113937043;55021203;Lib;0;271;;3;
l;3020079866515;54929043;Lib;0;254;;4;
l;3021153664659;55015059;Dem;0;1760;;1;
l;3021222770323;55351955;Dem;0;2434;;1;
l;3020887128723;55190163;;0;1078;;2;
l;3020146975379;55084691;Una;0;1012;;3;
l;3021089918611;55179923;;0;100;;2;
l;3021221389971;54912659;GOP;0;2336;X;2;
l;3021757689491;54792851;GOP;1;10424;X;2;
l;3021157036691;55457427;;0;150102;X;1;
l;113976979;54790803;GOP;1;6722;X;1;
l;3021354934931;54926995;Dem;0;938;;1;
l;3021556342419;55057043;Dem;0;508;;1;
l;3021356549779;55125651;NP;0;1103;;2;
l;3020281191059;54918803;GOP;0;173;;2;
l;3020348974739;54910611;Dem;0;18456;;1;
l;3021891805843;55084691;Una;0;1048;;3;
l;3021423986323;55148179;;0;6748;;1;
l;3020754403987;55287443;GOP;0;1242;;2;
l;115848851;55238291;Dem;0;1190;;1;
l;3021556259475;54918803;GOP;0;4372;;2;
l;115926675;55300755;GOP;0;1726;;2;
l;3020348343955;54757011;GOP;1;0;X;1;
l;3021424078483;55367315;Dem;0;4669;;1;
l;3021356951187;55359123;GOP;0;2960;;2;
l;115813011;55196307;;0;33289;;1;
l;3020348298899;54914707;Dem;0;11867;;1;
l;113938067;55023251;GOP;0;4763;;2;
l;3020955735699;55304851;NP;0;2126;;2;
l;116394643;55325331;Dem;0;11420;;1;
l;115914387;55435923;Dem;0;12678;;1;
l;113966739;55068307;Dem;0;1556;;1;
l;3021287920275;55073427;CST;0;78;;3;
l;117316243;55241363;GOP;0;0;X;1;
l;3021759203987;55126675;NP;0;9966;;1;
l;113893011;54949523;CST;0;2337;;3;
l;3020012779155;54960787;GOP;1;0;X;1;
l;3021358363283;55457427;;0;3682;X;1;
l;3021824694931;54921875;Una;0;4;;3;
l;3020080539283;54912659;GOP;0;8615;X;2;
l;3020685781651;55197331;;0;1085;;2;
l;117336723;55341715;Dem;0;94364;;1;
l;3020683844243;54919827;CST;0;344;;5;
l;3021155551891;55142035;;0;138648;;1;
l;3021623456403;55063187;Dem;0;801;;1;
l;3020014373523;55126675;NP;0;521;;1;
l;3021156542099;55329427;Dem;0;107140;;1;
l;3021154592403;54716051;Dem;1;2959;;1;
l;115922579;55267987;NP;0;986;;1;
l;3021828182675;55428755;Dem;1;0;X;1;
l;3020150400659;55450259;;0;13481;X;1;
l;3021626865299;55469715;;0;5842;;2;
l;3020482517651;55047827;Una;0;31;;4;
l;3021153605267;44676755;Lib;0;503;;4;
l;113967763;55070355;GOP;1;1225;X;2;
l;3021491092115;55138963;;0;2319;;2;
l;117317267;55243411;;0;12277;;2;
l;3021625324179;55164563;;0;64823;;1;
l;3020821483155;55179923;;0;307;;2;
l;117297811;55198355;;0;80288;;1;
l;113950355;54732435;Dem;1;4182;;1;
l;3021153616531;54937235;CST;0;433;;3;
l;3021425512083;55372435;GOP;0;4946;;2;
l;3021155557011;55185043;;0;135850;;1;
l;3021895224979;55178899;;0;29409;X;1;
l;3021156543123;55318163;Dem;0;92652;;1;
l;115933843;55395987;GOP;0;4751;;2;
l;3020752913043;55192211;;0;532;;2;
l;3020549628563;54928019;GOP;1;1283;X;2;
l;3021019388563;54921875;Una;0;3;;3;
l;3021693905555;55454355;;0;4871;X;1;
l;3020620164755;55456403;;0;1413;;2;
l;3021153685139;54771347;GOP;1;7018;X;2;
l;3020955734675;55302803;NP;0;1384;;2;
l;3021492577939;55451283;;0;4403;;2;
l;3021891840659;54749843;GOP;1;2781;X;2;
l;115837587;55130771;;0;80211;;1;
l;3020955707027;55451283;;0;1098;;2;
l;3021220715155;54706835;Dem;1;2156;X;1;
l;3021154590355;54944403;Dem;1;6892;;1;
l;3020348338835;54979219;Dem;0;1883;;1;
l;3020281865875;54910611;Dem;0;128;;1;
l;115832467;55168659;;0;72679;;1;
l;3021626795667;55450259;;0;58074;X;1;
l;3021690479251;54928019;GOP;1;4050;X;2;
l;3021492563603;55157395;;0;2655;;2;
l;3020619818643;55274131;NP;0;463;;1;
l;113921683;54991507;Dem;0;1721;;1;
l;117338771;55345811;;0;123659;;1;
l;3020482519699;54926995;Dem;0;772;;1;
l;3021623458451;55067283;Dem;0;2180;;1;
l;117353107;55387795;Dem;0;5509;;1;
l;3021154586259;54938259;Dem;1;17638;X;1;
l;3021828123283;55453331;;0;250;;2;
l;3020146972307;54915731;CST;0;1602;;3;
l;3020281193107;54929043;Lib;0;9;;4;
l;3020485946003;55454355;;0;2877;X;1;
l;3020952281747;54928019;GOP;1;2345;X;2;
l;114852499;54932115;GOP;0;8203;;2;
l;3021425471123;55455379;;0;5467;X;1;
l;117314195;55234195;Dem;1;1169;;1;
l;116978323;55306899;NP;0;445;;2;
l;3020284620435;55455379;;0;220;X;1;
l;3020284619411;55454355;;0;367;X;1;
l;3021157064339;55327379;Dem;0;86850;;1;
l;3020952360595;55052947;Dem;0;533;;1;
l;3020550301331;54913683;CST;0;57;;3;
l;3021489152659;54926995;Dem;0;3339;;1;
l;3020888600211;55455379;;0;2241;X;1;
l;3020147787411;54962835;CST;0;222;;2;
l;117339795;55347859;;0;263;;1;
l;3020418839187;55458451;;0;1698;;2;
l;115912339;55368339;GOP;1;6399;;2;
l;116393619;55323283;Dem;0;12047;;1;
l;3021828124307;55455379;;0;560;X;1;
l;116958867;55275155;NP;1;329;;2;
l;3021828189843;55460499;;0;830;;1;
l;3020888601235;55458451;;0;1655;;2;
l;114853523;54934163;GOP;0;10141;;2;
l;117315219;55236243;;0;1465;;1;
l;3020952360595;54773395;GOP;1;2192;X;2;
l;115821203;55142035;;0;153604;;1;
l;3020618814099;55263891;NP;0;1675;;1;
l;3020350408339;55117459;NP;0;17067;;2;
l;3021157070483;55347859;;0;263;;1;
l;3020685848211;55279251;CST;0;2262;;2;
l;3021693907603;55457427;;0;3864;X;1;
l;3021690558099;54773395;GOP;1;169;X;2;
l;3020616735379;54918803;GOP;0;1101;;2;
l;3021291318931;55460499;;0;4021;;1;
l;113944211;54766227;GOP;1;0;X;1;
l;3021153677971;54730387;Dem;1;3439;;1;
l;3021153680019;55039635;Dem;0;2455;;1;
l;3020016195219;55236243;;0;1465;;1;
l;3020550301331;54912659;GOP;0;1304;X;2;
l;115900051;55425683;GOP;1;669;;2;
l;3020485948051;55458451;;0;1275;;2;
l;116960915;55273107;NP;0;284;;2;
l;3021153675923;55033491;CST;0;304;;3;
l;117359251;55413395;Dem;1;496;;1;
l;3021623368339;54919827;CST;0;315;;5;
l;117326483;55286419;Dem;0;1581;;1;
l;3020952954515;54912659;GOP;0;2124;X;2;
l;3020821490323;55453331;;0;336;;2;
l;3020214082195;54921875;Una;0;48;;3;
l;3021624043155;54913683;CST;0;5250;;3;
l;3021356549779;55124627;NP;1;3778;X;1;
l;3021287825043;54922899;Dem;0;758;;1;
l;3021625475731;55114387;NP;0;9181;;1;
l;3020818061971;55047827;Una;0;28;;4;
l;3020415410835;54929043;Lib;0;89;;4;
l;115901075;55427731;GOP;1;550;;2;
l;114903699;55042707;Dem;1;3986;;1;
l;114855571;54938259;Dem;1;17638;X;1;
l;3021425469075;55451283;;0;4395;;2;
l;3021224136339;55178899;;0;2137;X;1;
l;114186899;54941331;Dem;0;7561;;1;
l;117327507;55288467;Dem;0;1506;;1;
l;117288595;55156371;;0;149438;;1;
l;3020750954131;54923923;CST;0;85;;5;
l;3021891837587;54974099;GOP;0;1194;X;2;
l;3021559686803;55450259;;0;4219;X;1;
l;113882771;54930067;Dem;1;12139;X;1;
l;3021154593427;54717075;Dem;1;2484;X;1;
l;3021358361235;55453331;;0;977;;2;
l;114858643;54735507;GOP;1;21432;X;2;
l;113911443;54975123;Dem;0;3429;;1;
l;3020754380435;55451283;;0;1090;;2;
l;114861715;54996627;GOP;0;2716;;2;
l;3021423989395;55154323;;0;6745;;1;
l;3020955688595;55135891;;0;2150;;1;
l;3021626796691;55454355;;0;77304;X;1;
l;114904723;55044755;Dem;0;3366;;1;
l;3021492571795;55178899;;0;7848;X;1;
l;115815059;55175827;;0;2418;;2;
l;3020482615955;55076499;Dem;1;0;X;1;
l;3021757586067;54706835;Dem;1;10144;X;1;
l;3020616737427;54926995;Dem;0;1498;;1;
l;113980051;54793875;GOP;1;6515;X;2;
l;3021690479251;54926995;Dem;0;1762;;1;
l;3020348336787;54749843;GOP;1;1087;X;2;
l;3021157019283;55157395;;0;51764;;2;
l;3021422122643;55052947;Dem;0;3331;;1;
l;3020348974739;54913683;CST;0;3505;;3;
l;117289619;55158419;;0;152425;;1;
l;3020147000979;54744723;GOP;1;0;X;1;
l;3021220717203;54929043;Lib;0;74;;4;
l;3020751050387;55075475;CST;0;86;;2;
l;3021626796691;55453331;;0;12733;;2;
l;3020952278675;44676755;Lib;0;48;;4;
l;3020012756627;54708883;GOP;1;1609;X;2;
l;113912467;54977171;Dem;0;1739;;1;
l;3021291252371;55453331;;0;957;;2;
l;3021895231123;55450259;;0;24270;X;1;
l;3021624351379;54735507;GOP;1;10953;X;2;
l;3021153607315;54708883;GOP;1;54593;X;2;
l;3021761004179;55173779;;0;5532;;2;
l;3020150401683;55453331;;0;3203;;2;
l;117332627;55315091;NP;0;1214;;2;
l;3021153605267;54915731;CST;0;413;;3;
l;3020282040979;54958739;Dem;0;99;;1;
l;3020752906899;55162515;;0;2019;;1;
l;117329555;55292563;Dem;1;2605;;1;
l;3021425455763;55159443;;0;1976;;2;
l;3021356950163;55356051;GOP;0;4642;;1;
l;3020754403987;55286419;Dem;0;1581;;1;
l;117290643;55160467;;0;151276;;1;
l;3021222654611;55175827;;0;556;;2;
l;3021892121235;54950547;Dem;0;3942;;1;
l;3021626797715;55455379;;0;59713;X;1;
l;3020616737427;55084691;Una;0;51;;3;
l;3020351178387;55248531;GOP;0;48446;;2;
l;3021691327123;54959763;GOP;1;4277;X;2;
l;3020217501331;55177875;;0;733;;2;
l;3021224144531;55456403;;0;1221;;2;
l;3020821492371;55458451;;0;937;;2;
l;3021556341395;55056019;GOP;1;0;X;1;
l;3020819678867;55124627;NP;1;1318;X;1;
l;3021423990419;55181971;;0;1911;;2;
l;3020888623763;55291539;GOP;0;2907;;2;
l;3020418838163;55455379;;0;2469;X;1;
l;3020821556883;55461523;;0;316;;2;
l;3021693960851;55414419;GOP;0;892;;2;
l;117345939;55371411;Dem;0;5851;;1;
l;3021556934291;54913683;CST;0;556;;3;
l;3021157021331;55161491;;0;49733;;2;
l;115831443;55165587;;0;17210;;2;
l;116811411;55329427;Dem;0;107140;;1;
l;3020818085523;54960787;GOP;1;0;X;1;
l;3021626798739;55457427;;0;56436;X;1;
l;113885843;54936211;GOP;0;4142;;2;
l;3021895295635;55441043;GOP;0;25871;;2;
l;3020482616979;54788755;GOP;1;2677;X;1;
l;3021289880211;55355027;GOP;0;3581;;2;
l;3020955710099;55458451;;0;1131;;2;
l;3020351795859;55467667;;0;4186;;2;
l;3020014373523;55127699;NP;1;1446;X;2;
l;3020217509523;55451283;;0;1913;;2;
l;3021556342419;55058067;Lib;0;310;;3;
l;3020752571027;55127699;NP;1;1456;X;2;
l;3020617410195;54910611;Dem;0;1436;;1;
l;3020080678547;54962835;CST;0;1448;;2;
l;115858067;55398035;GOP;1;72341;;2;
l;3020284612243;55178899;;0;359;X;1;
l;3021154635411;55046803;CST;0;866;;3;
l;3021153666707;55018131;Dem;0;2161;;1;
l;3020616818323;55057043;Dem;0;1333;;1;
l;3021422716563;54910611;Dem;0;5867;;1;
l;3020685462163;55126675;NP;0;3946;;1;
l;3021828122259;55450259;;0;591;X;1;
l;3021157066387;55339667;Dem;0;88717;;1;
l;117356179;55408275;;0;457;;2;
l;115895955;55393939;Lib;0;1313;;2;
l;3021624043155;54910611;Dem;0;14559;;1;
l;117297811;55199379;;0;20422;;2;
l;3020217510547;55454355;;0;4017;X;1;
l;3020955707027;55450259;;0;1793;X;1;
l;3021086526099;54964883;GOP;0;442;X;2;
l;117368467;55443091;GOP;0;3022;;2;
l;3020955708051;55454355;;0;2438;X;1;
l;117366419;55438995;GOP;0;24985;;2;
l;3020083285651;55179923;;0;1772;;2;
l;116844179;54776467;GOP;1;6770;X;2;
l;3020619818643;55275155;NP;1;329;;2;
l;3021157018259;55153299;;0;51229;;2;
l;3020348301971;54929043;Lib;0;1250;;4;
l;3021291245203;55178899;;0;4010;X;1;
l;3021489197715;54995603;CST;0;614;;3;
l;3021153607315;54923923;CST;0;1863;;5;
l;3020888592019;55178899;;0;2731;X;1;
l;3021288498835;54913683;CST;0;541;;3;
l;3021556342419;54774419;GOP;1;5995;X;2;
l;3021824793235;55076499;Dem;1;0;X;1;
l;3020687273619;55455379;;0;5923;X;1;
l;117357203;55410323;GOP;1;3066;;2;
l;116511379;55121555;NP;0;9116;;2;
l;3021761015443;55456403;;0;11209;;2;
l;3020016182931;55451283;;0;681;;2;
l;3021626336915;55061139;CST;0;590;;3;
l;117367443;55441043;GOP;0;25871;;2;
l;3020549626515;54706835;Dem;1;703;X;1;
l;3021626785427;55170707;;0;65235;;1;
l;3021157067411;55342739;GOP;0;119485;;2;
l;3021155548819;55144083;;0;131870;;1;
l;3020687293075;55280275;;0;28;;1;
l;3021153668755;55022227;Dem;0;5983;X;1;
l;115798675;55335571;GOP;1;98310;;2;
l;3021154594451;55001747;GOP;0;2102;;2;
l;3021892863635;54972051;Dem;0;2495;;1;
l;3020079866515;54926995;Dem;0;2120;;1;
l;117358227;55412371;GOP;0;569;;2;
l;3020081802899;55129747;;0;1938;;2;
l;116512403;55123603;NP;1;0;X;1;
l;3020821491347;55456403;;0;928;;2;
l;115911315;55338643;Dem;1;125962;;1;
l;115863187;55432851;Una;0;4208;;3;
l;3021089925779;55453331;;0;157;;2;
l;3021761007251;55178899;;0;22815;X;1;
l;113947283;54730387;Dem;1;3439;;1;
l;3020351730323;55458451;;0;22231;;2;
l;116390547;55321235;Dem;0;20296;;1;
l;3020818164371;54791827;GOP;1;0;X;1;
l;3021422891667;54959763;GOP;1;3139;X;2;
l;3021155554963;55180947;;0;138894;;1;
l;3021287923347;55077523;CST;0;125;;2;
l;3020955214483;55308947;NP;0;287;;2;
l;3021153605267;54914707;Dem;0;8213;;1;
l;114725523;54958739;Dem;0;7269;;1;
l;3021491258003;55115411;NP;1;5871;X;2;
l;113974931;55077523;CST;0;1579;;2;
l;3020215699091;55124627;NP;1;2507;X;1;
l;3021423986323;55149203;;0;2127;;2;
l;3021491211923;55385747;Dem;0;6795;;1;
l;114689683;54962835;CST;0;1670;;2;
l;3020415410835;55084691;Una;0;95;;3;
l;3021422122643;54773395;GOP;1;3811;X;2;
l;3020485936787;55176851;;0;2910;;1;
l;3021559687827;55453331;;0;1176;;2;
l;115835539;55191187;;0;74139;;1;
l;3021425471123;55456403;;0;4881;;2;
l;113932947;55014035;GOP;0;2587;;2;
l;113920659;54988435;GOP;0;5993;X;2;
l;3020484134547;55124627;NP;1;2651;X;1;
l;3021224134291;55177875;;0;553;;2;
l;3021492562579;55152275;;0;7660;;1;
l;3021224144531;55455379;;0;1738;X;1;
l;3020348344979;54987411;Dem;0;1954;;1;
l;3021155550867;55148179;;0;137380;;1;
l;3020620162707;55450259;;0;1578;X;1;
l;3020282807955;55124627;NP;1;300;X;1;
l;113904275;54964883;GOP;0;3688;X;2;
l;3021623464595;55072403;Dem;0;537;;1;
l;3020750955155;54926995;Dem;0;591;;1;
l;3021157021331;55160467;;0;137025;;1;
l;3021156124307;55324307;GOP;0;15346;;2;
l;3021425515155;55376531;;0;1494;;2;
l;114195091;54957715;CST;0;1968;;3;
l;115817107;55137939;;0;153390;;1;
l;3021489149587;54914707;Dem;0;2470;;1;
l;3020885171859;54922899;Dem;0;618;;1;
l;3021625323155;55166611;;0;63412;;1;
l;3020955735699;55303827;NP;0;652;;1;
l;115941011;55310995;NP;0;958;;2;
l;3021089927827;55457427;;0;423;X;1;
l;3020348974739;54912659;GOP;0;44704;X;2;
l;3021492272787;55380627;Dem;0;4205;;1;
l;3021155555987;55182995;;0;137647;;1;
l;113960595;55059091;Dem;0;2165;;1;
l;3021625437843;55402131;Lib;0;11603;;2;
l;3021559680659;55178899;;0;5221;X;1;
l;3020217512595;55457427;;0;3415;X;1;
l;3020887180947;55296659;GOP;0;2114;;1;
l;3021423987347;55142035;;0;7022;;1;
l;3021422716563;54913683;CST;0;320;;3;
l;3021019390611;54928019;GOP;1;459;X;2;
l;3020214178451;54786707;GOP;1;906;X;2;
l;114852499;54709907;Dem;1;8655;;1;
l;3020016176787;55178899;;0;1596;X;1;
l;3020818736787;54913683;CST;0;144;;3;
l;115880595;55282323;Dem;0;1260;;1;
l;3021623464595;54786707;GOP;1;2861;X;2;
l;3020214082195;55047827;Una;0;58;;4;
l;3021423993491;55187091;;0;6574;;1;
l;115253907;54984339;GOP;0;7508;X;2;
l;3020281193107;54926995;Dem;0;127;;1;
l;3021692433043;55165587;;0;979;;2;
l;3021757586067;55047827;Una;0;277;;4;
l;3020620156563;55178899;;0;1994;X;1;
l;113915539;54980243;Dem;0;1493;;1;
l;113941139;54764179;GOP;1;3165;X;2;
l;3020751627923;54910611;Dem;0;556;;1;
l;3021157018259;55152275;;0;136476;;1;
l;3020616818323;54774419;GOP;1;1437;X;2;
l;113963667;55063187;Dem;0;801;;1;
l;3021693898387;55179923;;0;974;;2;
l;3020553056915;55457427;;0;1111;X;1;
l;3021287825043;54924947;Lib;0;53;;4;
l;3021623453331;55059091;Dem;0;2165;;1;
l;3020885845651;54913683;CST;0;543;;3;
l;113931923;54722195;Dem;1;5463;X;1;
l;113962643;54777491;GOP;1;4757;X;2;
l;3021224142483;55451283;;0;1205;;2;
l;3020752909971;55168659;;0;1951;;1;
l;3020754370195;55171731;;0;522;;2;
l;3021490134675;54945427;GOP;0;997;;2;
l;3020351727251;55451283;;0;24798;;2;
l;3020955736723;55314067;NP;1;1666;;1;
l;113918611;54755987;GOP;1;7329;X;1;
l;3021759523475;55196307;;0;23566;;1;
l;117372563;55468691;;0;8629;;1;
l;115910291;55312019;NP;0;0;X;1;
l;113956499;54773395;GOP;1;6730;X;2;
l;117323411;55266963;NP;0;1735;;2;
l;117347987;55374483;GOP;0;5242;;2;
l;3021155558035;55187091;;0;137795;;1;
l;117173907;55270035;NP;0;1410;;1;
l;3021287826067;54926995;Dem;0;926;;1;
l;3020014693011;55196307;;0;1671;;1;
l;3021895234195;55457427;;0;27024;X;1;
l;3021156242067;55120531;NP;0;13600;X;1;
l;3021088435859;55128723;;0;637;;1;
l;3020415410835;54926995;Dem;0;657;;1;
l;115892883;55356051;GOP;0;4642;;1;
l;3020955708051;55453331;;0;509;;2;
l;3020687262355;55172755;;0;7538;;1;
l;113975955;54789779;GOP;1;0;X;1;
l;3020551243411;55124627;NP;1;1070;X;1;
l;117337747;55343763;Dem;0;96250;;1;
l;3020685847187;55277203;CST;0;2222;;2;
l;117319315;55251603;GOP;0;48700;;1;
l;3020750952083;54914707;Dem;0;97;;1;
l;115930771;55351955;Dem;0;2434;;1;
l;113874579;54914707;Dem;0;44265;;1;
l;3021491099283;55180947;;0;7706;;1;
l;3020754402963;55284371;Dem;0;1537;;1;
l;117349011;55376531;;0;1494;;2;
l;113965715;55067283;Dem;0;2180;;1;
l;3020484457107;55175827;;0;571;;2;
l;3020348342931;54755987;GOP;1;7329;X;1;
l;3021224142483;55450259;;0;1689;X;1;
l;3021354934931;55084691;Una;0;146;;3;
l;115811987;55195283;;0;6250;;2;
l;3021693958803;55409299;Dem;0;2799;;1;
l;3021492627091;55383699;Dem;0;4580;;1;
l;3021895294611;55437971;Dem;0;16910;;1;
l;116393619;55324307;GOP;0;15346;;2;
l;3021222770323;55352979;GOP;0;1612;;2;
l;117360275;55415443;Dem;0;2289;;1;
l;3021625328275;55191187;;0;65294;;1;
l;3021155642003;55337619;GOP;0;96219;;2;
l;3021291318931;55461523;;0;823;;2;
l;113947283;55037587;CST;0;283;;3;
l;3020620163731;55454355;;0;2509;X;1;
l;3021354933907;54922899;Dem;0;683;;1;
l;3021222332051;55124627;NP;1;1808;X;1;
l;115931795;55354003;Dem;0;1641;;1;
l;3021690479251;55084691;Una;0;109;;3;
l;3021491095187;55148179;;0;7748;;1;
l;3020079866515;54928019;GOP;1;9364;X;2;
l;117350035;55378579;;0;3688;;2;
l;3020016193171;55233171;Una;0;1207;;2;
l;3021623368339;54918803;GOP;0;14976;;2;
l;3020954345107;55310995;NP;0;958;;2;
l;3021757586067;54921875;Una;0;199;;3;
l;3021221389971;54913683;CST;0;158;;3;
l;3021154596499;55462547;GOP;0;1216;;2;
l;115813011;55197331;;0;6076;;2;
l;3021154592403;54996627;GOP;0;2716;;2;
l;3021155219091;55119507;NP;1;12428;X;2;
l;116394643;55326355;GOP;0;25532;;2;
l;113942163;54728339;Dem;1;3805;X;1;
l;115914387;55436947;GOP;0;29830;;2;
l;3021287920275;55072403;Dem;0;117;;1;
l;3021759203987;55127699;NP;1;15031;X;2;
l;117370515;55461523;;0;2646;;2;
l;3021153652371;54991507;Dem;0;290;;1;
l;113934995;54724243;Dem;1;2295;X;1;
l;3020148946579;55239315;GOP;0;2573;;2;
l;3020147648147;54912659;GOP;0;14214;X;2;
l;117336723;55342739;GOP;0;119485;;2;
l;3020616735379;54919827;CST;0;60;;5;
l;3020954345107;55309971;NP;1;1982;;1;
l;3021892478611;54913683;CST;0;2743;;3;
l;3020016194195;55235219;GOP;0;1004;;2;
l;117292691;55171731;;0;16507;;2;
l;115922579;55269011;GOP;0;2273;;2;
l;113976979;55078547;Lib;0;1324;;2;
l;117187219;55363219;Dem;1;6059;;1;
l;3020350261907;55132819;;0;12741;;2;
l;3020549626515;55047827;Una;0;17;;4;
l;3021086496403;54707859;GOP;1;634;X;2;
l;3021019388563;54919827;CST;0;15;;5;
l;3021422043795;54926995;Dem;0;5918;;1;
l;117303955;55454355;;0;481938;X;1;
l;3021423983251;55138963;;0;1992;;2;
l;3021692433043;55164563;;0;4122;;1;
l;3021824694931;55047827;Una;0;12;;4;
l;3020955700883;55178899;;0;2174;X;1;
l;3020348298899;44676755;Lib;0;1318;;4;
l;3021623369363;54925971;Una;0;447;;3;
l;3021153662611;55013011;GOP;0;1518;;2;
l;3021489149587;54707859;GOP;1;7681;X;2;
l;3021153616531;54936211;GOP;0;4142;;2;
l;113920659;54990483;CST;0;278;;3;
l;3020752913043;55191187;;0;1968;;1;
l;3021155552915;55147155;;0;49057;;2;
l;3021623457427;55066259;Dem;0;1706;;1;
l;3021623460499;55070355;GOP;1;1225;X;2;
l;3020016195219;55237267;;0;686;;2;
l;113969811;54784659;GOP;1;0;X;1;
l;3021153671827;54764179;GOP;1;3165;X;2;
l;117188243;55365267;GOP;1;6404;;2;
l;113954451;55048851;Dem;0;3324;;1;
l;3020620183187;55266963;NP;0;1735;;2;
l;3020553053843;55450259;;0;1022;X;1;
l;3021425452691;55151251;;0;2038;;2;
l;3020753060499;55115411;NP;1;102;X;2;
l;116767379;55400083;GOP;0;70072;;2;
l;3020887127699;55169683;;0;1062;;2;
l;3021153606291;54706835;Dem;1;77468;X;1;
l;3021154635411;54770323;GOP;1;8788;X;2;
l;113875603;54919827;CST;0;4122;;5;
l;3021491211923;55386771;GOP;0;4561;;2;
l;117318291;55246483;;0;210;;2;
l;3020016173715;55172755;;0;1632;;1;
l;3021623370387;54928019;GOP;1;75065;X;2;
l;3021425454739;55157395;;0;2121;;2;
l;114863763;54718099;Dem;1;6101;X;1;
l;3021491102355;55187091;;0;7720;;1;
l;3020955382419;55305875;NP;0;174;;1;
l;3021491096211;55142035;;0;7934;;1;
l;115889811;55316115;GOP;1;481;;1;
l;117338771;55346835;;0;94174;;2;
l;3021489152659;54929043;Lib;0;261;;4;
l;3020818061971;54919827;CST;0;63;;5;
l;3021895232147;55453331;;0;6747;;2;
l;3021153681043;54732435;Dem;1;4182;;1;
l;113875603;55047827;Una;0;1536;;4;
l;3020146975379;54928019;GOP;1;16469;X;2;
l;3021155642003;55338643;Dem;1;125962;;1;
l;113955475;55050899;Lib;0;0;;2;
l;3021826719379;55425683;GOP;1;669;;2;
l;3020485946003;55453331;;0;691;;2;
l;3021626795667;55451283;;0;30622;;2;
l;114868883;55011987;GOP;0;1983;;2;
l;115838611;55133843;;0;80089;;1;
l;117302931;55450259;;0;335728;X;1;
l;3020016186003;55457427;;0;1228;X;1;
l;3020954241683;55132819;;0;581;;2;
l;3020885171859;54925971;Una;0;30;;3;
l;113943187;54765203;GOP;1;4451;X;2;
l;3021155529363;55334547;Dem;0;114581;;1;
l;113922707;54994579;GOP;0;4546;X;2;
l;117339795;55348883;;0;406;;2;
l;3020955688595;55136915;;0;603;;2;
l;3021895233171;55455379;;0;23682;X;1;
l;3020885172883;55084691;Una;0;239;;3;
l;117361299;55419539;GOP;0;2646;;2;
l;3021692435091;55190163;;0;1025;;2;
l;3020553047699;55179923;;0;172;;2;
l;3021355607699;54910611;Dem;0;849;;1;
l;113956499;55052947;Dem;0;4067;;1;
l;3020350262931;55134867;;0;12699;;2;
l;3020485947027;55456403;;0;1441;;2;
l;113942163;55028371;GOP;0;3212;;2;
l;3021358401171;55362195;;0;765;;2;
l;117371539;55467667;;0;4186;;2;
l;3020350408339;55116435;NP;1;24042;X;1;
l;3021022883475;55460499;;0;399;;1;
l;3021492579987;55455379;;0;5967;X;1;
l;3021153917587;54941331;Dem;0;7561;;1;
l;3020683844243;54918803;GOP;0;5967;;2;
l;3021019390611;54929043;Lib;0;10;;4;
l;3021422043795;54929043;Lib;0;224;;4;
l;3020619820691;55273107;NP;0;284;;2;
l;3021089927827;55458451;;0;301;;2;
l;3021759645331;55423635;GOP;0;25139;;2;
l;3021154281107;54913683;CST;0;8316;;3;
l;117296787;55179923;;0;116494;;2;
l;3020885172883;54928019;GOP;1;3106;X;2;
l;3020348618387;54952595;Dem;0;4184;;1;
l;3021761016467;55457427;;0;21232;X;1;
l;3020687274643;55458451;;0;3298;;2;
l;114864787;55006867;GOP;0;2693;;2;
l;113943187;55030419;Dem;0;1910;;1;
l;3021153675923;55032467;Dem;0;2371;;1;
l;3021690477203;54921875;Una;0;33;;3;
l;117326483;55287443;GOP;0;1242;;2;
l;3021154281107;54910611;Dem;0;104949;;1;
l;114550419;54912659;GOP;0;360130;X;2;
l;3021156121235;55322259;GOP;0;9795;;2;
l;3020415408787;54921875;Una;0;10;;3;
l;3021154595475;55004819;Dem;1;4649;X;1;
l;3021758260883;54912659;GOP;0;25705;X;2;
l;3021088511635;55317139;Una;0;298;;2;
l;3021891841683;54978195;Dem;0;1595;;1;
l;3021154589331;54943379;Dem;0;4918;;1;
l;117335699;55339667;Dem;0;88717;;1;
l;116812435;55318163;Dem;0;92652;;1;
l;3021153606291;55047827;Una;0;703;;4;
l;113958547;55057043;Dem;0;1841;;1;
l;114903699;55043731;GOP;0;5046;X;2;
l;114855571;54939283;GOP;0;8572;;2;
l;3021355607699;54913683;CST;0;374;;3;
l;3021022809747;55178899;;0;389;X;1;
l;3021289440915;55124627;NP;1;2855;X;1;
l;3021692437139;55191187;;0;4155;;1;
l;3021623369363;54922899;Dem;0;11697;;1;
l;117327507;55289491;GOP;0;1336;;2;
l;3021153665683;54724243;Dem;1;2295;X;1;
l;3020012756627;54925971;Una;0;23;;3;
l;3021086499475;55084691;Una;0;9;;3;
l;3021761013395;55450259;;0;20472;X;1;
l;3020620163731;55453331;;0;524;;2;
l;3020954314387;55312019;NP;0;0;X;1;
l;3021425511059;55370387;GOP;0;4051;;2;
l;3021425469075;55450259;;0;5600;X;1;
l;3020821489299;55451283;;0;885;;2;
l;3021491098259;55154323;;0;7728;;1;
l;3020016184979;55455379;;0;1122;X;1;
l;3020888598163;55450259;;0;2226;X;1;
l;3020216124051;55449235;GOP;0;2231;;2;
l;3020818061971;54706835;Dem;1;856;X;1;
l;3021423984275;55144083;;0;6439;;1;
l;3021690477203;54706835;Dem;1;2867;X;1;
l;3021157034643;55453331;;0;35025;;2;
l;3021354933907;54923923;CST;0;123;;5;
l;115829395;55162515;;0;74439;;1;
l;117325459;55284371;Dem;0;1537;;1;
l;3021625322131;55162515;;0;65654;;1;
l;3021693961875;55417491;CST;0;1016;;3;
l;3021559687827;55454355;;0;5786;X;1;
l;3021893842579;55435923;Dem;0;12678;;1;
l;3021492571795;55179923;;0;2335;;2;
l;113914515;54751891;GOP;1;6552;X;2;
l;3021693970067;55443091;GOP;0;3022;;2;
l;116844179;55061139;CST;0;590;;3;
l;3021425470099;55454355;;0;8971;X;1;
l;3020013430419;54913683;CST;0;156;;3;
l;3020150401683;55454355;;0;19600;X;1;
l;115945107;55401107;GOP;1;73089;;1;
l;3020281271955;55052947;Dem;0;85;;1;
l;3021422040723;54914707;Dem;0;4751;;1;
l;3020282040979;54959763;GOP;1;360;X;2;
l;3020887124627;55163539;;0;1308;;2;
l;117329555;55293587;GOP;0;1543;;2;
l;3021157020307;55158419;;0;138054;;1;
l;3021356950163;55357075;CST;0;1044;;2;
l;3021153662611;54722195;Dem;1;5463;X;1;
l;3021892121235;54951571;GOP;0;5083;X;2;
l;3021891839635;54975123;Dem;0;3429;;1;
l;3021625326227;55189139;;0;63327;;1;
l;3020683846291;55084691;Una;0;433;;3;
l;3020351178387;55247507;Dem;0;16211;;1;
l;3021691327123;54958739;Dem;0;1520;;1;
l;3021220717203;54926995;Dem;0;1547;;1;
l;115488403;55118483;NP;0;5407;;1;
l;3021157035667;55456403;;0;93952;;2;
l;3021157067411;55341715;Dem;0;94364;;1;
l;3020819678867;55125651;NP;0;233;;2;
l;3020484515475;55259795;Dem;1;1121;;1;
l;3020418838163;55456403;;0;1876;;2;
l;3021154634387;55043731;GOP;0;5046;X;2;
l;3021019388563;54918803;GOP;0;325;;2;
l;3021156543123;55320211;GOP;0;118820;;2;
l;3021425456787;55160467;;0;6551;;1;
l;3020418854547;55256723;;0;2792;;2;
l;116811411;55330451;GOP;0;109510;;2;
l;115939987;55249555;GOP;0;52400;;1;
l;3020887125651;55166611;;0;2702;;1;
l;3021154589331;54735507;GOP;1;10479;X;2;
l;3021895234195;55458451;;0;14537;;2;
l;3020888623763;55290515;Dem;0;1174;;1;
l;3021153677971;55037587;CST;0;283;;3;
l;113885843;54937235;CST;0;433;;3;
l;3021289880211;55354003;Dem;0;1641;;1;
l;3020821492371;55457427;;0;1284;X;1;
l;3020351795859;55466643;;0;3171;;1;
l;3020148946579;55238291;Dem;0;1190;;1;
l;3021157017235;55150227;;0;137374;;1;
l;3020752571027;55126675;NP;0;625;;1;
l;3021423991443;55182995;;0;6597;;1;
l;113876627;54925971;Una;0;1374;;3;
l;3020150403731;55458451;;0;8215;;2;
l;113971859;55072403;Dem;0;1960;;1;
l;3020754405011;55289491;GOP;0;1336;;2;
l;3020485964435;55258771;GOP;1;2607;;2;
l;3021489825427;54910611;Dem;0;3577;;1;
l;3021623368339;54921875;Una;0;78;;3;
l;113909395;54908563;Dem;1;1039;;1;
l;113933971;55016083;CST;0;243;;3;
l;3021156125331;55326355;GOP;0;25532;;2;
l;3021691152019;54910611;Dem;0;1805;;1;
l;3020217509523;55450259;;0;2930;X;1;
l;113919635;54757011;GOP;1;0;X;1;
l;115818131;55144083;;0;145844;;1;
l;3021491096211;55143059;;0;2202;;2;
l;3021693970067;55442067;Dem;0;2833;;1;
l;3020348619411;54957715;CST;0;1968;;3;
l;3020351721107;55178899;;0;46882;X;1;
l;3020685462163;55127699;NP;1;4784;X;2;
l;3020885268115;55074451;GOP;1;3294;X;1;
l;3021425453715;55152275;;0;6595;;1;
l;3021425462931;55179923;;0;2084;;2;
l;3020418837139;55454355;;0;3614;X;1;
l;113877651;54928019;GOP;1;381244;X;2;
l;113972883;55074451;GOP;1;6184;X;1;
l;3021624359571;55008915;Dem;0;1564;;1;
l;3020012756627;54922899;Dem;0;348;;1;
l;115814035;55128723;;0;27843;;1;
l;113874579;44676755;Lib;0;4003;;4;
l;115824275;55180947;;0;153310;;1;
l;113922707;54715027;Dem;1;3554;;1;
l;3020553121427;55461523;;0;181;;2;
l;115486355;55111315;NP;0;10611;;2;
l;3020083291795;55451283;;0;4620;;2;
l;3021491258003;55114387;NP;0;2488;;1;
l;3020754374291;55179923;;0;525;;2;
l;3021153686163;55051923;Una;0;2393;;3;
l;3020954241683;55130771;;0;2198;;1;
l;3020482517651;54706835;Dem;1;2030;X;1;
