l;3222685229760;6521536;;0;14373;;1;
l;3222415791808;6448832;Dem;0;0;X;1;
l;3223020777152;6527680;;0;3769;X;2;
l;3223826077376;6515392;;0;3538;;2;
l;116393664;6220480;GOP;0;21840;;2;
l;3221410161344;6521536;;0;3355;;1;
l;3223423432384;6532800;;0;126075;X;1;
l;3223623642816;6300352;Dem;1;1039;;1;
l;3223020779200;6532800;;0;4569;X;1;
l;116532928;6394560;GOP;0;22627;;2;
l;3223490550464;6543040;NP;1;0;X;1;
l;3223020773056;6519488;;0;4200;X;2;
l;3223422262976;6249152;GOP;0;26320;;2;
l;3221879928512;6532800;;0;9361;X;1;
l;116575936;6446784;Dem;1;24239;;1;
l;3223020773056;6520512;;0;1468;;1;
l;3221611486912;6519488;;0;17656;X;2;
l;3223490541248;6531776;;0;2461;;2;
l;3222551017152;6531776;;0;2257;;2;
l;3222685230784;6523584;;0;12425;;1;
l;3223556544192;6312640;Dem;0;31533;;1;
l;116395712;6223552;GOP;0;22647;;2;
l;3221745706688;6524608;;0;1368;X;2;
l;3221544377024;6518464;;0;12141;;1;
l;3223356324544;6533824;NP;1;0;X;1;
l;3221878615744;6125248;GOP;1;7743;X;2;
l;3222415800000;6458048;GOP;0;16401;;2;
l;3223086796480;6337216;GOP;0;23592;;2;
l;3223826077376;6516416;;0;6515;X;1;
l;116467392;6299328;GOP;0;17348;;2;
l;3222081256128;6533824;NP;1;0;X;1;
l;3223422273216;6256320;GOP;1;0;X;2;
l;3222081249984;6522560;;0;781;X;2;
l;3223086653120;6173376;Dem;0;15807;X;1;
l;3222081254080;6529728;;0;590;;2;
l;116344512;6170304;Dem;1;29924;;1;
l;3223490542272;6533824;NP;1;0;X;1;
l;3221476144832;6282944;CST;0;2028;;3;
l;3222081246912;6516416;;0;886;X;1;
l;116567744;6437568;Dem;1;32476;X;1;
l;3222751063744;6162112;GOP;1;4146;X;2;
l;3222014142144;6524608;;0;10441;X;2;
l;3221410163392;6525632;;0;2296;;2;
l;3223289206464;6515392;;0;1226;;2;
l;116467392;6298304;Dem;1;25303;;1;
l;3222886563520;6534848;NP;1;0;X;1;
l;116354752;6179520;GOP;0;12788;;3;
l;3223222101696;6523584;;0;14058;;1;
l;3223557642944;6518464;;0;34770;;1;
l;3222081247936;6517440;;0;637;X;2;
l;3222282583744;6534848;NP;1;0;X;1;
l;3223758973632;6526656;;0;43377;X;1;
l;3223691034304;6494912;NP;0;6648;;1;
l;3221745707712;6525632;;0;500;;2;
l;3222415578816;6010560;Dem;1;36880;X;1;
l;3221610172096;6103744;Dem;1;12457;X;1;
l;3221745709760;6530752;;0;730;;1;
l;3221879094976;6494912;NP;0;3747;;1;
l;3223356320448;6525632;;0;84978;;2;
l;3223423430336;6528704;;0;60570;;1;
l;3223019468480;6132416;Dem;0;2141;;1;
l;3222281265856;6115008;GOP;0;15933;;2;
l;3223356320448;6526656;;0;149482;X;1;
l;116397760;6227648;Dem;0;20775;;1;
l;3222415965888;6494912;NP;0;243991;;1;
l;3221544382144;6527680;;0;15595;X;2;
l;3223020771008;6515392;;0;1296;;2;
l;3222282579648;6528704;;0;13019;;1;
l;3223020772032;6517440;;0;3225;X;2;
l;3223287899840;6124224;GOP;0;1768;X;2;
l;116588224;6460096;GOP;0;14977;;2;
l;3223355007680;6112960;Dem;1;54986;;1;
l;116455104;6282944;CST;0;8746;;3;
l;3221610659520;6468288;NP;1;10092;;3;
l;3223490540224;6529728;;0;7530;;2;
l;3221811701440;6299328;GOP;0;10514;;2;
l;3222148355776;6515392;;0;4812;;2;
l;116364992;6188736;NPD;0;7342;;3;
l;3222483906240;6528704;;0;25509;;1;
l;3222483901120;6517440;;0;49718;X;2;
l;3223489230528;6132416;Dem;0;4223;;1;
l;116555456;6421184;Dem;1;27346;;1;
l;3222885240512;6105792;GOP;0;6559;;2;
l;3223020772032;6518464;;0;2268;;1;
l;3222618124992;6530752;;0;3314;;1;
l;3221544378048;6520512;;0;6883;;1;
l;3222215465664;6517440;;0;11940;X;2;
l;116436672;6264512;Dem;1;15991;X;1;
l;3222886560448;6529728;;0;5492;;2;
l;3223489220288;6103744;Dem;1;4291;X;1;
l;3221477274304;6530752;;0;22402;;1;
l;116479680;6312640;Dem;0;31533;;1;
l;3222818401984;6395584;Dem;1;12894;;1;
l;3223154163392;6494912;NP;0;3966;;1;
l;3222551011008;6519488;;0;10724;X;2;
l;3221343057600;6531776;;0;531;;2;
l;116446912;6273728;GOP;1;14613;;2;
l;3223355133632;6223552;GOP;0;19558;;2;
l;3222416794304;6522560;;0;284672;X;2;
l;3222685234880;6531776;;0;4186;;2;
l;116278976;6141632;Dem;1;168129;X;1;
l;3223691861696;6520512;;0;4723;;1;
l;3221745710784;6532800;;0;1659;X;1;
l;3223757952704;6429376;GOP;0;27433;;2;
l;116516544;6575808;GOP;0;20220;;1;
l;3222081252032;6526656;;0;936;X;1;
l;3221811703488;6300352;Dem;1;12359;;1;
l;116272832;6126272;Dem;0;63495;;1;
l;3223422121664;6133440;GOP;1;90562;X;2;
l;116410048;6240960;Dem;0;19516;;1;
l;3222349686464;6523584;;0;5789;;1;
l;3221343067840;6544064;NP;1;0;X;1;
l;3221475997376;6165184;GOP;0;14535;;3;
l;3223221075648;6422208;GOP;0;9881;;2;
l;3222415597248;6203072;GOP;0;22498;;2;
l;3222349682368;6515392;;0;7523;;2;
l;3221410167488;6533824;NP;1;0;X;1;
l;3222483904192;6524608;;0;54057;X;2;
l;3221341900480;6258368;GOP;0;696;;1;
l;3223557641920;6515392;;0;38979;;2;
l;3223087883968;6523584;;0;98136;;1;
l;3223087894208;6538944;NP;1;0;X;1;
l;3223691868864;6533824;NP;1;0;X;1;
l;3221812816576;6525632;;0;12022;;2;
l;3222349687488;6525632;;0;8420;;2;
l;3221812811456;6515392;;0;9407;;2;
l;3223355213504;6306496;GOP;0;18191;;2;
l;3223691860672;6517440;;0;10710;X;2;
l;116563648;6435520;GOP;0;26367;;2;
l;3221744582336;6283968;GOP;1;0;X;2;
l;3221544381120;6526656;;0;18212;X;1;
l;3223490539200;6527680;;0;9518;X;2;
l;117587648;6534848;NP;1;0;X;1;
l;3223355285184;6407872;GOP;0;13748;;2;
l;3223690546880;6105792;GOP;0;11361;;2;
l;3222214151872;6103744;Dem;1;10521;X;1;
l;3222551008960;6515392;;0;4039;;2;
l;116534976;6395584;Dem;1;27744;;1;
l;3221945870016;6251200;GOP;1;0;X;2;
l;3223893187264;6518464;;0;19770;;1;
l;3222415478464;6105792;GOP;0;202937;;2;
l;3223222105792;6532800;;0;29485;X;1;
l;116430528;6259392;GOP;1;31602;;1;
l;3223087054528;6494912;NP;0;92524;;1;
l;3223557649088;6530752;;0;46658;;1;
l;3222214151872;6105792;GOP;0;9717;;2;
l;3221408845504;6105792;GOP;0;5090;;2;
l;3223893196480;6534848;NP;1;0;X;1;
l;3222080421568;6494912;NP;0;441;;1;
l;116592320;6464192;GOP;0;18812;;2;
l;3222953663168;6518464;;0;3445;;1;
l;3222416797376;6528704;;0;299121;;1;
l;3221812812480;6517440;;0;20249;X;2;
l;3221947036352;6529728;;0;1682;;2;
l;3222549696192;6103744;Dem;1;5756;X;1;
l;116545216;6404800;Dem;1;19328;;1;
l;3223087054528;6468288;NP;1;111137;;3;
l;3221544382144;6528704;;0;9130;;1;
l;3223222098624;6517440;;0;18831;X;2;
l;3221678594752;6518464;;0;60011;;1;
l;3221811986112;6468288;NP;1;14617;;3;
l;3223220789952;6115008;GOP;0;17825;;2;
l;3223624752832;6520512;;0;672;;1;
l;3223690557120;6132416;Dem;0;4522;;1;
l;3222482818752;6342336;GOP;1;13456;;2;
l;3223086819008;6575808;GOP;0;12614;;1;
l;3221879922368;6520512;;0;2637;;1;
l;116526784;6386368;Dem;1;0;X;1;
l;3223356323520;6532800;;0;199114;X;1;
l;3222013017792;6283968;GOP;1;0;X;2;
l;3221812813504;6519488;;0;24812;X;2;
l;3222148362944;6529728;;0;11498;;2;
l;3223222099648;6519488;;0;23630;X;2;
l;3221811504832;6124224;GOP;0;18752;X;2;
l;116573888;6445760;GOP;0;21103;;2;
l;3221611488960;6523584;;0;10953;;1;
l;3223355260608;6384320;GOP;0;3478;;2;
l;116356800;6180544;Dem;0;24897;;1;
l;3223422267072;6252224;GOP;1;0;X;2;
l;3221879923392;6522560;;0;5462;X;2;
l;3222415603392;6209216;GOP;0;16944;;2;
l;3223556599488;6395584;Dem;1;4218;;1;
l;3221878781632;6267584;GOP;1;0;X;2;
l;3222014141120;6521536;;0;6337;;1;
l;116385472;6204096;Dem;0;0;X;1;
l;3222415744704;6392512;Dem;0;19540;;2;
l;3223423441600;6543040;NP;1;0;X;1;
l;3223289209536;6522560;;0;2562;X;2;
l;3222415793856;6450880;NPD;0;5944;;3;
l;3221945872064;6252224;GOP;1;0;X;2;
l;3222415572672;6184640;GOP;0;10837;;2;
l;3223489707712;6468288;NP;1;5910;;3;
l;3223086804672;6351552;Dem;1;22887;X;1;
l;3222081255104;6532800;;0;990;X;1;
l;3223691862720;6522560;;0;11601;X;2;
l;3223557647040;6526656;;0;54432;X;1;
l;116561600;6429376;GOP;0;27433;;2;
l;3222953663168;6517440;;0;5879;X;2;
l;116485824;6324928;GOP;0;20337;;2;
l;3222752338624;6522560;;0;3288;X;2;
l;3222953666240;6524608;;0;6160;X;2;
l;3222885250752;6132416;Dem;0;3380;;1;
l;116514496;6369984;Dem;0;14153;;1;
l;116334272;6168256;GOP;0;15559;;2;
l;3222215468736;6524608;;0;12643;X;2;
l;3223691865792;6527680;;0;11773;X;2;
l;3222349691584;6533824;NP;1;0;X;1;
l;3221475962560;6126272;Dem;0;16722;;1;
l;116571840;6442688;GOP;1;33783;X;2;
l;3223086700224;6227648;Dem;0;16642;;1;
l;3221475954368;6105792;GOP;0;33752;;2;
l;3221611494080;6533824;NP;1;0;X;1;
l;3223758972608;6523584;;0;30425;;1;
l;3222348594880;6332096;Dem;0;10074;;1;
l;116584128;6456000;GOP;0;15490;;2;
l;3221879920320;6516416;;0;8280;X;1;
l;3222415590080;6488768;Dem;1;22342;;1;
l;3222013015744;6281920;GOP;1;8843;X;2;
l;3223086579392;6137536;Dem;1;65324;X;1;
l;116582080;6451904;Dem;1;15616;;1;
l;3223355072192;6168256;GOP;0;15559;;2;
l;3222014143168;6525632;;0;3965;;2;
l;3222752335552;6516416;;0;4026;X;1;
l;3222281426624;6576832;Dem;0;12127;;2;
l;3223356128960;6193856;Dem;0;19555;;2;
l;116463296;6295232;Dem;0;24365;;1;
l;3222551019200;6534848;NP;1;0;X;1;
l;3221477274304;6529728;;0;26690;;2;
l;3223758969536;6517440;;0;38194;X;2;
l;3223623438016;6105792;GOP;0;1107;;2;
l;3223086806720;6355648;GOP;0;18071;;2;
l;3221678603968;6534848;NP;1;0;X;1;
l;3223758976704;6531776;;0;12369;;2;
l;3223287893696;6103744;Dem;1;2103;X;1;
l;3221677469376;6280896;Dem;0;1099;;1;
l;116487872;6329024;GOP;0;23329;;2;
l;3223288381120;6494912;NP;0;1300;;1;
l;3222752337600;6519488;;0;4129;X;2;
l;116303552;6161088;GOP;0;27772;;2;
l;3222081255104;6531776;;0;166;;2;
l;116473536;6304448;GOP;1;0;X;2;
l;3223893187264;6517440;;0;25497;X;2;
l;3222147051200;6126272;Dem;0;5249;;1;
l;3221476441792;6494912;NP;0;17751;;1;
l;116412096;6241984;GOP;1;28978;;2;
l;3222415570624;6180544;Dem;0;19997;;1;
l;3222819450560;6527680;;0;15014;X;2;
l;3222551009984;6517440;;0;8209;X;2;
l;3222819452608;6531776;;0;3319;;2;
l;3223288381120;6468288;NP;1;1744;;3;
l;3223086812864;6364864;GOP;0;8727;;2;
l;3222415802048;6459072;Dem;1;18914;;1;
l;3223557644992;6522560;;0;56770;X;2;
l;3223422598848;6468288;NP;1;64537;;3;
l;3222819445440;6517440;;0;13957;X;2;
l;3222415738560;6385344;Dem;1;0;X;1;
l;3222349685440;6522560;;0;9419;X;2;
l;116451008;6278848;Dem;0;9557;;1;
l;3221811697344;6295232;Dem;0;4241;;1;
l;3223020778176;6530752;;0;2093;;1;
l;3222215466688;6520512;;0;5840;;1;
l;3223355215552;6307520;Dem;1;22450;;1;
l;3222551014080;6526656;;0;10114;X;1;
l;116479680;6316736;GOP;0;20537;;2;
l;3222616813248;6126272;Dem;0;2961;;1;
l;3221879927488;6530752;;0;4695;;1;
l;3222214422208;6396608;GOP;0;1789;;2;
l;3222415756992;6403776;Dem;0;4183;;2;
l;3223355287232;6408896;GOP;1;22680;;2;
l;3222282577600;6524608;;0;19233;X;2;
l;3223691866816;6530752;;0;8232;;1;
l;3221945726656;6132416;Dem;0;1013;;1;
l;3221476144832;6281920;GOP;1;5028;X;2;
l;3222953665216;6521536;;0;3924;;1;
l;116432576;6260416;GOP;1;30368;;2;
l;116518592;6378176;GOP;0;17481;;2;
l;3222616993472;6280896;Dem;0;2911;;1;
l;3223289208512;6519488;;0;2834;X;2;
l;3222349690560;6531776;;0;3013;;2;
l;3221477272256;6525632;;0;13575;;2;
l;3223289214656;6532800;;0;3560;X;1;
l;3223757952704;6432448;Dem;0;24084;;1;
l;3222415648448;6263488;NPD;0;6050;;3;
l;3221812819648;6531776;;0;6049;;2;
l;3223423427264;6521536;;0;61412;;1;
l;3223087884992;6526656;;0;170616;X;1;
l;3223356315328;6516416;;0;153304;X;1;
l;3223691867840;6532800;;0;15180;X;1;
l;3221611491008;6528704;;0;11107;;1;
l;116424384;6255296;GOP;1;0;X;2;
l;3222886557376;6524608;;0;6864;X;2;
l;3223556544192;6316736;GOP;0;20537;;2;
l;3223355258560;6379200;Dem;0;4960;;1;
l;3221677287104;6123200;Dem;0;63827;;1;
l;3221947033280;6523584;;0;1077;;1;
l;116528832;6387392;NPD;0;7154;;3;
l;3223087889088;6533824;NP;1;0;X;1;
l;3223153675968;6105792;GOP;0;3141;;2;
l;3222819451584;6530752;;0;11154;;1;
l;3221812820672;6533824;NP;1;0;X;1;
l;3223490537152;6524608;;0;8484;X;2;
l;3223222104768;6530752;;0;14355;;1;
l;3223757655744;6103744;Dem;1;37883;X;1;
l;3223289210560;6524608;;0;2659;X;2;
l;116483776;6321856;Dem;1;25766;;1;
l;3222886558400;6526656;;0;7808;X;1;
l;3221343049408;6515392;;0;932;;2;
l;3221878783680;6268608;GOP;1;5702;;2;
l;3222282575552;6519488;;0;20808;X;2;
l;3222215469760;6525632;;0;5311;;2;
l;3222551008960;6516416;;0;10523;X;1;
l;3221544384192;6532800;;0;21193;X;1;
l;3223556329152;6105792;GOP;0;42157;;2;
l;116506304;6357696;GOP;0;18501;;2;
l;3222415492800;6141632;Dem;1;168129;X;1;
l;3223355094720;6181568;GOP;0;3692;;2;
l;116549312;6409920;Dem;0;18242;;1;
l;3222014148288;6534848;NP;1;0;X;1;
l;3223423429312;6525632;;0;45860;;2;
l;3223422598848;6494912;NP;0;51839;;1;
l;3222415793856;6449856;Dem;1;30642;X;1;
l;3221678602944;6533824;NP;1;0;X;1;
l;3223086567104;6105792;GOP;0;126514;;2;
l;3222684401344;6494912;NP;0;9133;;1;
l;3222953668288;6527680;;0;5867;X;2;
l;3221343050432;6517440;;0;2155;X;2;
l;3221410161344;6522560;;0;5165;X;2;
l;116504256;6354624;Dem;1;20216;;1;
l;3223220952768;6261440;Dem;0;3019;;1;
l;3222685227712;6517440;;0;16061;X;2;
l;3221677768384;6494912;NP;0;53672;;1;
l;3222014144192;6528704;;0;5156;;1;
l;3222819445440;6518464;;0;10351;;1;
l;3223691863744;6524608;;0;12385;X;2;
l;116305600;6162112;GOP;1;31498;X;2;
l;3221342224064;6468288;NP;1;1871;;3;
l;3223086702272;6228672;GOP;1;15539;;2;
l;3223758974656;6528704;;0;34226;;1;
l;3221544378048;6519488;;0;18416;X;2;
l;3222885281472;6163136;Dem;0;1535;;1;
l;3223893191360;6526656;;0;34378;X;1;
l;3223490536128;6521536;;0;5953;;1;
l;3222415730368;6575808;GOP;0;7606;;1;
l;3221343051456;6519488;;0;2999;X;2;
l;3223355119296;6201024;GOP;0;25766;;2;
l;3223422265024;6251200;GOP;1;0;X;2;
l;3221341900480;6257344;GOP;1;2689;;2;
l;3221544383168;6529728;;0;11883;;2;
l;3221678600896;6529728;;0;65738;;2;
l;116389568;6209216;GOP;0;16944;;2;
l;3223086794432;6334144;GOP;1;29879;;2;
l;116508352;6361792;Dem;0;14822;;1;
l;3222618122944;6525632;;0;2918;;2;
l;3221879924416;6523584;;0;4536;;1;
l;3222415580864;6189760;Dem;1;24860;X;1;
l;116494016;6337216;GOP;0;23592;;2;
l;3223086808768;6356672;Dem;1;19630;;1;
l;3223423431360;6529728;;0;74043;;2;
l;3222685229760;6522560;;0;16144;X;2;
l;3222819444416;6515392;;0;6717;;2;
l;3222148361920;6527680;;0;15016;X;2;
l;67113664;6155968;Dem;1;105384;X;1;
l;3221343052480;6521536;;0;1345;;1;
l;116475584;6305472;Dem;1;23418;;1;
l;3222482667200;6171328;GOP;0;9125;;2;
l;3223893193408;6529728;;0;19590;;2;
l;3223087888064;6532800;;0;216166;X;1;
l;3223623642816;6301376;NPD;0;945;;3;
l;3221343057600;6532800;;0;3037;X;1;
l;3223507178176;6156992;GOP;0;16962;;2;
l;116352704;6176448;GOP;0;14282;;2;
l;3223422262976;6248128;Dem;1;24515;;1;
l;3222618118848;6517440;;0;4396;X;2;
l;3222282580672;6530752;;0;14393;;1;
l;3222818131648;6103744;Dem;1;11998;X;1;
l;3222366327488;6155968;Dem;1;44866;X;1;
l;3223490541248;6532800;;0;10793;X;1;
l;3222886559424;6528704;;0;3523;;1;
l;3221477268160;6517440;;0;31279;X;2;
l;3223423432384;6531776;;0;22826;;2;
l;117595840;6544064;NP;1;0;X;1;
l;3222685233856;6529728;;0;16558;;2;
l;3222415789760;6446784;Dem;1;24239;;1;
l;3222148374208;6544064;NP;1;0;X;1;
l;3223154990784;6520512;;0;4549;;1;
l;3222014146240;6531776;;0;2774;;2;
l;3221343053504;6523584;;0;1160;;1;
l;116586176;6457024;Dem;1;18225;;1;
l;3223556462272;6227648;Dem;0;4133;;1;
l;3221744389824;6105792;GOP;0;1392;;2;
l;3223289215680;6533824;NP;1;0;X;1;
l;116481728;6320832;NPD;0;14067;;3;
l;3222819446464;6520512;;0;7726;;1;
l;3222886558400;6525632;;0;2938;;2;
l;3222551017152;6532800;;0;12473;X;1;
l;3223086796480;6338240;Dem;1;23713;;1;
l;3223893186240;6516416;;0;33460;X;1;
l;3221677475520;6286016;GOP;0;21939;;2;
l;3223287901888;6126272;Dem;0;482;;1;
l;3223422150336;6161088;GOP;0;27772;;2;
l;3223086653120;6174400;GOP;0;9157;;2;
l;3222549749440;6166208;GOP;1;0;X;2;
l;3223423433408;6533824;NP;1;0;X;1;
l;3221543239360;6269632;GOP;0;11067;;3;
l;3223154993856;6525632;;0;5221;;2;
l;3222148355776;6516416;;0;16459;X;1;
l;116567744;6438592;GOP;0;5374;;2;
l;3221677475520;6284992;Dem;1;24944;;1;
l;3222012987072;6256320;GOP;1;0;X;2;
l;116520640;6379200;Dem;0;24956;;1;
l;3221343054528;6525632;;0;842;;2;
l;3222953662144;6515392;;0;3012;;2;
l;3222214420160;6393536;Dem;1;1879;;1;
l;3221678610112;6540992;NP;0;0;X;1;
l;3222953672384;6534848;NP;1;0;X;1;
l;116264640;6103744;Dem;1;1091669;X;1;
l;3222415650496;6264512;Dem;1;15991;X;1;
l;3223624751808;6518464;;0;749;;1;
l;3222683913920;6105792;GOP;0;20111;;2;
l;3222081257152;6534848;NP;1;0;X;1;
l;3223892360896;6494912;NP;0;15623;;1;
l;3222616991424;6277824;GOP;1;4968;X;2;
l;3221543063232;6103744;Dem;1;9155;X;1;
l;3223624761024;6534848;NP;1;0;X;1;
l;3222482808512;6323904;Dem;1;27131;;1;
l;3221811986112;6494912;NP;0;13363;;1;
l;3223154994880;6527680;;0;3627;X;2;
l;3221611485888;6518464;;0;12094;;1;
l;3223222101696;6524608;;0;20811;X;2;
l;3222818619072;6468288;NP;1;10230;;3;
l;3221343055552;6527680;;0;2558;X;2;
l;3222886554304;6518464;;0;4341;;1;
l;3221678598848;6525632;;0;50592;;2;
l;3221543550656;6468288;NP;1;11282;;3;
l;3221811701440;6298304;Dem;1;14503;;1;
l;3223423430336;6527680;;0;87667;X;2;
l;116469440;6300352;Dem;1;22285;;1;
l;3223154993856;6526656;;0;3818;X;1;
l;3223826083520;6528704;;0;4809;;1;
l;116498112;6345408;GOP;0;23996;;2;
l;3223757660864;6112960;Dem;1;38415;;1;
l;3222618124992;6529728;;0;3922;;2;
l;3221611486912;6520512;;0;9355;;1;
l;3222081246912;6515392;;0;258;;2;
l;3222415623872;6240960;Dem;0;19516;;1;
l;3223423428288;6524608;;0;103905;X;2;
l;116522688;6383296;Dem;1;26350;;1;
l;3221343056576;6529728;;0;1659;;2;
l;3222886555328;6520512;;0;3177;;1;
l;3222818401984;6396608;GOP;0;10988;;2;
l;3223892051648;6270656;GOP;1;0;X;2;
l;3222952349376;6103744;Dem;1;5120;X;1;
l;3223153681088;6112960;Dem;1;5936;;1;
l;3222415763136;6408896;GOP;1;93;;2;
l;3222081247936;6518464;;0;499;;1;
l;3221745709760;6529728;;0;1118;;2;
l;3222415779520;6436544;Dem;1;0;X;1;
l;3222147217088;6267584;GOP;1;0;X;2;
l;3222215467712;6522560;;0;11697;X;2;
l;3222685234880;6532800;;0;26122;X;1;
l;3222818229952;6186688;Dem;1;13621;X;1;
l;116399808;6228672;GOP;1;18801;;2;
l;3222483902144;6519488;;0;59137;X;2;
l;67113664;6156992;GOP;0;89061;;2;
l;3221610184384;6139584;GOP;0;14585;;2;
l;3223624751808;6517440;;0;1156;X;2;
l;116457152;6283968;GOP;1;0;X;2;
l;116367040;6189760;Dem;1;24860;X;1;
l;3223826080448;6522560;;0;6631;X;2;
l;116590272;6461120;Dem;1;23032;;1;
l;3221879929536;6533824;NP;1;0;X;1;
l;3223758970560;6520512;;0;29145;;1;
l;3223086579392;6139584;GOP;0;40953;;2;
l;3221343058624;6533824;NP;1;0;X;1;
l;3222549704384;6125248;GOP;1;9295;X;2;
l;3223489230528;6133440;GOP;1;9143;X;2;
l;3222618120896;6522560;;0;4923;X;2;
l;3221477275328;6531776;;0;7937;;2;
l;3222214377152;6331072;GOP;0;3873;;2;
l;116397760;6226624;GOP;1;29874;;2;
l;3222819449536;6525632;;0;7302;;2;
l;3222014138048;6515392;;0;4680;;2;
l;3222551013056;6524608;;0;9616;X;2;
l;116278976;6142656;NPD;0;35665;;2;
l;3222080095936;6256320;GOP;1;0;X;2;
l;3222415750848;6398656;Dem;1;0;X;1;
l;3221544381120;6525632;;0;7060;;2;
l;116401856;6232768;Dem;0;16654;;1;
l;3223891873472;6105792;GOP;0;29525;;2;
l;3223556536000;6303424;Dem;0;10515;;1;
l;3221410168512;6534848;NP;1;0;X;1;
l;3222415607488;6220480;GOP;0;2911;;2;
l;3223153681088;6115008;GOP;0;3055;;2;
l;3222348369600;6105792;GOP;0;6260;;2;
l;3223019945664;6494912;NP;0;1837;;1;
l;3222349689536;6530752;;0;8761;;1;
l;3223422275264;6258368;GOP;0;2572;;1;
l;3222147043008;6105792;GOP;0;15384;;2;
l;3223691869888;6534848;NP;1;0;X;1;
l;3222281748160;6494912;NP;0;12141;;1;
l;3222551015104;6527680;;0;8977;X;2;
l;3222751176384;6251200;GOP;1;0;X;2;
l;3222483900096;6515392;;0;30058;;2;
l;3223892061888;6279872;GOP;1;7511;X;2;
l;3221343055552;6528704;;0;1159;;1;
l;116545216;6405824;GOP;0;14085;;2;
l;3223019945664;6468288;NP;1;2300;;3;
l;3221341746880;6132416;Dem;0;434;;1;
l;3223222098624;6518464;;0;15085;;1;
l;3222415599296;6204096;Dem;0;0;X;1;
l;116440768;6269632;GOP;0;17957;;3;
l;116477632;6309568;GOP;0;18958;;2;
l;3223624757952;6530752;;0;830;;1;
l;3221544376000;6516416;;0;18419;X;1;
l;3222281748160;6468288;NP;1;12665;;3;
l;3222214354624;6299328;GOP;0;2478;;2;
l;3223489261248;6163136;Dem;0;3157;;1;
l;3223556546240;6320832;NPD;0;14067;;3;
l;3223289207488;6518464;;0;1802;;1;
l;3223556335296;6124224;GOP;0;23771;X;2;
l;3221812818624;6530752;;0;16322;;1;
l;3221677477568;6289088;Dem;0;21590;;1;
l;3222482587328;6103744;Dem;1;45286;X;1;
l;3223758971584;6521536;;0;34556;;1;
l;3223305849536;6118080;Dem;1;66905;X;1;
l;3223289222848;6540992;NP;0;0;X;1;
l;3221745703616;6518464;;0;868;;1;
l;3222416798400;6530752;;0;289602;;1;
l;3223757944512;6420160;Dem;0;12261;;1;
l;3223289213632;6530752;;0;1848;;1;
l;3222014140096;6519488;;0;12622;X;2;
l;3222012989120;6257344;GOP;1;1795;;2;
l;3223422121664;6132416;Dem;0;58502;;1;
l;3221476114112;6255296;GOP;1;0;X;2;
l;3223287899840;6123200;Dem;0;1468;;1;
l;3222415566528;6005440;Dem;1;15261;;1;
l;116403904;6236864;GOP;0;10693;;2;
l;3221947031232;6520512;;0;973;;1;
l;3222348592832;6326976;Dem;1;11012;;1;
l;3222886561472;6532800;;0;8413;X;1;
l;3223489375936;6252224;GOP;1;0;X;2;
l;3222014141120;6522560;;0;9724;X;2;
l;3223020788416;6543040;NP;1;0;X;1;
l;3222214250176;6187712;GOP;0;1414;;2;
l;3222147096256;6166208;GOP;1;0;X;2;
l;3222483908288;6532800;;0;74434;X;1;
l;3223892061888;6280896;Dem;0;3971;;1;
l;3223086804672;6352576;GOP;0;13562;;2;
l;3222148363968;6532800;;0;18113;X;1;
l;3223691862720;6521536;;0;6943;;1;
l;3222215471808;6530752;;0;8835;;1;
l;3223422248640;6232768;Dem;0;16654;;1;
l;3223356318400;6521536;;0;116148;;1;
l;3221544386240;6534848;NP;1;0;X;1;
l;3223289209536;6521536;;0;1901;;1;
l;3223154992832;6524608;;0;6046;X;2;
l;3223355168448;6259392;GOP;1;8095;;1;
l;116500160;6346432;Dem;0;15722;;1;
l;3222482820800;6345408;GOP;0;10383;;2;
l;3222215468736;6523584;;0;7740;;1;
l;3221341746880;6133440;GOP;1;1599;X;2;
l;3221677606592;6461120;Dem;1;23032;;1;
l;3222415578816;6188736;NPD;0;7342;;3;
l;3223624755904;6526656;;0;1316;X;1;
l;3222819453632;6533824;NP;1;0;X;1;
l;3221341744832;6125248;GOP;1;1300;X;2;
l;3223020775104;6524608;;0;3562;X;2;
l;3222551011008;6520512;;0;4301;;1;
l;3222415625920;6241984;GOP;1;28978;;2;
l;116377280;6195904;Dem;0;20534;;1;
l;3221544385216;6533824;NP;1;0;X;1;
l;3223691863744;6523584;;0;6117;;1;
l;3223892053696;6271680;GOP;1;4763;X;2;
l;3222348594880;6331072;GOP;0;6380;;2;
l;117577408;6515392;;0;738324;;2;
l;3223893192384;6527680;;0;29980;X;2;
l;3222415590080;6489792;GOP;0;23437;;2;
l;3222013015744;6282944;CST;0;3785;;3;
l;3221611484864;6515392;;0;8145;;2;
l;3222416796352;6526656;;0;266978;X;1;
l;3222752338624;6521536;;0;2069;;1;
l;3221610397376;6331072;GOP;0;13976;;2;
l;3221409007296;6256320;GOP;1;0;X;2;
l;3222147219136;6268608;GOP;1;857;;2;
l;3223086821056;6378176;GOP;0;12383;;2;
l;3222819444416;6516416;;0;17597;X;1;
l;3222482855616;6394560;GOP;0;5928;;2;
l;3222415795904;6451904;Dem;1;15616;;1;
l;3221947029184;6516416;;0;2410;X;1;
l;3222415781568;6438592;GOP;0;5374;;2;
l;3221812817600;6528704;;0;13791;;1;
l;3223422111424;6103744;Dem;1;64939;X;1;
l;3221745712832;6534848;NP;1;0;X;1;
l;3223422250688;6236864;GOP;0;10693;;2;
l;3223355131584;6219456;Dem;0;20967;;1;
l;3223355002560;6105792;GOP;0;112193;;2;
l;116563648;6434496;Dem;1;25652;;1;
l;117578432;6517440;;0;1204156;X;2;
l;3222416792256;6518464;;0;199218;;1;
l;3221811498688;6105792;GOP;0;19179;;2;
l;3221410165440;6529728;;0;3943;;2;
l;3223691859648;6516416;;0;12962;X;1;
l;3221409332928;6494912;NP;0;3185;;1;
l;3222751033024;6133440;GOP;1;3798;X;2;
l;116752064;6468288;NP;1;839625;;3;
l;3223758976704;6532800;;0;59355;X;1;
l;3223221272256;6468288;NP;1;13946;;3;
l;3222416802496;6535872;NP;1;0;X;1;
l;3222415773376;6428352;GOP;0;18394;;2;
l;3222953664192;6519488;;0;6486;X;2;
l;3222215472832;6532800;;0;16691;X;1;
l;3222616813248;6125248;GOP;1;4993;X;2;
l;3223826078400;6517440;;0;5883;X;2;
l;3223892360896;6468288;NP;1;23261;;3;
l;3221812827840;6540992;NP;0;0;X;1;
l;3222215465664;6518464;;0;8043;;1;
l;3221945757376;6162112;GOP;1;2315;X;2;
l;117579456;6519488;;0;1382710;X;2;
l;3222819452608;6532800;;0;21264;X;1;
l;3222433434304;6118080;Dem;1;25618;X;1;
l;3223624753856;6522560;;0;1297;X;2;
l;3223020778176;6529728;;0;3100;;2;
l;3221811504832;6123200;Dem;0;17256;;1;
l;3221678599872;6527680;;0;80897;X;2;
l;3223624752832;6519488;;0;1330;X;2;
l;117391040;6570688;GOP;0;13161;;1;
l;3223355287232;6409920;Dem;0;15184;;1;
l;3223758975680;6530752;;0;30297;;1;
l;3222349685440;6521536;;0;7612;;1;
l;3222953665216;6522560;;0;5756;X;2;
l;117580480;6521536;;0;996957;;1;
l;3222214377152;6332096;Dem;0;4005;;1;
l;3221611487936;6521536;;0;13715;;1;
l;3221744400064;6132416;Dem;0;403;;1;
l;3223154996928;6531776;;0;1335;;2;
l;3223289214656;6531776;;0;853;;2;
l;3221947037376;6532800;;0;2358;X;1;
l;116575936;6447808;GOP;0;18252;;2;
l;3222415601344;6205120;Dem;1;16340;;1;
l;116442816;6270656;GOP;1;0;X;2;
l;3223691867840;6531776;;0;3192;;2;
l;3221477272256;6526656;;0;39166;X;1;
l;3222886557376;6523584;;0;3735;;1;
l;117581504;6523584;;0;753096;;1;
l;3222549876416;6271680;GOP;1;10415;X;2;
l;3222482820800;6344384;Dem;1;11800;;1;
l;3221544380096;6524608;;0;15179;X;2;
l;3222953667264;6525632;;0;2864;;2;
l;3222415740608;6386368;Dem;1;0;X;1;
l;116453056;6279872;GOP;1;16852;X;2;
l;3223423428288;6523584;;0;46262;;1;
l;3223020780224;6533824;NP;1;0;X;1;
l;3221878615744;6126272;Dem;0;3135;;1;
l;3221745708736;6527680;;0;1351;X;2;
l;3222952355520;6124224;GOP;0;4327;X;2;
l;3222282582720;6533824;NP;1;0;X;1;
l;3223624754880;6523584;;0;621;;1;
l;116405952;6237888;GOP;1;0;X;2;
l;116321984;6167232;GOP;1;0;X;2;
l;3223289212608;6527680;;0;2575;X;2;
l;116344512;6171328;GOP;0;20995;;2;
l;3222885416640;6269632;GOP;0;1750;;3;
l;3222953667264;6526656;;0;6841;X;1;
l;3221343049408;6516416;;0;2733;X;1;
l;3223220784832;6103744;Dem;1;16729;X;1;
l;117582528;6525632;;0;818452;;2;
l;3222148360896;6525632;;0;4912;;2;
l;3223154988736;6516416;;0;4402;X;1;
l;3221812812480;6518464;;0;14744;;1;
l;3222482855616;6393536;Dem;1;5385;;1;
l;3223087887040;6529728;;0;117149;;2;
l;3223690546880;6103744;Dem;1;7205;X;1;
l;3222685236928;6534848;NP;1;0;X;1;
l;116491968;6334144;GOP;1;29879;;2;
l;3222684120768;6302400;GOP;1;21012;X;2;
l;3221812821696;6534848;NP;1;0;X;1;
l;3223826082496;6526656;;0;6258;X;1;
l;3223623925440;6494912;NP;0;635;;1;
l;3222215466688;6519488;;0;14767;X;2;
l;3222885240512;6103744;Dem;1;4071;X;1;
l;3221544384192;6531776;;0;3646;;2;
l;3222617292480;6494912;NP;0;2470;;1;
l;3222215472832;6531776;;0;2752;;2;
l;3222953668288;6528704;;0;3560;;1;
l;3221343050432;6518464;;0;1555;;1;
l;3223355170496;6260416;GOP;1;7957;;2;
l;117583552;6527680;;0;1131268;X;2;
l;3222550183616;6468288;NP;1;6091;;3;
l;3223623640768;6298304;Dem;1;1202;;1;
l;3222081253056;6528704;;0;371;;1;
l;3222618118848;6518464;;0;3210;;1;
l;3222415570624;6181568;GOP;0;13142;;2;
l;3223423426240;6519488;;0;105085;X;2;
l;116426432;6256320;GOP;1;0;X;2;
l;3223086702272;6229696;GOP;0;23020;;3;
l;3223423434432;6534848;NP;1;0;X;1;
l;116379328;6196928;Dem;1;0;X;1;
l;3221477270208;6522560;;0;29321;X;2;
l;3223557648064;6528704;;0;46323;;1;
l;3222415566528;6176448;GOP;0;14282;;2;
l;117593792;6540992;NP;0;0;X;1;
l;3223758972608;6524608;;0;42353;X;2;
l;116541120;6401728;Dem;1;0;X;1;
l;3222886556352;6522560;;0;6157;X;2;
l;3223153964736;6420160;Dem;0;5680;;1;
l;3221476146880;6283968;GOP;1;0;X;2;
l;3221343051456;6520512;;0;815;;1;
l;116436672;6265536;GOP;0;7185;;2;
l;117584576;6529728;;0;933529;;2;
l;3221677479616;6295232;Dem;0;20124;;1;
l;3221544383168;6530752;;0;10986;;1;
l;3222683920064;6123200;Dem;0;9926;;1;
l;3223624767168;6540992;NP;0;0;X;1;
l;3223086794432;6335168;Dem;0;17027;;1;
l;116418240;6251200;GOP;1;0;X;2;
l;3223758973632;6525632;;0;29811;;2;
l;3222415580864;6190784;NPD;0;3448;;3;
l;3222752339648;6523584;;0;1707;;1;
l;116494016;6338240;Dem;1;23713;;1;
l;3223556427456;6187712;GOP;0;1923;;2;
l;117594816;6543040;NP;1;0;X;1;
l;3222751022784;6103744;Dem;1;1661;X;1;
l;3222551012032;6521536;;0;6779;;1;
l;3221745704640;6519488;;0;1550;X;2;
l;3221947034304;6526656;;0;2423;X;1;
l;3221343052480;6522560;;0;2462;X;2;
l;117585600;6531776;;0;311626;;2;
l;3221611493056;6531776;;0;3567;;2;
l;3223757768384;6194880;GOP;0;31089;;2;
l;3223690739392;6283968;GOP;1;0;X;2;
l;3221410165440;6530752;;0;3852;;1;
l;3223758143168;6494912;NP;0;28704;;1;
l;3222752335552;6515392;;0;1102;;2;
l;3222148361920;6528704;;0;6387;;1;
l;116381376;6201024;GOP;0;25766;;2;
l;3223355258560;6380224;GOP;0;3612;;2;
l;3223624758976;6531776;;0;351;;2;
l;3223826084544;6529728;;0;5112;;2;
l;3223086800576;6345408;GOP;0;13613;;2;
l;3222281260736;6103744;Dem;1;15556;X;1;
l;3222819448512;6523584;;0;10336;;1;
l;3222081265344;6544064;NP;1;0;X;1;
l;3223087880896;6517440;;0;141995;X;2;
l;3221343053504;6524608;;0;2645;X;2;
l;3222081254080;6530752;;0;457;;1;
l;3223490533056;6516416;;0;10454;X;1;
l;3223556462272;6226624;GOP;1;5141;;2;
l;3222282575552;6520512;;0;10936;;1;
l;3223222106816;6533824;NP;1;0;X;1;
l;3223557650112;6532800;;0;81002;X;1;
l;3221477268160;6518464;;0;19978;;1;
l;3223423424192;6516416;;0;105176;X;1;
l;3223222103744;6527680;;0;20127;X;2;
l;3223824926400;6256320;GOP;1;0;X;2;
l;3223222099648;6520512;;0;11518;;1;
l;116496064;6342336;GOP;1;30502;;2;
l;3223355289280;6410944;GOP;1;0;X;2;
l;3221947037376;6531776;;0;647;;2;
l;3222415625920;6243008;Dem;0;20523;;1;
l;3223355072192;6003392;Dem;1;26740;X;1;
l;3223893195456;6533824;NP;1;0;X;1;
l;3223087882944;6522560;;0;129393;X;2;
l;3221543239360;6268608;GOP;1;12080;;2;
l;3222551014080;6525632;;0;4887;;2;
l;3222282573504;6515392;;0;10292;;2;
l;3223154996928;6532800;;0;5260;X;1;
l;117590720;6537920;NP;1;0;X;1;
l;3223624750784;6515392;;0;579;;2;
l;3222415732416;6378176;GOP;0;5098;;2;
l;3222886553280;6515392;;0;2645;;2;
l;3223289216704;6534848;NP;1;0;X;1;
l;3222482808512;6324928;GOP;0;20337;;2;
l;116534976;6396608;GOP;0;24065;;2;
l;3223490534080;6517440;;0;7194;X;2;
l;3222616805056;6105792;GOP;0;4634;;2;
l;3222148366016;6534848;NP;1;0;X;1;
l;116577984;6448832;Dem;0;0;X;1;
l;3223825252032;6494912;NP;0;3730;;1;
l;3223556597440;6394560;GOP;0;2833;;2;
l;3222752341696;6527680;;0;3571;X;2;
l;3221341736640;6105792;GOP;0;2724;;2;
l;3221947032256;6522560;;0;1918;X;2;
l;3222013312704;6494912;NP;0;4924;;1;
l;3223356321472;6527680;;0;128282;X;2;
l;3222415574720;6185664;Dem;0;0;X;1;
l;3222281265856;6112960;Dem;1;15580;;1;
l;3222751510208;6468288;NP;1;2419;;3;
l;3222079944384;6133440;GOP;1;904;X;2;
l;3222886554304;6517440;;0;6007;X;2;
l;116317888;6166208;GOP;1;0;X;2;
l;3222415742656;6387392;NPD;0;7154;;3;
l;3223490539200;6528704;;0;3750;;1;
l;3222013312704;6468288;NP;1;8404;;3;
l;3221611488960;6524608;;0;15835;X;2;
l;3222079944384;6132416;Dem;0;268;;1;
l;3223490535104;6519488;;0;10085;X;2;
l;116469440;6301376;NPD;0;20280;;3;
l;3223824774848;6133440;GOP;1;6479;X;2;
l;3221947030208;6518464;;0;1322;;1;
l;3223019468480;6133440;GOP;1;3460;X;2;
l;3222012825280;6103744;Dem;1;5598;X;1;
l;3221611489984;6525632;;0;8990;;2;
l;3223757944512;6416064;GOP;0;7787;;2;
l;3222483907264;6530752;;0;41273;;1;
l;3221678595776;6520512;;0;49148;;1;
l;116569792;6439616;Dem;1;27289;;1;
l;3223624756928;6527680;;0;1246;X;2;
l;3221343056576;6530752;;0;1651;;1;
l;3222953664192;6520512;;0;3196;;1;
l;116356800;6181568;GOP;0;16834;;2;
l;3222415763136;6409920;Dem;0;94;;1;
l;3222215464640;6516416;;0;14298;X;1;
l;3222685232832;6527680;;0;21170;X;2;
l;3223355133632;6225600;Dem;0;20056;;1;
l;3222282576576;6522560;;0;15640;X;2;
l;116276928;6139584;GOP;0;99399;;2;
l;3222752343744;6532800;;0;4464;X;1;
l;3223019458240;6105792;GOP;0;3480;;2;
l;116282048;6152896;Dem;0;116842;;1;
l;116399808;6229696;GOP;0;28494;;3;
l;3221677467328;6278848;Dem;0;1107;;1;
l;116305600;6163136;Dem;0;10511;;1;
l;3223019613888;6252224;GOP;1;0;X;2;
l;3223222102720;6525632;;0;12473;;2;
l;3222952554176;6300352;Dem;1;5341;;1;
l;3221745708736;6528704;;0;637;;1;
l;116367040;6190784;NPD;0;3448;;3;
l;3223086584512;6146752;GOP;1;35414;X;2;
l;3223220789952;6112960;Dem;1;17096;;1;
l;3222618119872;6520512;;0;2736;;1;
l;3222483904192;6523584;;0;34959;;1;
l;3221410166464;6532800;;0;6797;X;1;
l;3223557642944;6517440;;0;59278;X;2;
l;3222551018176;6533824;NP;1;0;X;1;
l;116571840;6443712;Dem;0;18059;;1;
l;3223891873472;6103744;Dem;1;16597;X;1;
l;3223288082112;6280896;Dem;0;1797;;1;
l;116358848;6184640;GOP;0;10837;;2;
l;3222549704384;6126272;Dem;0;5423;;1;
l;3223893189312;6522560;;0;25738;X;2;
l;3223087888064;6531776;;0;34342;;2;
l;116420288;6252224;GOP;1;0;X;2;
l;3223893188288;6519488;;0;36077;X;2;
l;3223086657216;6018752;GOP;1;17788;X;2;
l;116446912;6274752;GOP;0;13243;;3;
l;3222415781568;6437568;Dem;1;32476;X;1;
l;3222819449536;6526656;;0;17618;X;1;
l;3222014138048;6516416;;0;11205;X;1;
l;3222618120896;6521536;;0;3052;;1;
l;3223355168448;6576832;Dem;0;5165;;2;
l;3223824764608;6105792;GOP;0;5888;;2;
l;3223556536000;6302400;GOP;1;13961;X;2;
l;3221477277376;6534848;NP;1;0;X;1;
l;3223758969536;6518464;;0;32439;;1;
l;3222549696192;6105792;GOP;0;9156;;2;
l;3222148359872;6523584;;0;7529;;1;
l;116269760;6115008;GOP;0;128278;;2;
l;3223221272256;6494912;NP;0;13507;;1;
l;3223556597440;6393536;Dem;1;4006;;1;
l;3222079934144;6105792;GOP;0;822;;2;
l;3223758978752;6534848;NP;1;0;X;1;
l;3222214639296;6494912;NP;0;8107;;1;
l;116412096;6243008;Dem;0;20523;;1;
l;3223086802624;6346432;Dem;0;15722;;1;
l;116459200;6284992;Dem;1;24944;;1;
l;3222483906240;6527680;;0;33132;X;2;
l;3222282574528;6518464;;0;13504;;1;
l;3222952836800;6468288;NP;1;3383;;3;
l;3222282578624;6526656;;0;19906;X;1;
l;3222415802048;6460096;GOP;0;14977;;2;
l;3221678599872;6528704;;0;60616;;1;
l;3222415483584;6115008;GOP;0;86;;2;
l;3223556464320;6229696;GOP;0;5474;;3;
l;3222214639296;6468288;NP;1;8219;;3;
l;3222214354624;6298304;Dem;1;3814;;1;
l;3223422152384;6163136;Dem;0;2291;;1;
l;3222415752896;6399680;Dem;1;35558;X;1;
l;3223691861696;6519488;;0;13941;X;2;
l;3223222097600;6515392;;0;11147;;2;
l;3221477273280;6527680;;0;35313;X;2;
l;3222683920064;6124224;GOP;0;20117;X;2;
l;3222214164160;6137536;Dem;1;11139;X;1;
l;3222349689536;6529728;;0;6678;;2;
l;3223423431360;6530752;;0;65409;;1;
l;3221611484864;6516416;;0;18481;X;1;
l;3221945716416;6103744;Dem;1;1125;X;1;
l;3223289213632;6529728;;0;2146;;2;
l;3221947031232;6519488;;0;2220;X;2;
l;3222616991424;6278848;Dem;0;2832;;1;
l;3222818143936;6137536;Dem;1;13262;X;1;
l;3222012989120;6258368;GOP;0;391;;1;
l;116360896;6185664;Dem;0;0;X;1;
l;3223289207488;6517440;;0;2422;X;2;
l;3222415734464;6379200;Dem;0;19996;;1;
l;116354752;6018752;GOP;1;25929;X;2;
l;3222415478464;6103744;Dem;1;358641;X;1;
l;3222214422208;6395584;Dem;1;1897;;1;
l;117589696;6536896;NP;1;0;X;1;
l;3221611485888;6517440;;0;13975;X;2;
l;3223356322496;6529728;;0;107092;;2;
l;3222415609536;6225600;Dem;0;3229;;1;
l;3223154991808;6521536;;0;3764;;1;
l;3222684122816;6304448;GOP;1;0;X;2;
l;116432576;6261440;Dem;0;21607;;1;
l;3221879923392;6521536;;0;5556;;1;
l;3222415744704;6390464;Dem;0;14912;;1;
l;116414144;6247104;GOP;1;0;X;2;
l;116461248;6289088;Dem;0;21590;;1;
l;3222348381888;6139584;GOP;0;5907;;2;
l;3222482685632;6187712;GOP;0;6477;;2;
l;3222886561472;6531776;;0;2117;;2;
l;116547264;6406848;Dem;1;19539;;1;
l;3222886553280;6516416;;0;7836;X;1;
l;3222282581696;6531776;;0;4519;;2;
l;3223624753856;6521536;;0;728;;1;
l;3223154992832;6523584;;0;2904;;1;
l;116510400;6364864;GOP;0;8727;;2;
l;116389568;6208192;Dem;1;17954;;1;
l;3223287951040;6167232;GOP;1;0;X;2;
l;3221812815552;6524608;;0;25677;X;2;
l;3222415787712;6445760;GOP;0;21103;;2;
l;3221678596800;6521536;;0;63459;;1;
l;116528832;6388416;Dem;1;29135;X;1;
l;3221475997376;6164160;GOP;1;26192;X;2;
l;3223757946560;6421184;Dem;1;12138;;1;
l;3222752344768;6533824;NP;1;0;X;1;
l;3223154991808;6522560;;0;5250;X;2;
l;3222415736512;6383296;Dem;1;21299;;1;
l;3223826081472;6524608;;0;7266;X;2;
l;3221477271232;6523584;;0;20205;;1;
l;3223892053696;6272704;NPD;0;572;;3;
l;3222483910336;6534848;NP;1;0;X;1;
l;117577408;6516416;;0;1351029;X;1;
l;3223356318400;6522560;;0;118765;X;2;
l;3223423429312;6526656;;0;104965;X;1;
l;3221544376000;6515392;;0;6287;;2;
l;3223087883968;6524608;;0;155226;X;2;
l;3221878783680;6269632;GOP;0;4530;;3;
l;3221812816576;6526656;;0;24485;X;1;
l;3222349682368;6516416;;0;9214;X;1;
l;3222014140096;6520512;;0;3418;;1;
l;116463296;6293184;GOP;0;36738;;2;
l;3222416801472;6534848;NP;1;0;X;1;
l;3223826083520;6527680;;0;5311;X;2;
l;3221677280960;6105792;GOP;0;78238;;2;
l;3222752340672;6526656;;0;4341;X;1;
l;116307648;6164160;GOP;1;26192;X;2;
l;3223624755904;6525632;;0;699;;2;
l;3222685228736;6519488;;0;24098;X;2;
l;3223355131584;6220480;GOP;0;18929;;2;
l;3223757660864;6115008;GOP;0;34456;;2;
l;3223287893696;6105792;GOP;0;2404;;2;
l;116487872;6326976;Dem;1;29861;;1;
l;3223356128960;6570688;GOP;0;13161;;1;
l;3222348857024;6494912;NP;0;8113;;1;
l;3222012825280;6105792;GOP;0;10422;;2;
l;3221947029184;6515392;;0;726;;2;
l;3221610659520;6494912;NP;0;11112;;1;
l;3221812817600;6527680;;0;22116;X;2;
l;3221879926464;6527680;;0;7283;X;2;
l;3222416792256;6517440;;0;331396;X;2;
l;116350656;6173376;Dem;0;15807;X;1;
l;116530880;6392512;Dem;0;19540;;2;
l;3222818229952;6187712;GOP;0;10000;;2;
l;116555456;6422208;GOP;0;20788;;2;
l;3223154163392;6468288;NP;1;2969;;3;
l;3223422260928;6247104;GOP;1;0;X;2;
l;3221475954368;6103744;Dem;1;18617;X;1;
l;116573888;6444736;Dem;1;21478;;1;
l;3223355007680;6115008;GOP;0;56923;;2;
l;3223758970560;6519488;;0;43895;X;2;
l;3221947036352;6530752;;0;1202;;1;
l;3223758968512;6516416;;0;43959;X;1;
l;3223623444160;6123200;Dem;0;907;;1;
l;3222415728320;6369984;Dem;0;14153;;1;
l;3223826085568;6532800;;0;8243;X;1;
l;117579456;6520512;;0;745120;;1;
l;3223153964736;6416064;GOP;0;3091;;2;
l;3223154990784;6519488;;0;4506;X;2;
l;3223355119296;6197952;Dem;1;26472;;1;
l;3222886555328;6519488;;0;7534;X;2;
l;3221811697344;6293184;GOP;0;6381;;2;
l;3222886560448;6530752;;0;4300;;1;
l;3222349684416;6520512;;0;8034;;1;
l;3223355215552;6309568;GOP;0;18958;;2;
l;117586624;6533824;NP;1;0;X;1;
l;3221410160320;6520512;;0;2652;;1;
l;3222349690560;6532800;;0;13640;X;1;
l;3222081249984;6521536;;0;397;;1;
l;3223624757952;6529728;;0;950;;2;
l;3221677469376;6279872;GOP;1;2101;X;2;
l;116489920;6331072;GOP;0;24229;;2;
l;117580480;6522560;;0;1133716;X;2;
l;116518592;6376128;Dem;1;23989;;1;
l;3221544379072;6521536;;0;12453;;1;
l;116475584;6306496;GOP;0;18191;;2;
l;3222482667200;6170304;Dem;1;13324;;1;
l;3223355283136;6404800;Dem;1;19328;;1;
l;3222953670336;6531776;;0;1464;;2;
l;3222282576576;6521536;;0;15982;;1;
l;3222014146240;6532800;;0;13102;X;1;
l;3221410164416;6527680;;0;4962;X;2;
l;3222366327488;6156992;GOP;0;30822;;2;
l;3222214356672;6301376;NPD;0;2828;;3;
l;3223356328640;6537920;NP;1;0;X;1;
l;3223893194432;6531776;;0;5921;;2;
l;3222482806464;6322880;GOP;0;21992;;2;
l;3222818143936;6139584;GOP;0;11259;;2;
l;3222885281472;6162112;GOP;1;4783;X;2;
l;3222415789760;6447808;GOP;0;18252;;2;
l;3221812815552;6523584;;0;10854;;1;
l;116395712;6225600;Dem;0;23285;;1;
l;117581504;6524608;;0;1368988;X;2;
l;3223086821056;6376128;Dem;1;16155;;1;
l;3222549876416;6272704;NPD;0;3016;;3;
l;3221544380096;6523584;;0;9864;;1;
l;116586176;6458048;GOP;0;16401;;2;
l;3222433434304;6110912;GOP;0;20732;;2;
l;3221677338304;6167232;GOP;1;0;X;2;
l;3221811699392;6297280;GOP;1;0;X;2;
l;3222953671360;6533824;NP;1;0;X;1;
l;3222012833472;6125248;GOP;1;11087;X;2;
l;3222415795904;6490816;GOP;0;20512;;2;
l;116362944;6186688;Dem;1;31875;X;1;
l;3223758968512;6515392;;0;27957;;2;
l;3222752340672;6525632;;0;1086;;2;
l;3223624754880;6524608;;0;1399;X;2;
l;3223624760000;6533824;NP;1;0;X;1;
l;3222415568576;6018752;GOP;1;8141;X;2;
l;3222885416640;6268608;GOP;1;1880;;2;
l;3223289211584;6526656;;0;2956;X;1;
l;3221410158272;6516416;;0;6150;X;1;
l;3222415593152;6196928;Dem;1;0;X;1;
l;116434624;6262464;Dem;1;16132;X;1;
l;117582528;6526656;;0;1309856;X;1;
l;3222416803520;6536896;NP;1;0;X;1;
l;116520640;6380224;GOP;0;16564;;2;
l;3222081252032;6525632;;0;254;;2;
l;3223222097600;6516416;;0;23241;X;1;
l;3221477267136;6515392;;0;14354;;2;
l;116416192;6248128;Dem;1;24515;;1;
l;3222416797376;6527680;;0;243072;X;2;
l;3223020781248;6534848;NP;1;0;X;1;
l;3223556546240;6318784;Dem;1;35828;X;1;
l;3222348381888;6137536;Dem;1;10876;X;1;
l;3223757954752;6434496;Dem;1;25652;;1;
l;3222415650496;6265536;GOP;0;7185;;2;
l;3223557646016;6524608;;0;63954;X;2;
l;3222684120768;6303424;Dem;0;8767;;1;
l;3221879930560;6534848;NP;1;0;X;1;
l;3223826082496;6525632;;0;4074;;2;
l;3223556816576;6494912;NP;0;38992;;1;
l;116444864;6271680;GOP;1;31522;X;2;
l;3223489373888;6251200;GOP;1;0;X;2;
l;116270784;6123200;Dem;0;131103;;1;
l;3221610172096;6105792;GOP;0;14327;;2;
l;3221879921344;6518464;;0;5129;;1;
l;3222818619072;6494912;NP;0;9286;;1;
l;3223087887040;6530752;;0;115586;;1;
l;3223623438016;6103744;Dem;1;907;X;1;
l;3222415797952;6456000;GOP;0;15490;;2;
l;116334272;6003392;Dem;1;26740;X;1;
l;3223020777152;6528704;;0;1808;;1;
l;3221745703616;6517440;;0;1087;X;2;
l;3223355170496;6261440;Dem;0;5301;;1;
l;117583552;6528704;;0;923420;;1;
l;3222483074752;6468288;NP;1;34317;;3;
l;3223355309760;6442688;GOP;1;33783;X;2;
l;3222885396160;6252224;GOP;1;0;X;2;
l;3223623640768;6299328;GOP;0;804;;2;
l;3222081253056;6527680;;0;785;X;2;
l;3222685227712;6518464;;0;13722;;1;
l;3221677608640;6463168;Dem;1;21638;;1;
l;3223086810816;6361792;Dem;0;14822;;1;
l;3221744877248;6468288;NP;1;875;;3;
l;3222416793280;6519488;;0;309482;X;2;
l;3221745710784;6531776;;0;343;;2;
l;3223019499200;6163136;Dem;0;1593;;1;
l;116408000;6238912;GOP;1;0;X;2;
l;3223086798528;6342336;GOP;1;17046;;2;
l;3223892055744;6273728;GOP;1;14613;;2;
l;3223153966784;6422208;GOP;0;2987;;2;
l;3223086808768;6357696;GOP;0;18501;;2;
l;3223221073600;6420160;Dem;0;9519;;1;
l;3223557643968;6520512;;0;37843;;1;
l;3221477269184;6519488;;0;41650;X;2;
l;3221409009344;6258368;GOP;0;2040;;1;
l;3221879928512;6531776;;0;1571;;2;
l;3223490543296;6534848;NP;1;0;X;1;
l;116522688;6384320;GOP;0;15138;;2;
l;3221812818624;6529728;;0;17175;;2;
l;3222618119872;6519488;;0;5241;X;2;
l;3222482857664;6396608;GOP;0;8698;;2;
l;116508352;6359744;GOP;0;9949;;2;
l;3223086646976;6170304;Dem;1;16600;;1;
l;3223893190336;6523584;;0;15655;;1;
l;3222886556352;6521536;;0;4527;;1;
l;3221610395328;6326976;Dem;1;13204;;1;
l;3222349687488;6526656;;0;8598;X;1;
l;3222551012032;6522560;;0;8176;X;2;
l;3223691864768;6525632;;0;6305;;2;
l;3222349686464;6524608;;0;11075;X;2;
l;116530880;6390464;Dem;0;14912;;1;
l;117585600;6532800;;0;1768823;X;1;
l;3221611493056;6532800;;0;22016;X;1;
l;116532928;6393536;Dem;1;23760;;1;
l;3222415726272;6365888;Dem;1;17139;;1;
l;116428480;6257344;GOP;1;25173;;2;
l;67111616;6110912;GOP;0;104857;;2;
l;3222014143168;6526656;;0;12116;X;1;
l;116381376;6197952;Dem;1;26472;;1;
l;3223624758976;6532800;;0;1622;X;1;
l;3223891930816;6167232;GOP;1;0;X;2;
l;116590272;6462144;GOP;0;17251;;2;
l;3222819448512;6524608;;0;14471;X;2;
l;116543168;6402752;Dem;1;21831;X;1;
l;3222751033024;6132416;Dem;0;1600;;1;
l;3222683913920;6103744;Dem;1;10225;X;1;
l;3223893192384;6528704;;0;15359;;1;
l;3221410162368;6524608;;0;5479;X;2;
l;3222416791232;6515392;;0;247087;;2;
l;3222282579648;6527680;;0;18148;X;2;
l;3223892059840;6278848;Dem;0;3651;;1;
l;3223154997952;6533824;NP;1;0;X;1;
l;116481728;6318784;Dem;1;35828;X;1;
l;3223758975680;6529728;;0;35699;;2;
l;3223423424192;6515392;;0;43606;;2;
l;116553408;6416064;GOP;0;20619;;2;
l;3223087880896;6518464;;0;104656;;1;
l;116376256;6488768;Dem;1;22342;;1;
l;3223826086592;6533824;NP;1;0;X;1;
l;3223422254784;6238912;GOP;1;0;X;2;
l;3221744580288;6281920;GOP;1;1651;X;2;
l;3222282573504;6516416;;0;21036;X;1;
l;3223557650112;6531776;;0;14351;;2;
l;3222551016128;6529728;;0;7158;;2;
l;3221678598848;6526656;;0;93684;X;1;
l;3223087879872;6515392;;0;85252;;2;
l;3223355285184;6406848;Dem;1;19539;;1;
l;3223356317376;6519488;;0;157096;X;2;
l;3223287901888;6125248;GOP;1;708;X;2;
l;3223356325568;6534848;NP;1;0;X;1;
l;3223153675968;6103744;Dem;1;5873;X;1;
l;3223757954752;6435520;GOP;0;26367;;2;
l;116510400;6363840;Dem;1;15974;X;1;
l;3223490534080;6518464;;0;5894;;1;
l;3222818131648;6105792;GOP;0;12500;;2;
l;3221678595776;6519488;;0;94161;X;2;
l;3222952836800;6494912;NP;0;4060;;1;
l;116383424;6202048;Dem;1;20848;;1;
l;116274880;6132416;Dem;0;83005;;1;
l;3221946203840;6494912;NP;0;1003;;1;
l;3221477285568;6544064;NP;1;0;X;1;
l;3223356321472;6528704;;0;101203;;1;
l;3222014139072;6518464;;0;6508;;1;
l;3222214250176;6186688;Dem;1;2357;X;1;
l;3222684401344;6468288;NP;1;14499;;3;
l;3222952552128;6298304;Dem;1;5784;;1;
l;3221410164416;6528704;;0;3386;;1;
l;3223356316352;6517440;;0;129578;X;2;
l;116588224;6459072;Dem;1;18914;;1;
l;3221946203840;6468288;NP;1;1326;;3;
l;116483776;6322880;GOP;0;21992;;2;
l;3221947032256;6521536;;0;1257;;1;
l;3223490535104;6520512;;0;3364;;1;
l;3223422275264;6257344;GOP;1;7595;;2;
l;3221343059648;6534848;NP;1;0;X;1;
l;3222751063744;6163136;Dem;0;1112;;1;
l;3223623925440;6468288;NP;1;766;;3;
l;3221745706688;6523584;;0;649;;1;
l;3222483907264;6529728;;0;40784;;2;
l;3221745704640;6520512;;0;489;;1;
l;116569792;6440640;GOP;0;25138;;2;
l;3222752341696;6528704;;0;1688;;1;
l;3222148362944;6530752;;0;8602;;1;
l;3222282580672;6529728;;0;14509;;2;
l;3223087881920;6519488;;0;177816;X;2;
l;3223289210560;6523584;;0;1774;;1;
l;3222415495872;6152896;Dem;0;92702;;1;
l;3221611489984;6526656;;0;17968;X;1;
l;116551360;6410944;GOP;1;0;X;2;
l;67111616;6118080;Dem;1;139757;X;1;
l;3223557648064;6527680;;0;48931;X;2;
l;3222148358848;6521536;;0;8832;;1;
l;3222483905216;6526656;;0;56730;X;1;
l;3221947030208;6517440;;0;1731;X;2;
l;116376256;6489792;GOP;0;23437;;2;
l;3222752343744;6531776;;0;816;;2;
l;3223086646976;6171328;GOP;0;11870;;2;
l;3221610184384;6137536;Dem;1;12255;X;1;
l;3223893189312;6521536;;0;20516;;1;
l;3222215464640;6515392;;0;5992;;2;
l;3222685232832;6528704;;0;8847;;1;
l;3222952554176;6301376;NPD;0;3964;;3;
l;116364992;6010560;Dem;1;36880;X;1;
l;3221744389824;6103744;Dem;1;629;X;1;
l;116272832;6125248;GOP;1;134015;X;2;
l;3221678596800;6522560;;0;80314;X;2;
l;3221677467328;6277824;GOP;1;2095;X;2;
l;116410048;6239936;GOP;1;30350;;2;
l;116500160;6347456;Dem;0;18368;;2;
l;3222081251008;6524608;;0;853;X;2;
l;3222483901120;6518464;;0;37017;;1;
l;3221410176704;6544064;NP;1;0;X;1;
l;3222281426624;6259392;GOP;1;18889;;1;
l;3223086657216;6179520;GOP;0;8738;;3;
l;3222415800000;6457024;Dem;1;18225;;1;
l;3222483909312;6533824;NP;1;0;X;1;
l;3221341744832;6126272;Dem;0;438;;1;
l;3222415771328;6425280;GOP;0;21366;;2;
l;3222147223232;6271680;GOP;1;16344;X;2;
l;3222349683392;6518464;;0;5847;;1;
l;3221677481664;6297280;GOP;1;0;X;2;
l;3221745711808;6533824;NP;1;0;X;1;
l;3223891926720;6166208;GOP;1;0;X;2;
l;116477632;6307520;Dem;1;22450;;1;
l;3221410166464;6531776;;0;1190;;2;
l;3223423425216;6518464;;0;62070;;1;
l;3223222102720;6526656;;0;22540;X;1;
l;3222415765184;6410944;GOP;1;0;X;2;
l;116448960;6276800;GOP;1;0;X;2;
l;3222618126016;6532800;;0;6200;X;1;
l;3222147219136;6269632;GOP;0;610;;3;
l;3223288082112;6279872;GOP;1;2475;X;2;
l;3222685231808;6525632;;0;6591;;2;
l;3222618117824;6516416;;0;5494;X;1;
l;3221410160320;6519488;;0;5852;X;2;
l;116453056;6280896;Dem;0;9778;;1;
l;3223893188288;6520512;;0;10033;;1;
l;3221476112064;6253248;GOP;1;27263;;2;
l;3223891881664;6125248;GOP;1;29957;X;2;
l;3223757940416;6408896;GOP;1;9;;2;
l;116401856;6230720;GOP;0;10875;;2;
l;3223489220288;6105792;GOP;0;8943;;2;
l;3222482587328;6105792;GOP;0;43656;;2;
l;3223557646016;6523584;;0;32576;;1;
l;3223020779200;6531776;;0;1046;;2;
l;3222483903168;6522560;;0;43038;X;2;
l;3222281260736;6105792;GOP;0;15936;;2;
l;3223087895232;6539968;NP;1;0;X;1;
l;3221342224064;6494912;NP;0;1095;;1;
l;116502208;6351552;Dem;1;22887;X;1;
l;3223086802624;6347456;Dem;0;18368;;2;
l;3222618123968;6528704;;0;3235;;1;
l;3222148356800;6517440;;0;12041;X;2;
l;3222885727936;6468288;NP;1;4641;;3;
l;3222148359872;6524608;;0;14204;X;2;
l;3223556464320;6228672;GOP;1;3262;;2;
l;3222147530432;6468288;NP;1;11136;;3;
l;3223422152384;6162112;GOP;1;6373;X;2;
l;116512448;6365888;Dem;1;17139;;1;
l;116422336;6253248;GOP;1;27263;;2;
l;3223826079424;6520512;;0;3843;;1;
l;3223824928448;6258368;GOP;0;1325;;1;
l;3222482818752;6343360;Dem;0;8868;;1;
l;3222366325440;6118080;Dem;1;47234;X;1;
l;3223154995904;6530752;;0;4767;;1;
l;3222081248960;6520512;;0;268;;1;
l;3222214375104;6326976;Dem;1;5645;;1;
l;3222080097984;6258368;GOP;0;185;;1;
l;116557504;6425280;GOP;0;21366;;2;
l;3223355307712;6439616;Dem;1;27289;;1;
l;3222415492800;6142656;NPD;0;35665;;2;
l;3222014145216;6530752;;0;7194;;1;
l;3223356317376;6520512;;0;77454;;1;
l;3221477273280;6528704;;0;16781;;1;
l;116403904;6234816;Dem;1;16956;X;1;
l;3223221069504;6408896;GOP;1;4361;;2;
l;3223826084544;6530752;;0;4370;;1;
l;3223490540224;6530752;;0;4962;;1;
l;3221678593728;6516416;;0;101394;X;1;
l;3221878607552;6103744;Dem;1;3575;X;1;
l;3223020774080;6522560;;0;3179;X;2;
l;3223154994880;6528704;;0;5266;;1;
l;3223556599488;6396608;GOP;0;2590;;2;
l;3223154989760;6518464;;0;3110;;1;
l;3221812814528;6521536;;0;13107;;1;
l;3222348369600;6103744;Dem;1;10634;X;1;
l;3223556538048;6304448;GOP;1;0;X;2;
l;116504256;6355648;GOP;0;18071;;2;
l;3223222105792;6531776;;0;5001;;2;
l;3221544377024;6517440;;0;12235;X;2;
l;116282048;6146752;GOP;1;132815;X;2;
l;116547264;6407872;GOP;0;13748;;2;
l;3223356322496;6530752;;0;107227;;1;
l;3221610397376;6332096;Dem;0;12578;;1;
l;3222282581696;6532800;;0;26828;X;1;
l;3223557644992;6521536;;0;40172;;1;
l;3223422248640;6230720;GOP;0;10875;;2;
l;3222618121920;6523584;;0;2698;;1;
l;116485824;6323904;Dem;1;27131;;1;
l;3223356319424;6523584;;0;87731;;1;
l;3223892057792;6276800;GOP;1;0;X;2;
l;3222415495872;6146752;GOP;1;97401;X;2;
l;3223220950720;6259392;GOP;1;4618;;1;
l;3221879924416;6524608;;0;6461;X;2;
l;3223624756928;6528704;;0;712;;1;
l;116496064;6343360;Dem;0;19690;;1;
l;3223757946560;6422208;GOP;0;7920;;2;
l;3222685235904;6533824;NP;1;0;X;1;
l;3221543071424;6126272;Dem;0;8011;;1;
l;3221947038400;6533824;NP;1;0;X;1;
l;3223893190336;6524608;;0;30488;X;2;
l;3222551015104;6528704;;0;5733;;1;
l;3222953662144;6516416;;0;6405;X;1;
l;3221544379072;6522560;;0;12799;X;2;
l;3223824774848;6132416;Dem;0;3762;;1;
l;3223020776128;6526656;;0;4353;X;1;
l;3221745702592;6515392;;0;450;;2;
l;3221611487936;6522560;;0;13248;X;2;
l;3223690737344;6281920;GOP;1;15005;X;2;
l;3221879925440;6526656;;0;8451;X;1;
l;116387520;6207168;GOP;0;20153;;2;
l;3222818399936;6393536;Dem;1;12490;;1;
l;3223825252032;6468288;NP;1;4056;;3;
l;3221410162368;6523584;;0;3016;;1;
l;3222752345792;6534848;NP;1;0;X;1;
l;116491968;6335168;Dem;0;17027;;1;
l;3223490538176;6526656;;0;10552;X;1;
l;3221611495104;6534848;NP;1;0;X;1;
l;3223557647040;6525632;;0;42425;;2;
l;3222618121920;6524608;;0;5228;X;2;
l;3223422250688;6234816;Dem;1;16956;X;1;
l;3223288080064;6278848;Dem;0;1967;;1;
l;3222952349376;6105792;GOP;0;4514;;2;
l;3222886559424;6527680;;0;6978;X;2;
l;3222550183616;6494912;NP;0;4633;;1;
l;3221410159296;6518464;;0;3450;;1;
l;3221945716416;6105792;GOP;0;2012;;2;
l;3221543550656;6494912;NP;0;8514;;1;
l;3223222100672;6521536;;0;17297;;1;
l;3221879926464;6528704;;0;3574;;1;
l;3222349683392;6517440;;0;10545;X;2;
l;116350656;6174400;GOP;0;9157;;2;
l;3222482857664;6395584;Dem;1;8735;;1;
l;3222281428672;6260416;GOP;1;17839;;2;
l;3221476441792;6468288;NP;1;24330;;3;
l;3222415773376;6426304;Dem;1;26331;;1;
l;3222685226688;6515392;;0;6333;;2;
l;3223490533056;6515392;;0;2819;;2;
l;3222014144192;6527680;;0;10687;X;2;
l;3222415787712;6444736;Dem;1;21478;;1;
l;116430528;6576832;Dem;0;20248;;2;
l;3223826095808;6544064;NP;1;0;X;1;
l;3223221073600;6416064;GOP;0;9741;;2;
l;3221408845504;6103744;Dem;1;3278;X;1;
l;3223037416128;6155968;Dem;1;39479;X;1;
l;3222685243072;6540992;NP;0;0;X;1;
l;116584128;6454976;Dem;1;20273;;1;
l;3222147221184;6270656;GOP;1;0;X;2;
l;3222752336576;6517440;;0;2948;X;2;
l;3222953669312;6530752;;0;4214;;1;
l;3222349684416;6519488;;0;9014;X;2;
l;3223893186240;6515392;;0;11581;;2;
l;116387520;6205120;Dem;1;16340;;1;
l;3223623444160;6124224;GOP;0;1066;X;2;
l;3222415728320;6371008;GOP;0;14816;;2;
l;3223826085568;6531776;;0;1906;;2;
l;3223556427456;6186688;Dem;1;4798;X;1;
l;3222752342720;6530752;;0;1942;;1;
l;116559552;6426304;Dem;1;26331;;1;
l;3223557649088;6529728;;0;41292;;2;
l;3221543237312;6267584;GOP;1;0;X;2;
l;117592768;6539968;NP;1;0;X;1;
l;116303552;6160064;Dem;1;23961;;1;
l;3222819447488;6522560;;0;12001;X;2;
l;116565696;6436544;Dem;1;0;X;1;
l;116489920;6332096;Dem;0;26657;;1;
l;3221678594752;6517440;;0;77713;X;2;
l;3221878607552;6105792;GOP;0;7348;;2;
l;3221477270208;6521536;;0;23489;;1;
l;3221477269184;6520512;;0;11249;;1;
l;3222416799424;6532800;;0;458648;X;1;
l;3223355283136;6405824;GOP;0;14085;;2;
l;3223289208512;6520512;;0;1643;;1;
l;3222953670336;6532800;;0;7985;X;1;
l;3223490536128;6522560;;0;7437;X;2;
l;3223757768384;6195904;Dem;0;20534;;1;
l;3222415648448;6262464;Dem;1;16132;X;1;
l;3221947035328;6527680;;0;2092;X;2;
l;3221610395328;6329024;GOP;0;13496;;2;
l;3222214356672;6300352;Dem;1;3546;;1;
l;3223893194432;6532800;;0;39673;X;1;
l;3222148357824;6519488;;0;16821;X;2;
l;3223020775104;6523584;;0;2081;;1;
l;3222014156480;6544064;NP;1;0;X;1;
l;3222215467712;6521536;;0;8891;;1;
l;3222616862400;6167232;GOP;1;0;X;2;
l;3221678597824;6524608;;0;86063;X;2;
l;3223507178176;6155968;Dem;1;21039;X;1;
l;3223220950720;6576832;Dem;0;2956;;2;
l;3223222107840;6534848;NP;1;0;X;1;
l;3222886562496;6533824;NP;1;0;X;1;
l;3222012833472;6126272;Dem;0;4974;;1;
l;3222685233856;6530752;;0;11326;;1;
l;3223691859648;6515392;;0;5211;;2;
l;3222014142144;6523584;;0;5563;;1;
l;3222148364992;6533824;NP;1;0;X;1;
l;116553408;6420160;Dem;0;27460;;1;
l;3223557651136;6533824;NP;1;0;X;1;
l;3223289211584;6525632;;0;1539;;2;
l;3221477267136;6516416;;0;37888;X;1;
l;3222482599616;6137536;Dem;1;25070;X;1;
l;3221343054528;6526656;;0;2961;X;1;
l;3221410163392;6526656;;0;6225;X;1;
l;3223356315328;6515392;;0;78118;;2;
l;116506304;6356672;Dem;1;19630;;1;
l;3223087890112;6534848;NP;1;0;X;1;
l;116264640;6105792;GOP;0;1029482;;2;
l;3223020771008;6516416;;0;4219;X;1;
l;3222215474880;6534848;NP;1;0;X;1;
l;3223691864768;6526656;;0;12354;X;1;
l;3223556335296;6123200;Dem;0;32589;;1;
l;116444864;6272704;NPD;0;5655;;3;
l;116539072;6400704;GOP;0;8507;;2;
l;3221543063232;6105792;GOP;0;15940;;2;
l;117584576;6530752;;0;992031;;1;
l;3222751510208;6494912;NP;0;1542;;1;
l;3221410158272;6515392;;0;2228;;2;
l;3222349688512;6527680;;0;7445;X;2;
l;3223087886016;6528704;;0;103371;;1;
l;3223892059840;6277824;GOP;1;7915;X;2;
l;3223220952768;6260416;GOP;1;4572;;2;
l;3222415965888;6468288;NP;1;178430;;3;
l;3222215470784;6528704;;0;7245;;1;
l;3223019611840;6251200;GOP;1;0;X;2;
l;3222415742656;6388416;Dem;1;29135;X;1;
l;116455104;6281920;GOP;1;30527;X;2;
l;3221677768384;6468288;NP;1;59059;;3;
l;3222282574528;6517440;;0;17137;X;2;
l;3222953669312;6529728;;0;4432;;2;
l;3223556329152;6103744;Dem;1;53937;X;1;
l;3223758974656;6527680;;0;37535;X;2;
l;3223355309760;6443712;Dem;0;18059;;1;
l;3223086798528;6343360;Dem;0;10822;;1;
l;116393664;6219456;Dem;0;24431;;1;
l;3223305849536;6110912;GOP;0;52949;;2;
l;3223892055744;6274752;GOP;0;13243;;3;
l;3222416793280;6520512;;0;248072;;1;
l;3222752342720;6529728;;0;2877;;2;
l;3223422150336;6160064;Dem;1;23961;;1;
l;3221678601920;6531776;;0;23509;;2;
l;3221409009344;6257344;GOP;1;5147;;2;
l;116471488;6302400;GOP;1;34973;X;2;
l;3222752337600;6520512;;0;1253;;1;
l;3223153966784;6421184;Dem;1;5841;;1;
l;116465344;6297280;GOP;1;0;X;2;
l;3222014147264;6533824;NP;1;0;X;1;
l;3223557643968;6519488;;0;59024;X;2;
l;3222415734464;6380224;GOP;0;12952;;2;
l;3223826087616;6534848;NP;1;0;X;1;
l;3222416794304;6521536;;0;275847;;1;
l;3223826081472;6523584;;0;3000;;1;
l;3222752352960;6543040;NP;1;0;X;1;
l;3222819447488;6521536;;0;12852;;1;
l;3221678601920;6532800;;0;118680;X;1;
l;116516544;6574784;GOP;0;18324;;2;
l;3222415726272;6366912;GOP;0;11985;;2;
l;3222618128064;6534848;NP;1;0;X;1;
l;116428480;6258368;GOP;0;7209;;1;
l;3223037416128;6156992;GOP;0;41277;;2;
l;3221811703488;6301376;NPD;0;12543;;3;
l;3222416795328;6524608;;0;384125;X;2;
l;3223691860672;6518464;;0;7128;;1;
l;3222416795328;6523584;;0;173607;;1;
l;116543168;6403776;Dem;0;4183;;2;
l;3223221075648;6421184;Dem;1;9367;;1;
l;3222685228736;6520512;;0;6526;;1;
l;3221477271232;6524608;;0;32374;X;2;
l;3222415597248;6202048;Dem;1;20848;;1;
l;116438720;6267584;GOP;1;0;X;2;
l;3221879925440;6525632;;0;2584;;2;
l;116557504;6424256;Dem;1;24120;;1;
l;3221477276352;6533824;NP;1;0;X;1;
l;3222147051200;6125248;GOP;1;16321;X;2;
l;3223691878080;6544064;NP;1;0;X;1;
l;3223557641920;6516416;;0;56351;X;1;
l;3223154988736;6515392;;0;4438;;2;
l;3223221071552;6410944;GOP;1;0;X;2;
l;116269760;6112960;Dem;1;132119;;1;
l;116524736;6385344;Dem;1;0;X;1;
l;3223758977728;6533824;NP;1;0;X;1;
l;3222551013056;6523584;;0;5299;;1;
l;3222215470784;6527680;;0;12980;X;2;
l;3222416796352;6525632;;0;290453;;2;
l;3221879920320;6515392;;0;2462;;2;
l;3223355213504;6305472;Dem;1;23418;;1;
l;3223691866816;6529728;;0;8793;;2;
l;3222147043008;6103744;Dem;1;6284;X;1;
l;3221745707712;6526656;;0;1537;X;1;
l;3223087879872;6516416;;0;165099;X;1;
l;3222214420160;6394560;GOP;0;1866;;2;
l;3222616805056;6103744;Dem;1;3398;X;1;
l;3223757655744;6105792;GOP;0;35110;;2;
l;3221812813504;6520512;;0;11769;;1;
l;3222415771328;6424256;Dem;1;24120;;1;
l;3223154998976;6534848;NP;1;0;X;1;
l;3222014145216;6529728;;0;7841;;2;
l;3223624750784;6516416;;0;1375;X;1;
l;3223826078400;6518464;;0;4033;;1;
l;3222751022784;6105792;GOP;0;3655;;2;
l;3222885727936;6494912;NP;0;3337;;1;
l;3222551016128;6530752;;0;6286;;1;
l;116752064;6494912;NP;0;826374;;1;
l;116383424;6203072;GOP;0;22498;;2;
l;116274880;6133440;GOP;1;146401;X;2;
l;3222147530432;6494912;NP;0;5907;;1;
l;116459200;6286016;GOP;0;21939;;2;
l;3222349688512;6528704;;0;9323;;1;
l;3221879921344;6517440;;0;5596;X;2;
l;3221677608640;6464192;GOP;0;18812;;2;
l;3222617292480;6468288;NP;1;3418;;3;
l;3222952552128;6299328;GOP;0;3552;;2;
l;3221879922368;6519488;;0;8389;X;2;
l;3221408855744;6133440;GOP;1;5651;X;2;
l;3223356316352;6518464;;0;97401;;1;
l;3223356323520;6531776;;0;31520;;2;
l;3222616993472;6279872;GOP;1;4765;X;2;
l;3221879094976;6468288;NP;1;5068;;3;
l;116559552;6428352;GOP;0;18394;;2;
l;3222415752896;6400704;GOP;0;8507;;2;
l;3222366325440;6110912;GOP;0;31176;;2;
l;116580032;6449856;Dem;1;30642;X;1;
l;3221677477568;6287040;GOP;0;24992;;2;
l;3223690557120;6133440;GOP;1;13781;X;2;
l;116498112;6344384;Dem;1;26204;;1;
l;3223086819008;6574784;GOP;0;14143;;2;
l;117391040;6193856;Dem;0;19555;;2;
l;3223289212608;6528704;;0;1809;;1;
l;3222416798400;6529728;;0;198190;;2;
l;3221677287104;6124224;GOP;0;79120;X;2;
l;3221812814528;6522560;;0;23563;X;2;
l;3222415603392;6208192;Dem;1;17954;;1;
l;3222415623872;6239936;GOP;1;30350;;2;
l;3222215471808;6529728;;0;9988;;2;
l;3223087881920;6520512;;0;76336;;1;
l;3222348592832;6329024;GOP;0;5658;;2;
l;116537024;6398656;Dem;1;0;X;1;
l;3222415572672;6183616;Dem;1;15832;;1;
l;3223556816576;6468288;NP;1;36413;;3;
l;3221678597824;6523584;;0;57200;;1;
l;3222886570688;6543040;NP;1;0;X;1;
l;3221408855744;6132416;Dem;0;2757;;1;
l;116580032;6450880;NPD;0;5944;;3;
l;3222415732416;6376128;Dem;1;7834;;1;
l;3222148358848;6522560;;0;12948;X;2;
l;116276928;6137536;Dem;1;137926;X;1;
l;3222953666240;6523584;;0;3422;;1;
l;3222885250752;6133440;GOP;1;7269;X;2;
l;3222416799424;6531776;;0;78914;;2;
l;3222482685632;6186688;Dem;1;11099;X;1;
l;116582080;6490816;GOP;0;20512;;2;
l;3222348857024;6468288;NP;1;5352;;3;
l;3221477275328;6532800;;0;44232;X;1;
l;3223826080448;6521536;;0;3667;;1;
l;3222819450560;6528704;;0;9422;;1;
l;3223691865792;6528704;;0;6475;;1;
l;116561600;6432448;Dem;0;24084;;1;
l;3222483905216;6525632;;0;32625;;2;
l;116471488;6303424;Dem;0;19282;;1;
l;3223086800576;6344384;Dem;1;14404;;1;
l;3222081251008;6523584;;0;325;;1;
l;3221812811456;6516416;;0;26075;X;1;
l;3223086810816;6359744;GOP;0;9949;;2;
l;3222416800448;6533824;NP;1;0;X;1;
l;3221475962560;6125248;GOP;1;35612;X;2;
l;117578432;6518464;;0;845852;;1;
l;3223086700224;6226624;GOP;1;24733;;2;
l;3222147223232;6272704;NPD;0;2067;;3;
l;3221677280960;6103744;Dem;1;66007;X;1;
l;3222415736512;6384320;GOP;0;11660;;2;
l;116514496;6371008;GOP;0;14816;;2;
l;3222551009984;6518464;;0;6252;;1;
l;116358848;6183616;Dem;1;15832;;1;
l;3221611492032;6530752;;0;12045;;1;
l;3223423426240;6520512;;0;45468;;1;
l;3223757942464;6410944;GOP;1;0;X;2;
l;3222685231808;6526656;;0;24020;X;1;
l;3222618117824;6515392;;0;2367;;2;
l;3221745705664;6522560;;0;1296;X;2;
l;3222819446464;6519488;;0;17220;X;2;
l;3222148363968;6531776;;0;3462;;2;
l;3221476112064;6254272;Dem;0;17074;;1;
l;3223423425216;6517440;;0;83783;X;2;
l;3223422111424;6105792;GOP;0;83274;;2;
l;3223086806720;6354624;Dem;1;20216;;1;
l;116307648;6165184;GOP;0;14535;;3;
l;3222618126016;6531776;;0;1645;;2;
l;3222415607488;6219456;Dem;0;3464;;1;
l;3222483908288;6531776;;0;13758;;2;
l;3223220784832;6105792;GOP;0;18120;;2;
l;3223758971584;6522560;;0;38513;X;2;
l;3223355489984;6494912;NP;0;91694;;1;
l;3222215473856;6533824;NP;1;0;X;1;
l;3222079934144;6103744;Dem;1;340;X;1;
l;3223891881664;6126272;Dem;0;16100;;1;
l;116502208;6352576;GOP;0;13562;;2;
l;3222618123968;6527680;;0;4635;X;2;
l;3222148356800;6518464;;0;9165;;1;
l;3223355489984;6468288;NP;1;99204;;3;
l;3223086812864;6363840;Dem;1;15974;X;1;
l;3221744400064;6133440;GOP;1;1604;X;2;
l;3222415483584;6112960;Dem;1;106;;1;
l;116440768;6268608;GOP;1;20519;;2;
l;3222483903168;6521536;;0;46567;;1;
l;3222080421568;6468288;NP;1;414;;3;
l;3223489261248;6162112;GOP;1;9966;X;2;
l;3222282578624;6525632;;0;11802;;2;
l;116422336;6254272;Dem;0;17074;;1;
l;3223826079424;6519488;;0;6503;X;2;
l;3223824928448;6257344;GOP;1;7116;;2;
l;3222415756992;6402752;Dem;1;21831;X;1;
l;3222282577600;6523584;;0;12254;;1;
l;3222953678528;6540992;NP;0;0;X;1;
l;3221945726656;6133440;GOP;1;2151;X;2;
l;116451008;6277824;GOP;1;17400;X;2;
l;3223154995904;6529728;;0;3394;;2;
l;3222081248960;6519488;;0;900;X;2;
l;3223086567104;6103744;Dem;1;125759;X;1;
l;3222080097984;6257344;GOP;1;831;;2;
l;116512448;6366912;GOP;0;11985;;2;
l;3223355307712;6440640;GOP;0;25138;;2;
l;3221947034304;6525632;;0;761;;2;
l;3221879927488;6529728;;0;5471;;2;
l;3222952355520;6123200;Dem;0;5130;;1;
l;3223221069504;6409920;Dem;0;2959;;1;
l;3222148360896;6526656;;0;16929;X;1;
l;3221745721024;6544064;NP;1;0;X;1;
l;3223893193408;6530752;;0;23369;;1;
l;3222885414592;6267584;GOP;1;0;X;2;
l;3222415609536;6223552;GOP;0;3089;;2;
l;3223020774080;6521536;;0;2458;;1;
l;3221947046592;6543040;NP;1;0;X;1;
l;3223087884992;6525632;;0;83494;;2;
l;3221745705664;6521536;;0;729;;1;
l;3223289206464;6516416;;0;3188;X;1;
l;3221611491008;6527680;;0;15363;X;2;
l;3222214164160;6139584;GOP;0;9052;;2;
l;3222819451584;6529728;;0;11587;;2;
l;116461248;6287040;GOP;0;24992;;2;
l;3222482599616;6139584;GOP;0;17643;;2;
l;3222751178432;6252224;GOP;1;0;X;2;
l;3221678593728;6515392;;0;40669;;2;
l;3221811498688;6103744;Dem;1;17083;X;1;
l;3223222103744;6528704;;0;14386;;1;
l;3221812819648;6532800;;0;30026;X;1;
l;3223423427264;6522560;;0;88893;X;2;
l;3222415601344;6207168;GOP;0;20153;;2;
l;3223154989760;6517440;;0;5566;X;2;
l;3223355002560;6103744;Dem;1;121001;X;1;
l;3222482806464;6321856;Dem;1;25766;;1;
l;3222415754944;6401728;Dem;1;0;X;1;
l;3223356319424;6524608;;0;146729;X;2;
l;116270784;6124224;GOP;0;148921;X;2;
l;3222014139072;6517440;;0;9169;X;2;
l;3223222104768;6529728;;0;17676;;2;
l;3223824764608;6103744;Dem;1;4338;X;1;
l;3221947033280;6524608;;0;2070;X;2;
l;3221677606592;6462144;GOP;0;17251;;2;
l;3222415568576;6179520;GOP;0;4050;;3;
l;3222618127040;6533824;NP;1;0;X;1;
l;3221543071424;6125248;GOP;1;16999;X;2;
l;116362944;6187712;GOP;0;19814;;2;
l;116377280;6194880;GOP;0;31089;;2;
l;3223355260608;6383296;Dem;1;5051;;1;
l;3223490537152;6523584;;0;4854;;1;
l;3222416791232;6516416;;0;297497;X;1;
l;117591744;6538944;NP;1;0;X;1;
l;116592320;6463168;Dem;1;21638;;1;
l;3223355094720;6180544;Dem;0;4900;;1;
l;116539072;6399680;Dem;1;35558;X;1;
l;3222752339648;6524608;;0;3626;X;2;
l;3223020776128;6525632;;0;1325;;2;
l;3221745702592;6516416;;0;1531;X;1;
l;116434624;6263488;NPD;0;6050;;3;
l;3221341898432;6256320;GOP;1;0;X;2;
l;3222215469760;6526656;;0;15318;X;1;
l;3222483900096;6516416;;0;58357;X;1;
l;3222818399936;6394560;GOP;0;12000;;2;
l;116416192;6249152;GOP;0;26320;;2;
l;3223557652160;6534848;NP;1;0;X;1;
l;3222819454656;6534848;NP;1;0;X;1;
l;3223690737344;6282944;CST;0;2638;;3;
l;116352704;6005440;Dem;1;15261;;1;
l;116549312;6408896;GOP;1;27143;;2;
l;3221947039424;6534848;NP;1;0;X;1;
l;3223490538176;6525632;;0;2880;;2;
l;3223489707712;6494912;NP;0;4204;;1;
l;3223087882944;6521536;;0;124936;;1;
l;3223288080064;6277824;GOP;1;2422;X;2;
l;3223019458240;6103744;Dem;1;2070;X;1;
l;3222483074752;6494912;NP;0;38979;;1;
l;117588672;6535872;NP;1;0;X;1;
l;3223758143168;6468288;NP;1;29939;;3;
l;3221611492032;6529728;;0;12500;;2;
l;3221410159296;6517440;;0;4784;X;2;
l;3222349692608;6534848;NP;1;0;X;1;
l;3221744877248;6494912;NP;0;665;;1;
l;3223893191360;6525632;;0;11818;;2;
l;3221947035328;6528704;;0;1033;;1;
l;3222752336576;6518464;;0;2263;;1;
l;3222685230784;6524608;;0;17974;X;2;
l;3222281428672;6261440;Dem;0;13287;;1;
l;3223086584512;6152896;Dem;0;24140;;1;
l;3221409332928;6468288;NP;1;3596;;3;
l;3223019499200;6162112;GOP;1;3915;X;2;
l;3222148357824;6520512;;0;5004;;1;
l;3223691034304;6468288;NP;1;7709;;3;
l;3222618122944;6526656;;0;5094;X;1;
l;3221945757376;6163136;Dem;0;823;;1;
l;3222549874368;6270656;GOP;1;0;X;2;
l;3222415730368;6574784;GOP;0;4181;;2;
l;3223087886016;6527680;;0;145920;X;2;
l;3222885394112;6251200;GOP;1;0;X;2;
l;3221677479616;6293184;GOP;0;30357;;2;
l;3221678600896;6530752;;0;66490;;1;
l;3222483902144;6520512;;0;30604;;1;
l;3222685226688;6516416;;0;23130;X;1;
l;3223222100672;6522560;;0;17775;X;2;
l;3222415797952;6454976;Dem;1;20273;;1;
l;3221341736640;6103744;Dem;1;1022;X;1;
l;3222214375104;6329024;GOP;0;4175;;2;
l;3221744580288;6282944;CST;0;295;;3;
l;3223422252736;6237888;GOP;1;0;X;2;
l;3223757940416;6409920;Dem;0;5;;1;
