9
21
24
28
43
49
52
67
72
79
81
84
89
92
94
102
104
113
116
126
132
138
140
146
157
189
202
208
210
212
231
237
239
244
249
252
255
257
258
261
270
273
277
281
284
287
292
296
299
304
312
321
327
348
350
358
362
367
369
371
375
378
382
384
385
386
391
393
405
411
422
431
437
441
442
445
450
452
453
481
482
484
501
504
508
513
523
526
528
537
539
540
556
577
579
580
585
600
618
620
665
676
682
690
692
711
714
715
719
734
754
768
788
802
806
809
823
828
833
835
841
843
851
856
867
874
878
882
883
887
888
889
890
899
906
964
967
985
989
1017
1025
1034
1036
1048
1055
1057
1061
1064
1066
1073
1087
1092
1094
1099
1101
1115
1121
1124
1129
1131
1135
1139
1141
1157
1161
1167
1169
1188
1194
1206
1213
1215
1224
1231
1240
1242
1253
1257
1262
1263
1267
1275
1277
1285
1287
1313
1326
1333
1335
1337
1342
1343
1352
1362
1376
1379
1384
1388
1396
1398
1408
1410
1414
1421
1441
1445
1451
1453
1461
1465
1468
1475
1482
1488
1506
1507
1510
1514
1516
1521
1523
1525
1535
1539
1541
1543
1545
1547
1551
1581
1587
1594
1616
1620
1701
1702
1704
1705
1710
1711
1717
1720
1726
1727
1729
1730
1741
1745
1746
1750
1753
1758
1760
1762
1780
1782
1796
1799
1805
1835
1837
1860
1865
1877
1883
1918
1949
4434
4627
4788
5397
5418
5647
5956
6068
6622
6688
6818
7136
7264
7547
7915
8584
8639
8993
9174
9236
9291
9302
9548
9881
10206
10263
10341
10370
10376
10546
10601
10720
11357
11651
12594
12873
13031
13348
13472
13663
13790
15344
15698
16089
16646
17731
18696
18782
19081
19867
20128
22596
22603
22757
23088
23259
24449
24973
25227
25659
26363
26995
27207
29019
29135
29169
29892
29894
30010
30423
30767
30878
31050
31724
31807
31918
32250
32471
32649
32916
32940
33006
33237
33619
34352
35254
35265
35605
36028
36092
36149
36354
36555
36679
37280
37351
37501
38739
38751
39046
39053
39527
39562
39744
39864
40102
40715
41229
41288
41404
41484
41650
42151
42252
42752
43436
44298
45461
45543
45695
46291
47053
47450
47518
48730
48976
49396
49989
50000
50040
50077
50215
50403
50418
50436
50681
50844
50853
50902
51087
51178
51416
51423
51431
51516
51522
51523
51526
51531
51537
51566
51603
51610
51614
51631
51753
51865
51916
51919
52147
52332
52398
52450
52455
52462
52471
52480
52489
52493
52499
52531
52561
52566
52813
52867
52889
52935
52981
52996
53016
53044
53062
53077
53086
53104
53213
53354
53363
53396
53401
53433
53537
53539
53566
53697
53754
53825
53887
53892
54005
54031
54149
54282
54369
54388
54608
54705
55092
55100
55131
55172
55233
55265
55336
55466
55675
55866
55929
56017
56030
56705
56743
56805
56930
57037
57148
57169
57239
57253
57257
57340
57426
57440
57469
57501
57798
57813
57814
57825
57849
57891
58008
58026
58039
58195
58283
58367
58407
58574
58597
58641
58831
58883
58914
58933
59040
59087
59107
59163
59268
59273
59339
59346
59383
59388
59400
59448
59450
59492
59501
59526
59572
59590
59595
59608
59613
59617
59621
59656
59669
59681
59694
59726
59740
59745
59885
59898
59911
59914
59919
60051
60075
60108
60118
60120
60121
60122
60128
60158
60165
60166
60204
60208
60212
60215
60226
60231
60238
60295
60314
60318
60345
60351
60381
60394
60410
60414
60420
60421
60423
60424
60428
60432
60434
60439
60472
60481
60527
60530
60533
60536
60541
60542
60544
60571
60575
60588
60601
60612
60619
60628
60629
60639
60668
60681
60686
60689
60693
60705
60713
60721
60735
60740
60768
60791
60803
60813
60848
60873
60926
60927
60935
60948
60964
60983
60986
60997
61002
61011
61012
61020
61021
61040
61069
61070
61073
61077
61082
61089
61091
61119
61145
61149
61156
61200
61201
61212
61213
61215
61251
61316
61368
61403
61424
61441
61555
61562
61587
61588
61612
61618
61629
61631
61646
61653
61657
61661
61675
61685
61698
61749
61758
61773
61779
61791
61800
61815
61839
61856
61872
61880
61890
61892
61900
61921
61942
61950
61957
61980
61985
61987
62001
62012
62024
62028
62063
62068
62079
62104
62109
62133
62147
62159
62174
62178
62209
62226
62229
62234
62235
62244
62246
62247
62250
62251
62267
62270
62284
62296
62304
62318
62324
62330
62334
62339
62341
62342
62343
62359
62377
62383
62395
62396
62399
62401
62406
62418
62422
62425
62426
62453
62534
62552
62555
62557
62559
62587
62589
62590
62594
62623
62653
62668
62729
62734
62753
62783
62785
62802
62837
62844
62883
62900
62943
62957
62976
62995
63004
63011
63056
63107
63109
63122
63133
63146
63154
63159
63169
63174
63177
63178
63180
63184
63185
63190
63192
63195
63196
63197
63198
63201
63208
63212
63215
63216
63218
63220
63221
63225
63230
63231
63253
63256
63262
63264
63265
63274
63276
63281
63284
63287
63292
63293
63294
63295
63297
63299
63304
63311
63317
63323
63333
63343
63347
63349
63353
63354
63358
63361
63362
63364
63369
63377
63379
63381
63385
63387
63389
63395
63398
63399
63408
63411
63413
63414
63416
63417
63418
63421
63429
63431
63432
63433
63435
63440
63445
63448
63450
63451
63457
63459
63460
63461
63464
63465
63466
63467
63468
63469
63474
63477
63478
63485
63488
63489
63491
63492
63494
63495
63497
63501
63502
63503
63505
63508
63509
63511
63512
63516
63519
63524
63525
63532
63538
63539
63542
63543
63548
63556
63559
63566
63574
63579
63580
63585
63592
63594
63595
63596
63598
63604
63605
63608
63612
63618
63619
63620
63628
63629
63630
63641
63646
63648
63653
63656
63658
63666
63674
63676
63682
63684
63685
63686
63687
63689
63692
63693
63694
63700
63704
63706
63707
63708
63709
63715
63720
63722
63727
63728
63730
63733
63734
63735
63736
63739
63742
63745
63749
63750
63751
63752
63753
63754
63755
63757
63758
63759
63760
63772
63774
63776
63783
63788
63789
63791
63798
63800
63806
63807
63808
63813
63829
63832
63833
63836
63837
63840
63841
63844
63845
63849
63859
63860
63863
63866
63870
63872
63881
63882
63883
63884
63885
63886
63887
63888
63905
63911
63912
63915
63918
63924
63933
63940
63945
63947
63953
63956
63959
63960
63961
63963
63964
63965
63966
63967
63968
63970
63971
63972
63973
63976
63979
63983
63984
63987
63988
63989
63998
64037
64039
64041
64043
64047
64048
64058
64060
64063
64064
64065
64067
64070
64073
64075
64077
64099
64100
64102
64104
64106
64109
64114
64115
64117
64118
64120
64121
64122
64137
64139
64142
64145
64146
64148
64151
64153
64154
64155
64160
64165
64167
64168
64170
64174
64176
64180
64182
64190
64197
64199
64207
64258
64262
64286
64289
64291
64292
64298
64314
64315
64317
64318
64335
64356
64361
64364
64368
64388
64418
64454
64509